timestamp_sec,mouse_dx_L,mouse_dy_L,mouse_dx_R,mouse_dy_R,mouse_lat_mm,mouse_fwd_mm,mouse_rot_rad,mouse_x,mouse_y,mouse_theta,lidar_x_mm,lidar_y_mm,lidar_theta_rad,lidar_dx_mm,lidar_dy_mm,lidar_dtheta_rad,lidar_valid
0.0000,,,,,,,,,,,0.0000,0.0000,0.0000,0.0000,0.0000,0.0000,1
0.0001,0,0,0,0,0.0000,0.0000,0.0000,0.0000,0.0000,0.0000,,,,,,,
0.0106,0,0,0,0,0.0000,0.0000,0.0000,0.0000,0.0000,0.0000,,,,,,,
0.0207,0,0,0,0,0.0000,0.0000,0.0000,0.0000,0.0000,0.0000,,,,,,,
0.0307,0,0,0,0,0.0000,0.0000,0.0000,0.0000,0.0000,0.0000,,,,,,,
0.0408,0,0,0,0,0.0000,0.0000,0.0000,0.0000,0.0000,0.0000,,,,,,,
0.0509,0,0,0,0,0.0000,0.0000,0.0000,0.0000,0.0000,0.0000,,,,,,,
0.0610,0,0,0,0,0.0000,0.0000,0.0000,0.0000,0.0000,0.0000,,,,,,,
0.0710,0,0,0,-1,0.0000,0.0016,0.0000,-0.0000,0.0016,0.0000,,,,,,,
0.0812,0,-1,0,-1,0.0000,0.0032,-0.0000,-0.0000,0.0047,0.0000,,,,,,,
0.0913,0,-1,0,0,0.0000,0.0016,-0.0000,-0.0000,0.0064,-0.0000,,,,,,,
0.0949,,,,,,,,,,,-0.3095,-0.4022,-0.0002,-0.3095,-0.4022,-0.0002,1
0.1014,0,0,0,-1,0.0000,0.0016,0.0000,-0.0000,0.0079,0.0000,,,,,,,
0.1115,0,-6,0,0,0.0000,0.0098,-0.0001,0.0000,0.0177,-0.0001,,,,,,,
0.1215,-4,-14,-1,-25,-0.0079,0.0616,0.0002,-0.0079,0.0793,0.0001,,,,,,,
0.1316,0,0,-5,-30,-0.0077,0.0466,0.0007,-0.0156,0.1260,0.0008,,,,,,,
0.1417,-5,-7,0,0,-0.0080,0.0114,-0.0002,-0.0236,0.1373,0.0006,,,,,,,
0.1518,0,0,-4,-28,-0.0062,0.0435,0.0006,-0.0298,0.1809,0.0012,,,,,,,
0.1619,3,2,-3,-41,0.0001,0.0605,0.0010,-0.0298,0.2414,0.0022,,,,,,,
0.1719,0,-7,0,0,0.0000,0.0114,-0.0002,-0.0298,0.2528,0.0020,,,,,,,
0.1820,0,0,-6,-42,-0.0093,0.0653,0.0009,-0.0392,0.3180,0.0030,,,,,,,
0.1921,-1,4,0,0,-0.0016,-0.0065,0.0001,-0.0408,0.3115,0.0031,,,,,,,
0.2022,2,7,-4,-45,-0.0030,0.0586,0.0012,-0.0440,0.3701,0.0042,,,,,,,
0.2123,0,0,-8,-46,-0.0123,0.0715,0.0010,-0.0566,0.4415,0.0052,,,,,,,
0.2223,11,13,0,0,0.0175,-0.0211,0.0003,-0.0390,0.4205,0.0055,,,,,,,
0.2307,,,,,,,,,,,0.0544,0.3532,0.0011,0.3638,0.7554,0.0013,1
0.2325,-9,-6,-6,-47,-0.0236,0.0828,0.0009,-0.0631,0.5032,0.0064,,,,,,,
0.2426,0,0,-6,-54,-0.0093,0.0840,0.0012,-0.0729,0.5871,0.0076,,,,,,,
0.2532,-8,-17,0,0,-0.0127,0.0277,-0.0004,-0.0859,0.6146,0.0073,,,,,,,
0.2633,0,0,-8,-61,-0.0123,0.0948,0.0014,-0.0990,0.7094,0.0086,,,,,,,
0.2734,9,-16,-5,-53,0.0066,0.1084,0.0008,-0.0933,0.8179,0.0094,,,,,,,
0.2835,-7,7,0,0,-0.0111,-0.0114,0.0002,-0.1044,0.8064,0.0096,,,,,,,
0.2936,0,0,-8,-58,-0.0123,0.0902,0.0013,-0.1176,0.8964,0.0109,,,,,,,
0.3038,-5,-13,0,0,-0.0080,0.0211,-0.0003,-0.1258,0.9175,0.0106,,,,,,,
0.3139,-2,-1,-9,-66,-0.0171,0.1042,0.0014,-0.1440,1.0215,0.0120,,,,,,,
0.3240,0,0,-4,-64,-0.0062,0.0995,0.0014,-0.1515,1.1209,0.0134,,,,,,,
0.3341,-6,-14,0,0,-0.0095,0.0228,-0.0003,-0.1613,1.1436,0.0131,,,,,,,
0.3442,0,0,-9,-63,-0.0139,0.0979,0.0014,-0.1765,1.2413,0.0145,,,,,,,
0.3543,-3,-34,-8,-75,-0.0171,0.1719,0.0009,-0.1962,1.4130,0.0154,,,,,,,
0.3643,0,0,0,0,0.0000,0.0000,0.0000,-0.1962,1.4130,0.0154,,,,,,,
0.3650,,,,,,,,,,,0.2519,0.8792,0.0009,0.1980,0.5258,-0.0002,1
0.3744,0,0,-7,-67,-0.0108,0.1042,0.0015,-0.2087,1.5170,0.0169,,,,,,,
0.3845,1,-23,-7,-64,-0.0092,0.1369,0.0009,-0.2202,1.6537,0.0177,,,,,,,
0.3946,7,-9,0,0,0.0111,0.0146,-0.0002,-0.2094,1.6685,0.0175,,,,,,,
0.4047,0,0,-10,-83,-0.0154,0.1290,0.0018,-0.2272,1.7973,0.0194,,,,,,,
0.4148,0,17,0,0,0.0000,-0.0277,0.0004,-0.2266,1.7696,0.0198,,,,,,,
0.4248,7,-33,-7,-71,0.0003,0.1641,0.0008,-0.2296,1.9337,0.0206,,,,,,,
0.4349,0,0,-7,-67,-0.0108,0.1042,0.0015,-0.2426,2.0376,0.0221,,,,,,,
0.4450,-5,-25,0,0,-0.0080,0.0407,-0.0006,-0.2515,2.0781,0.0215,,,,,,,
0.4551,0,0,-9,-71,-0.0139,0.1104,0.0016,-0.2678,2.1881,0.0231,,,,,,,
0.4652,-3,-29,-7,-78,-0.0156,0.1684,0.0011,-0.2873,2.3562,0.0241,,,,,,,
0.4753,-5,-23,0,0,-0.0080,0.0374,-0.0005,-0.2962,2.3934,0.0236,,,,,,,
0.4853,0,0,-5,-70,-0.0077,0.1088,0.0016,-0.3065,2.5020,0.0252,,,,,,,
0.4954,-4,-2,0,0,-0.0064,0.0033,-0.0000,-0.3130,2.5051,0.0251,,,,,,,
0.5055,-12,3,-9,-72,-0.0330,0.1071,0.0017,-0.3487,2.6112,0.0268,,,,,,,
0.5156,0,0,-7,-81,-0.0108,0.1259,0.0018,-0.3630,2.7368,0.0286,,,,,,,
0.5158,,,,,,,,,,,0.4986,2.6324,0.0022,0.2484,1.7529,0.0013,1
0.5257,-4,12,0,0,-0.0064,-0.0195,0.0003,-0.3688,2.7171,0.0289,,,,,,,
0.5358,0,0,-8,-77,-0.0123,0.1197,0.0017,-0.3847,2.8364,0.0306,,,,,,,
0.5458,-3,-10,-3,-72,-0.0094,0.1282,0.0014,-0.3981,2.9643,0.0319,,,,,,,
0.5559,14,-6,0,0,0.0223,0.0098,-0.0001,-0.3761,2.9748,0.0318,,,,,,,
0.5660,0,0,-3,-78,-0.0046,0.1213,0.0017,-0.3847,3.0958,0.0335,,,,,,,
0.5761,8,-14,0,0,0.0127,0.0228,-0.0003,-0.3727,3.1190,0.0332,,,,,,,
0.5862,-2,-41,-2,-82,-0.0063,0.1942,0.0009,-0.3855,3.3129,0.0341,,,,,,,
0.5963,0,0,-6,-86,-0.0093,0.1337,0.0019,-0.3995,3.4462,0.0360,,,,,,,
0.6064,2,-53,0,0,0.0032,0.0862,-0.0012,-0.3993,3.5325,0.0347,,,,,,,
0.6165,0,-80,1,-82,0.0015,0.2576,-0.0000,-0.4067,3.7900,0.0347,,,,,,,
0.6265,0,0,-7,-84,-0.0108,0.1306,0.0019,-0.4222,3.9201,0.0366,,,,,,,
0.6366,-2,-87,0,0,-0.0032,0.1415,-0.0020,-0.4304,4.0615,0.0345,,,,,,,
0.6467,0,0,-8,-89,-0.0123,0.1384,0.0020,-0.4476,4.1993,0.0365,,,,,,,
0.6512,,,,,,,,,,,0.7969,4.7119,0.0038,0.3028,2.0789,0.0016,1
0.6568,-3,-83,-10,-84,-0.0202,0.2656,-0.0001,-0.4775,4.4640,0.0365,,,,,,,
0.6669,-14,-37,0,0,-0.0223,0.0602,-0.0009,-0.5019,4.5234,0.0356,,,,,,,
0.6770,0,0,-8,-84,-0.0123,0.1306,0.0019,-0.5190,4.6534,0.0375,,,,,,,
0.6871,-8,-23,0,0,-0.0127,0.0374,-0.0005,-0.5331,4.6904,0.0369,,,,,,,
0.6971,-12,-46,-10,-88,-0.0345,0.2117,0.0009,-0.5755,4.9006,0.0378,,,,,,,
0.7072,0,0,-4,-89,-0.0062,0.1384,0.0020,-0.5870,5.0386,0.0398,,,,,,,
0.7173,-22,-45,0,0,-0.0350,0.0732,-0.0010,-0.6249,5.1104,0.0387,,,,,,,
0.7274,0,0,-8,-89,-0.0123,0.1384,0.0020,-0.6427,5.2482,0.0407,,,,,,,
0.7375,-4,-26,-11,-97,-0.0233,0.1931,0.0016,-0.6740,5.4401,0.0423,,,,,,,
0.7476,-9,10,0,0,-0.0143,-0.0163,0.0002,-0.6876,5.4233,0.0425,,,,,,,
0.7576,0,0,-5,-87,-0.0077,0.1353,0.0019,-0.7012,5.5581,0.0444,,,,,,,
0.7677,-4,6,0,0,-0.0064,-0.0098,0.0001,-0.7071,5.5480,0.0446,,,,,,,
0.7778,-6,-34,0,-91,-0.0095,0.1968,0.0012,-0.7256,5.7442,0.0458,,,,,,,
0.7879,0,0,-10,-97,-0.0154,0.1508,0.0022,-0.7480,5.8941,0.0480,,,,,,,
0.7969,,,,,,,,,,,0.2055,7.2290,0.0038,-0.5818,2.5193,-0.0000,1
0.7980,16,-56,0,0,0.0254,0.0911,-0.0013,-0.7269,5.9863,0.0467,,,,,,,
0.8081,0,0,-11,-91,-0.0170,0.1415,0.0020,-0.7506,6.1268,0.0487,,,,,,,
0.8182,-4,-56,-13,-94,-0.0264,0.2373,0.0008,-0.7886,6.3625,0.0495,,,,,,,
0.8283,-4,-60,0,0,-0.0064,0.0976,-0.0014,-0.7997,6.4597,0.0481,,,,,,,
0.8383,0,0,-7,-96,-0.0108,0.1493,0.0021,-0.8178,6.6082,0.0502,,,,,,,
0.8484,-4,-71,-9,-81,-0.0202,0.2414,0.0001,-0.8502,6.8484,0.0504,,,,,,,
0.8585,-9,-62,0,0,-0.0143,0.1009,-0.0014,-0.8695,6.9484,0.0489,,,,,,,
0.8686,0,0,-11,-87,-0.0170,0.1353,0.0019,-0.8932,7.0826,0.0509,,,,,,,
0.8787,-14,-83,0,0,-0.0223,0.1350,-0.0019,-0.9221,7.2164,0.0489,,,,,,,
0.8888,-3,-78,-9,-97,-0.0186,0.2777,0.0003,-0.9544,7.4928,0.0493,,,,,,,
0.8989,0,0,-8,-78,-0.0123,0.1213,0.0017,-0.9728,7.6133,0.0510,,,,,,,
0.9089,-2,-68,0,0,-0.0032,0.1106,-0.0016,-0.9815,7.7237,0.0494,,,,,,,
0.9190,0,0,-7,-80,-0.0108,0.1244,0.0018,-0.9986,7.8474,0.0512,,,,,,,
0.9291,-4,-75,-6,-95,-0.0156,0.2697,0.0004,-1.0280,8.1159,0.0516,,,,,,,
0.9354,,,,,,,,,,,0.0978,9.6013,0.0057,-0.0987,2.3728,0.0019,1
0.9392,-2,-91,0,0,-0.0032,0.1480,-0.0021,-1.0387,8.2636,0.0494,,,,,,,
0.9493,0,0,-1,-83,-0.0015,0.1290,0.0018,-1.0467,8.3924,0.0513,,,,,,,
0.9594,0,-78,0,0,0.0000,0.1269,-0.0018,-1.0531,8.5191,0.0495,,,,,,,
0.9694,-4,-80,-5,-80,-0.0141,0.2545,-0.0001,-1.0797,8.7727,0.0494,,,,,,,
0.9795,0,0,-6,-88,-0.0093,0.1368,0.0020,-1.0958,8.9088,0.0513,,,,,,,
0.9896,-1,-81,0,0,-0.0016,0.1318,-0.0019,-1.1041,9.0404,0.0495,,,,,,,
0.9997,0,0,-2,-82,-0.0031,0.1275,0.0018,-1.1136,9.1675,0.0513,,,,,,,
1.0098,-3,-74,-6,-83,-0.0140,0.2494,0.0001,-1.1404,9.4159,0.0514,,,,,,,
1.0199,-4,-79,0,0,-0.0064,0.1285,-0.0018,-1.1532,9.5440,0.0496,,,,,,,
1.0300,0,0,-10,-89,-0.0154,0.1384,0.0020,-1.1756,9.6814,0.0516,,,,,,,
1.0401,-4,-75,0,0,-0.0064,0.1220,-0.0017,-1.1881,9.8029,0.0498,,,,,,,
1.0502,-2,-68,-4,-79,-0.0093,0.2335,0.0002,-1.2091,10.0356,0.0500,,,,,,,
1.0603,0,0,-3,-71,-0.0046,0.1104,0.0016,-1.2193,10.1456,0.0516,,,,,,,
1.0703,-3,-78,0,0,-0.0048,0.1269,-0.0018,-1.2305,10.2721,0.0497,,,,,,,
1.0798,,,,,,,,,,,-0.2006,11.7204,0.0064,-0.2864,2.1207,0.0008,1
1.0806,-9,-88,-8,-101,-0.0266,0.3002,0.0002,-1.2721,10.5706,0.0499,,,,,,,
1.0907,0,0,-10,-95,-0.0154,0.1477,0.0021,-1.2950,10.7173,0.0521,,,,,,,
1.1008,-11,-69,0,0,-0.0175,0.1123,-0.0016,-1.3183,10.8285,0.0505,,,,,,,
1.1108,0,0,-7,-91,-0.0108,0.1415,0.0020,-1.3363,10.9693,0.0525,,,,,,,
1.1209,-7,-81,-9,-100,-0.0250,0.2873,0.0003,-1.3764,11.2548,0.0528,,,,,,,
1.1310,-5,-87,0,0,-0.0080,0.1415,-0.0020,-1.3917,11.3958,0.0508,,,,,,,
1.1411,0,0,-7,-90,-0.0108,0.1399,0.0020,-1.4097,11.5349,0.0528,,,,,,,
1.1512,-5,-81,0,0,-0.0080,0.1318,-0.0019,-1.4245,11.6661,0.0509,,,,,,,
1.1612,-10,-86,-12,-93,-0.0344,0.2845,0.0001,-1.4733,11.9485,0.0510,,,,,,,
1.1713,0,0,-8,-99,-0.0123,0.1539,0.0022,-1.4937,12.1016,0.0532,,,,,,,
1.1814,-4,-91,0,0,-0.0064,0.1480,-0.0021,-1.5077,12.2491,0.0511,,,,,,,
1.1915,0,0,-9,-80,-0.0139,0.1244,0.0018,-1.5280,12.3726,0.0528,,,,,,,
1.2015,-4,-74,-3,-90,-0.0110,0.2603,0.0003,-1.5528,12.6319,0.0531,,,,,,,
1.2116,-10,-84,0,0,-0.0159,0.1367,-0.0020,-1.5758,12.7676,0.0512,,,,,,,
1.2153,,,,,,,,,,,-0.1225,15.1667,0.0078,0.1003,3.4457,0.0014,1
1.2217,0,0,-15,-105,-0.0231,0.1632,0.0023,-1.6074,12.9294,0.0535,,,,,,,
1.2318,-13,-86,0,0,-0.0207,0.1399,-0.0020,-1.6354,13.0680,0.0515,,,,,,,
1.2418,-3,-91,-8,-94,-0.0171,0.2942,-0.0000,-1.6676,13.3610,0.0515,,,,,,,
1.2519,0,0,-12,-93,-0.0185,0.1446,0.0021,-1.6937,13.5044,0.0535,,,,,,,
1.2620,-11,-82,0,0,-0.0175,0.1334,-0.0019,-1.7182,13.6367,0.0516,,,,,,,
1.2721,0,0,-10,-97,-0.0154,0.1508,0.0022,-1.7415,13.7865,0.0538,,,,,,,
1.2821,-5,-79,-7,-86,-0.0187,0.2622,0.0001,-1.7743,14.0473,0.0539,,,,,,,
1.2923,-4,-79,0,0,-0.0064,0.1285,-0.0018,-1.7875,14.1753,0.0520,,,,,,,
1.3023,0,0,-11,-93,-0.0170,0.1446,0.0021,-1.8121,14.3188,0.0541,,,,,,,
1.3124,-6,-81,-7,-79,-0.0203,0.2546,-0.0001,-1.8462,14.5719,0.0540,,,,,,,
1.3225,-2,-77,0,0,-0.0032,0.1253,-0.0018,-1.8560,14.6969,0.0522,,,,,,,
1.3326,0,0,-3,-75,-0.0046,0.1166,0.0017,-1.8668,14.8131,0.0538,,,,,,,
1.3426,-6,-75,0,0,-0.0095,0.1220,-0.0017,-1.8828,14.9344,0.0521,,,,,,,
1.3490,,,,,,,,,,,-1.0163,17.8252,0.0079,-0.8731,2.6654,0.0001,1
1.3527,-6,-79,-10,-88,-0.0250,0.2653,0.0001,-1.9215,15.1981,0.0522,,,,,,,
1.3628,0,0,-11,-83,-0.0170,0.1290,0.0018,-1.9453,15.3260,0.0541,,,,,,,
1.3729,-5,-71,0,0,-0.0080,0.1155,-0.0017,-1.9594,15.4410,0.0524,,,,,,,
1.3829,0,0,-9,-84,-0.0139,0.1306,0.0019,-1.9802,15.5706,0.0543,,,,,,,
1.3930,-6,-73,-10,-89,-0.0250,0.2571,0.0003,-2.0191,15.8260,0.0545,,,,,,,
1.4031,-9,-80,0,0,-0.0143,0.1301,-0.0019,-2.0404,15.9552,0.0527,,,,,,,
1.4132,0,0,-3,-84,-0.0046,0.1306,0.0019,-2.0520,16.0854,0.0546,,,,,,,
1.4232,-1,-76,0,0,-0.0016,0.1236,-0.0018,-2.0602,16.2088,0.0528,,,,,,,
1.4334,-1,-76,-2,-83,-0.0047,0.2527,0.0001,-2.0782,16.4609,0.0529,,,,,,,
1.4434,0,0,-4,-89,-0.0062,0.1384,0.0020,-2.0919,16.5987,0.0548,,,,,,,
1.4535,-1,-77,0,0,-0.0016,0.1253,-0.0018,-2.1002,16.7237,0.0531,,,,,,,
1.4636,0,0,-1,-75,-0.0015,0.1166,0.0017,-2.1080,16.8400,0.0547,,,,,,,
1.4737,-1,-76,-4,-84,-0.0078,0.2542,0.0001,-2.1297,17.0935,0.0548,,,,,,,
1.4837,-5,-73,0,0,-0.0080,0.1188,-0.0017,-2.1440,17.2116,0.0531,,,,,,,
1.4938,0,0,-13,-93,-0.0200,0.1446,0.0021,-2.1719,17.3549,0.0552,,,,,,,
1.4957,,,,,,,,,,,-1.7035,20.0581,0.0080,-0.6696,2.2383,0.0001,1
1.5039,-7,-73,0,0,-0.0111,0.1188,-0.0017,-2.1894,17.4729,0.0535,,,,,,,
1.5140,-4,-76,-3,-90,-0.0110,0.2636,0.0002,-2.2145,17.7355,0.0537,,,,,,,
1.5240,0,0,-10,-95,-0.0154,0.1477,0.0021,-2.2380,17.8822,0.0558,,,,,,,
1.5341,-12,-81,0,0,-0.0191,0.1318,-0.0019,-2.2643,18.0127,0.0539,,,,,,,
1.5442,0,0,-11,-91,-0.0170,0.1415,0.0020,-2.2890,18.1530,0.0560,,,,,,,
1.5543,-6,-78,-9,-91,-0.0234,0.2684,0.0002,-2.3274,18.4197,0.0562,,,,,,,
1.5643,-7,-76,0,0,-0.0111,0.1236,-0.0018,-2.3454,18.5425,0.0544,,,,,,,
1.5744,0,0,-10,-98,-0.0154,0.1524,0.0022,-2.3692,18.6938,0.0566,,,,,,,
1.5846,-11,-83,-10,-100,-0.0329,0.2905,0.0003,-2.4186,18.9819,0.0569,,,,,,,
1.5947,-8,-82,0,0,-0.0127,0.1334,-0.0019,-2.4387,19.1144,0.0550,,,,,,,
1.6048,0,0,-8,-86,-0.0123,0.1337,0.0019,-2.4585,19.2472,0.0569,,,,,,,
1.6148,-5,-78,0,0,-0.0080,0.1269,-0.0018,-2.4735,19.3735,0.0551,,,,,,,
1.6249,-10,-78,-7,-88,-0.0267,0.2637,0.0001,-2.5147,19.6353,0.0552,,,,,,,
1.6316,,,,,,,,,,,-0.9504,22.3840,0.0095,0.7718,2.3198,0.0015,1
1.6350,0,0,-12,-103,-0.0185,0.1601,0.0023,-2.5422,19.7942,0.0575,,,,,,,
1.6451,-10,-81,0,0,-0.0159,0.1318,-0.0019,-2.5656,19.9248,0.0556,,,,,,,
1.6552,0,0,-9,-94,-0.0139,0.1461,0.0021,-2.5877,20.0700,0.0577,,,,,,,
1.6652,-5,-79,0,0,-0.0080,0.1285,-0.0018,-2.6029,20.1978,0.0559,,,,,,,
1.6753,-7,-82,0,0,-0.0111,0.1334,-0.0019,-2.6214,20.3304,0.0540,,,,,,,
1.6854,0,0,-10,-91,-0.0154,0.1415,0.0020,-2.6445,20.4708,0.0560,,,,,,,
1.6955,-10,-83,0,0,-0.0159,0.1350,-0.0019,-2.6678,20.6048,0.0541,,,,,,,
1.7055,-4,-81,-10,-97,-0.0218,0.2826,0.0003,-2.7049,20.8858,0.0543,,,,,,,
1.7156,0,0,-18,-182,-0.0278,0.2830,0.0040,-2.7485,21.1667,0.0584,,,,,,,
1.7257,-11,-79,0,0,-0.0175,0.1285,-0.0018,-2.7734,21.2940,0.0565,,,,,,,
1.7358,0,0,-9,-96,-0.0139,0.1493,0.0021,-2.7958,21.4423,0.0587,,,,,,,
1.7458,-6,-67,-4,-77,-0.0157,0.2287,0.0002,-2.8250,21.6697,0.0588,,,,,,,
1.7559,-6,-69,0,0,-0.0095,0.1123,-0.0016,-2.8410,21.7812,0.0572,,,,,,,
1.7660,0,0,-6,-83,-0.0093,0.1290,0.0018,-2.8577,21.9095,0.0591,,,,,,,
1.7761,-7,-82,0,0,-0.0111,0.1334,-0.0019,-2.8766,22.0420,0.0572,,,,,,,
1.7799,,,,,,,,,,,-1.7635,24.9996,0.0110,-0.7882,2.6232,0.0015,1
1.7861,-3,-82,-9,-98,-0.0186,0.2858,0.0003,-2.9116,22.3262,0.0574,,,,,,,
1.7963,0,0,-3,-89,-0.0046,0.1384,0.0020,-2.9243,22.4641,0.0594,,,,,,,
1.8063,0,-81,0,0,0.0000,0.1318,-0.0019,-2.9320,22.5956,0.0575,,,,,,,
1.8164,0,0,-8,-90,-0.0123,0.1399,0.0020,-2.9525,22.7346,0.0595,,,,,,,
1.8265,-1,-71,-7,-92,-0.0124,0.2585,0.0004,-2.9803,22.9919,0.0599,,,,,,,
1.8366,-1,-79,0,0,-0.0016,0.1285,-0.0018,-2.9894,23.1201,0.0581,,,,,,,
1.8466,0,0,-4,-77,-0.0062,0.1197,0.0017,-3.0026,23.2393,0.0598,,,,,,,
1.8567,-2,-70,-7,-83,-0.0140,0.2429,0.0002,-3.0311,23.4809,0.0600,,,,,,,
1.8668,-6,-75,0,0,-0.0095,0.1220,-0.0017,-3.0479,23.6022,0.0583,,,,,,,
1.8769,0,0,-9,-90,-0.0139,0.1399,0.0020,-3.0700,23.7410,0.0603,,,,,,,
1.8869,-8,-74,0,0,-0.0127,0.1204,-0.0017,-3.0898,23.8605,0.0585,,,,,,,
1.8970,-4,-70,-8,-77,-0.0187,0.2336,0.0001,-3.1222,24.0926,0.0586,,,,,,,
1.9071,0,0,-9,-87,-0.0139,0.1353,0.0019,-3.1441,24.2268,0.0606,,,,,,,
1.9146,,,,,,,,,,,-1.4336,27.1082,0.0124,0.3530,2.1049,0.0015,1
1.9172,-1,-84,0,0,-0.0016,0.1367,-0.0020,-3.1538,24.3631,0.0586,,,,,,,
1.9273,0,0,-10,-104,-0.0154,0.1617,0.0023,-3.1789,24.5236,0.0609,,,,,,,
1.9373,-5,-86,-6,-86,-0.0172,0.2736,-0.0001,-3.2127,24.7956,0.0608,,,,,,,
1.9474,-2,-82,0,0,-0.0032,0.1334,-0.0019,-3.2238,24.9286,0.0589,,,,,,,
1.9575,0,0,-13,-94,-0.0200,0.1461,0.0021,-3.2526,25.0733,0.0610,,,,,,,
1.9676,-8,-79,0,0,-0.0127,0.1285,-0.0018,-3.2730,25.2008,0.0592,,,,,,,
1.9776,-5,-66,-9,-102,-0.0218,0.2660,0.0007,-3.3106,25.4650,0.0599,,,,,,,
1.9877,0,0,-10,-89,-0.0154,0.1384,0.0020,-3.3345,25.6022,0.0619,,,,,,,
1.9978,-7,-68,0,0,-0.0111,0.1106,-0.0016,-3.3523,25.7119,0.0603,,,,,,,
2.0079,0,0,-13,-98,-0.0200,0.1524,0.0022,-3.3817,25.8628,0.0625,,,,,,,
2.0180,-10,-91,-11,-97,-0.0329,0.2989,0.0000,-3.4331,26.1590,0.0625,,,,,,,
2.0281,-8,-79,0,0,-0.0127,0.1285,-0.0018,-3.4538,26.2865,0.0607,,,,,,,
2.0382,0,0,-8,-83,-0.0123,0.1290,0.0018,-3.4740,26.4145,0.0625,,,,,,,
2.0482,-7,-71,0,0,-0.0111,0.1155,-0.0017,-3.4922,26.5291,0.0609,,,,,,,
2.0583,0,0,-12,-94,-0.0185,0.1461,0.0021,-3.5198,26.6738,0.0630,,,,,,,
2.0635,,,,,,,,,,,-1.7821,29.3702,0.0145,-0.3203,2.2661,0.0021,1
2.0684,-9,-85,-16,-103,-0.0390,0.2984,0.0003,-3.5775,26.9692,0.0633,,,,,,,
2.0785,-7,-86,0,0,-0.0111,0.1399,-0.0020,-3.5973,27.1082,0.0613,,,,,,,
2.0886,-7,-78,-8,-93,-0.0235,0.2715,0.0003,-3.6374,27.3777,0.0615,,,,,,,
2.0987,0,0,-11,-94,-0.0170,0.1461,0.0021,-3.6635,27.5225,0.0636,,,,,,,
2.1087,-9,-79,0,0,-0.0143,0.1285,-0.0018,-3.6858,27.6499,0.0618,,,,,,,
2.1188,0,0,-10,-94,-0.0154,0.1461,0.0021,-3.7104,27.7948,0.0639,,,,,,,
2.1289,-8,-87,-6,-91,-0.0220,0.2830,-0.0000,-3.7503,28.0758,0.0639,,,,,,,
2.1390,-9,-79,0,0,-0.0143,0.1285,-0.0018,-3.7727,28.2032,0.0620,,,,,,,
2.1490,0,0,-9,-90,-0.0139,0.1399,0.0020,-3.7954,28.3419,0.0640,,,,,,,
2.1591,-8,-78,0,0,-0.0127,0.1269,-0.0018,-3.8161,28.4678,0.0622,,,,,,,
2.1692,-5,-74,-11,-88,-0.0249,0.2572,0.0002,-3.8570,28.7229,0.0625,,,,,,,
2.1793,0,0,-7,-81,-0.0108,0.1259,0.0018,-3.8757,28.8479,0.0642,,,,,,,
2.1893,-7,-73,0,0,-0.0111,0.1188,-0.0017,-3.8943,28.9658,0.0626,,,,,,,
2.1986,,,,,,,,,,,-0.6110,31.6054,0.0174,1.2034,2.2179,0.0029,1
2.1994,0,0,-10,-94,-0.0154,0.1461,0.0021,-3.9190,29.1106,0.0646,,,,,,,
2.2095,-10,-81,-7,-92,-0.0267,0.2748,0.0002,-3.9634,29.3831,0.0648,,,,,,,
2.2196,-5,-78,0,0,-0.0080,0.1269,-0.0018,-3.9795,29.5093,0.0630,,,,,,,
2.2296,0,0,-9,-87,-0.0139,0.1353,0.0019,-4.0020,29.6434,0.0649,,,,,,,
2.2397,-5,-82,0,0,-0.0080,0.1334,-0.0019,-4.0184,29.7760,0.0630,,,,,,,
2.2498,-3,-79,-6,-89,-0.0140,0.2669,0.0001,-4.0493,30.0415,0.0632,,,,,,,
2.2599,0,0,-5,-86,-0.0077,0.1337,0.0019,-4.0655,30.1744,0.0651,,,,,,,
2.2700,1,-66,0,0,0.0016,0.1074,-0.0015,-4.0708,30.2817,0.0635,,,,,,,
2.2801,0,0,-2,-83,-0.0031,0.1290,0.0018,-4.0822,30.4102,0.0654,,,,,,,
2.2901,0,-76,-8,-90,-0.0123,0.2636,0.0002,-4.1118,30.6724,0.0656,,,,,,,
2.3002,-4,-76,0,0,-0.0064,0.1236,-0.0018,-4.1261,30.7954,0.0638,,,,,,,
2.3103,0,0,-2,-84,-0.0031,0.1306,0.0019,-4.1377,30.9255,0.0657,,,,,,,
2.3204,1,-74,0,0,0.0016,0.1204,-0.0017,-4.1439,31.0458,0.0640,,,,,,,
2.3304,-6,-83,-4,-91,-0.0157,0.2765,0.0001,-4.1772,31.3207,0.0641,,,,,,,
2.3315,,,,,,,,,,,-2.1561,33.7595,0.0169,-1.5073,2.1808,-0.0006,1
2.3405,0,0,-14,-98,-0.0216,0.1524,0.0022,-4.2087,31.4713,0.0663,,,,,,,
2.3506,-11,-74,0,0,-0.0175,0.1204,-0.0017,-4.2340,31.5903,0.0645,,,,,,,
2.3607,-11,-78,-14,-89,-0.0391,0.2653,0.0002,-4.2902,31.8525,0.0647,,,,,,,
2.3707,0,0,-16,-93,-0.0247,0.1446,0.0021,-4.3243,31.9952,0.0668,,,,,,,
2.3808,-17,-74,0,0,-0.0270,0.1204,-0.0017,-4.3592,32.1135,0.0650,,,,,,,
2.3909,0,0,-18,-91,-0.0278,0.1415,0.0020,-4.3962,32.2529,0.0671,,,,,,,
2.4010,-12,-73,-13,-101,-0.0391,0.2758,0.0005,-4.4538,32.5254,0.0676,,,,,,,
2.4110,-8,-83,0,0,-0.0127,0.1350,-0.0019,-4.4755,32.6593,0.0657,,,,,,,
2.4211,0,0,-11,-94,-0.0170,0.1461,0.0021,-4.5022,32.8040,0.0678,,,,,,,
2.4312,-11,-83,0,0,-0.0175,0.1350,-0.0019,-4.5286,32.9375,0.0658,,,,,,,
2.4413,-4,-76,-11,-98,-0.0233,0.2760,0.0004,-4.5701,33.2114,0.0663,,,,,,,
2.4513,0,0,-2,-80,-0.0031,0.1244,0.0018,-4.5816,33.3353,0.0680,,,,,,,
2.4614,-3,-77,0,0,-0.0048,0.1253,-0.0018,-4.5947,33.4600,0.0662,,,,,,,
2.4715,0,0,-12,-101,-0.0185,0.1570,0.0022,-4.6238,33.6154,0.0685,,,,,,,
2.4792,,,,,,,,,,,-1.6933,36.2944,0.0188,0.5055,2.5267,0.0019,1
2.4815,-12,-80,-12,-100,-0.0376,0.2856,0.0004,-4.6808,33.8978,0.0688,,,,,,,
2.4916,-7,-81,0,0,-0.0111,0.1318,-0.0019,-4.7009,34.0285,0.0670,,,,,,,
2.5017,0,0,-10,-88,-0.0154,0.1368,0.0020,-4.7256,34.1639,0.0689,,,,,,,
2.5118,-9,-74,0,0,-0.0143,0.1204,-0.0017,-4.7480,34.2831,0.0672,,,,,,,
2.5219,-8,-77,-15,-93,-0.0359,0.2699,0.0003,-4.8020,34.5499,0.0675,,,,,,,
2.5319,0,0,-15,-94,-0.0231,0.1461,0.0021,-4.8350,34.6941,0.0696,,,,,,,
2.5420,-9,-73,0,0,-0.0143,0.1188,-0.0017,-4.8575,34.8116,0.0679,,,,,,,
2.5521,0,0,-10,-95,-0.0154,0.1477,0.0021,-4.8830,34.9579,0.0700,,,,,,,
2.5622,-5,-83,-7,-95,-0.0187,0.2827,0.0002,-4.9215,35.2386,0.0702,,,,,,,
2.5722,-5,-81,0,0,-0.0080,0.1318,-0.0019,-4.9386,35.3695,0.0683,,,,,,,
2.5823,0,0,-5,-85,-0.0077,0.1322,0.0019,-4.9554,35.5008,0.0702,,,,,,,
2.5924,-3,-66,0,0,-0.0048,0.1074,-0.0015,-4.9676,35.6076,0.0686,,,,,,,
2.6025,-9,-79,-8,-80,-0.0266,0.2529,-0.0001,-5.0115,35.8581,0.0686,,,,,,,
2.6126,0,0,-11,-97,-0.0170,0.1508,0.0022,-5.0390,36.0074,0.0707,,,,,,,
2.6151,,,,,,,,,,,-2.0165,38.8885,0.0208,-0.2745,2.5997,0.0021,1
2.6226,-4,-82,0,0,-0.0064,0.1334,-0.0019,-5.0546,36.1400,0.0688,,,,,,,
2.6327,-4,-83,-4,-94,-0.0125,0.2812,0.0002,-5.0865,36.4197,0.0690,,,,,,,
2.6428,0,0,-9,-89,-0.0139,0.1384,0.0020,-5.1100,36.5567,0.0710,,,,,,,
2.6529,-9,-75,0,0,-0.0143,0.1220,-0.0017,-5.1328,36.6774,0.0692,,,,,,,
2.6629,0,0,-7,-91,-0.0108,0.1415,0.0020,-5.1535,36.8178,0.0712,,,,,,,
2.6730,-5,-76,-8,-89,-0.0203,0.2620,0.0002,-5.1924,37.0777,0.0714,,,,,,,
2.6831,-3,-78,0,0,-0.0048,0.1269,-0.0018,-5.2061,37.2040,0.0696,,,,,,,
2.6932,0,0,-11,-93,-0.0170,0.1446,0.0021,-5.2332,37.3470,0.0717,,,,,,,
2.7033,-9,-76,0,0,-0.0143,0.1236,-0.0018,-5.2563,37.4693,0.0699,,,,,,,
2.7134,-4,-72,-9,-88,-0.0202,0.2540,0.0003,-5.2942,37.7212,0.0702,,,,,,,
2.7234,0,0,-7,-82,-0.0108,0.1275,0.0018,-5.3141,37.8476,0.0720,,,,,,,
2.7335,-7,-71,0,0,-0.0111,0.1155,-0.0017,-5.3334,37.9620,0.0704,,,,,,,
2.7436,0,0,-12,-96,-0.0185,0.1493,0.0021,-5.3625,38.1096,0.0725,,,,,,,
2.7536,-11,-84,-11,-96,-0.0345,0.2859,0.0002,-5.4176,38.3923,0.0727,,,,,,,
2.7621,,,,,,,,,,,-2.3506,42.0066,0.0209,-0.2691,3.1244,0.0000,1
2.7637,-5,-81,0,0,-0.0080,0.1318,-0.0019,-5.4350,38.5231,0.0708,,,,,,,
2.7738,0,0,-9,-90,-0.0139,0.1399,0.0020,-5.4589,38.6617,0.0728,,,,,,,
2.7839,-9,-79,0,0,-0.0143,0.1285,-0.0018,-5.4824,38.7889,0.0710,,,,,,,
2.7939,-9,-84,-12,-105,-0.0328,0.2999,0.0004,-5.5364,39.0857,0.0714,,,,,,,
2.8040,0,0,-12,-103,-0.0185,0.1601,0.0023,-5.5665,39.2441,0.0736,,,,,,,
2.8141,-7,-81,0,0,-0.0111,0.1318,-0.0019,-5.5871,39.3747,0.0718,,,,,,,
2.8242,0,0,-12,-87,-0.0185,0.1353,0.0019,-5.6154,39.5082,0.0737,,,,,,,
2.8342,-19,-75,-21,-104,-0.0626,0.2837,0.0006,-5.6988,39.7865,0.0743,,,,,,,
2.8443,-16,-83,0,0,-0.0254,0.1350,-0.0019,-5.7341,39.9193,0.0723,,,,,,,
2.8544,0,0,-11,-98,-0.0170,0.1524,0.0022,-5.7622,40.0701,0.0745,,,,,,,
2.8645,-5,-72,0,0,-0.0080,0.1171,-0.0017,-5.7787,40.1863,0.0728,,,,,,,
2.8746,-17,-81,-13,-91,-0.0471,0.2733,0.0001,-5.8456,40.4554,0.0730,,,,,,,
2.8846,0,0,-19,-101,-0.0293,0.1570,0.0022,-5.8864,40.6098,0.0752,,,,,,,
2.8947,-13,-76,0,0,-0.0207,0.1236,-0.0018,-5.9162,40.7316,0.0734,,,,,,,
2.8959,,,,,,,,,,,-4.2328,45.2902,0.0212,-1.8134,3.3221,0.0004,1
2.9048,-10,-76,-20,-98,-0.0467,0.2760,0.0004,-5.9832,41.0034,0.0739,,,,,,,
2.9149,0,0,-13,-95,-0.0200,0.1477,0.0021,-6.0142,41.1492,0.0760,,,,,,,
2.9250,-14,-80,0,0,-0.0223,0.1301,-0.0019,-6.0462,41.2773,0.0741,,,,,,,
2.9351,0,0,-15,-111,-0.0231,0.1726,0.0025,-6.0822,41.4476,0.0766,,,,,,,
2.9451,-14,-89,-11,-87,-0.0392,0.2801,-0.0001,-6.1427,41.7239,0.0764,,,,,,,
2.9552,-9,-70,0,0,-0.0143,0.1139,-0.0016,-6.1656,41.8364,0.0748,,,,,,,
2.9653,0,0,-13,-101,-0.0200,0.1570,0.0022,-6.1975,41.9914,0.0771,,,,,,,
2.9754,-9,-88,0,0,-0.0143,0.1432,-0.0020,-6.2227,42.1331,0.0750,,,,,,,
2.9855,-9,-83,-12,-108,-0.0328,0.3029,0.0005,-6.2782,42.4327,0.0755,,,,,,,
2.9956,0,0,-8,-83,-0.0123,0.1290,0.0018,-6.3003,42.5604,0.0773,,,,,,,
3.0056,-7,-62,0,0,-0.0111,0.1009,-0.0014,-6.3191,42.6601,0.0759,,,,,,,
3.0158,0,0,-11,-95,-0.0170,0.1477,0.0021,-6.3474,42.8061,0.0780,,,,,,,
3.0259,-12,-83,-9,-98,-0.0330,0.2874,0.0002,-6.4027,43.0900,0.0782,,,,,,,
3.0358,,,,,,,,,,,-4.5502,47.9002,0.0247,-0.2619,2.6162,0.0034,1
3.0360,-4,-78,0,0,-0.0064,0.1269,-0.0018,-6.4188,43.2161,0.0764,,,,,,,
3.0460,0,0,-11,-86,-0.0170,0.1337,0.0019,-6.4461,43.3481,0.0783,,,,,,,
3.0561,-8,-72,0,0,-0.0127,0.1171,-0.0017,-6.4678,43.4639,0.0767,,,,,,,
3.0662,-10,-78,-12,-91,-0.0344,0.2684,0.0002,-6.5227,43.7288,0.0769,,,,,,,
3.0763,0,0,-10,-93,-0.0154,0.1446,0.0021,-6.5493,43.8718,0.0789,,,,,,,
3.0864,-4,-80,0,0,-0.0064,0.1301,-0.0019,-6.5658,44.0010,0.0771,,,,,,,
3.0965,0,0,-14,-96,-0.0216,0.1493,0.0021,-6.5990,44.1481,0.0792,,,,,,,
3.1065,-10,-82,-4,-94,-0.0221,0.2795,0.0002,-6.6432,44.4251,0.0794,,,,,,,
3.1166,-4,-81,0,0,-0.0064,0.1318,-0.0019,-6.6598,44.5559,0.0775,,,,,,,
3.1267,0,0,-10,-95,-0.0154,0.1477,0.0021,-6.6868,44.7020,0.0796,,,,,,,
3.1367,-7,-81,-11,-100,-0.0281,0.2873,0.0003,-6.7377,44.9861,0.0800,,,,,,,
3.1468,-6,-87,0,0,-0.0095,0.1415,-0.0020,-6.7584,45.1264,0.0779,,,,,,,
3.1569,0,0,-10,-91,-0.0154,0.1415,0.0020,-6.7849,45.2662,0.0800,,,,,,,
3.1670,-9,-77,0,0,-0.0143,0.1253,-0.0018,-6.8091,45.3900,0.0782,,,,,,,
3.1771,-9,-80,-13,-95,-0.0344,0.2779,0.0003,-6.8650,45.6643,0.0784,,,,,,,
3.1794,,,,,,,,,,,-3.7689,50.1857,0.0259,0.8374,2.2655,0.0013,1
3.1872,0,0,-14,-98,-0.0216,0.1524,0.0022,-6.8987,45.8145,0.0806,,,,,,,
3.1972,-8,-86,0,0,-0.0127,0.1399,-0.0020,-6.9225,45.9529,0.0786,,,,,,,
3.2073,0,0,-7,-107,-0.0108,0.1664,0.0024,-6.9465,46.1179,0.0810,,,,,,,
3.2174,-7,-82,-9,-89,-0.0250,0.2718,0.0001,-6.9934,46.3867,0.0810,,,,,,,
3.2275,-9,-79,0,0,-0.0143,0.1285,-0.0018,-7.0180,46.5137,0.0792,,,,,,,
3.2376,0,0,-16,-105,-0.0247,0.1632,0.0023,-7.0557,46.6745,0.0815,,,,,,,
3.2477,-11,-84,0,0,-0.0175,0.1367,-0.0020,-7.0841,46.8093,0.0796,,,,,,,
3.2578,-9,-86,-9,-93,-0.0282,0.2845,0.0001,-7.1348,47.0906,0.0797,,,,,,,
3.2678,0,0,-12,-103,-0.0185,0.1601,0.0023,-7.1662,47.2487,0.0819,,,,,,,
3.2779,-8,-80,0,0,-0.0127,0.1301,-0.0019,-7.1894,47.3774,0.0801,,,,,,,
3.2880,0,0,-12,-99,-0.0185,0.1539,0.0022,-7.2203,47.5293,0.0823,,,,,,,
3.2981,-13,-83,-9,-96,-0.0346,0.2843,0.0002,-7.2782,47.8098,0.0825,,,,,,,
3.3082,-8,-77,0,0,-0.0127,0.1253,-0.0018,-7.3011,47.9336,0.0807,,,,,,,
3.3157,,,,,,,,,,,-5.2140,51.8406,0.0270,-1.4017,1.6918,0.0011,1
3.3182,0,0,-9,-98,-0.0139,0.1524,0.0022,-7.3273,48.0844,0.0829,,,,,,,
3.3283,-9,-83,0,0,-0.0143,0.1350,-0.0019,-7.3526,48.2178,0.0809,,,,,,,
3.3384,-13,-87,-14,-104,-0.0423,0.3032,0.0003,-7.4193,48.5166,0.0812,,,,,,,
3.3485,0,0,-13,-94,-0.0200,0.1461,0.0021,-7.4513,48.6606,0.0833,,,,,,,
3.3586,-8,-76,0,0,-0.0127,0.1236,-0.0018,-7.4742,48.7828,0.0816,,,,,,,
3.3687,-8,-83,-10,-96,-0.0281,0.2843,0.0002,-7.5254,49.0638,0.0818,,,,,,,
3.3788,0,0,-11,-96,-0.0170,0.1493,0.0021,-7.5547,49.2111,0.0839,,,,,,,
3.3889,-11,-81,0,0,-0.0175,0.1318,-0.0019,-7.5830,49.3410,0.0820,,,,,,,
3.3990,0,0,-13,-85,-0.0200,0.1322,0.0019,-7.6140,49.4711,0.0839,,,,,,,
3.4091,-7,-65,-13,-90,-0.0312,0.2457,0.0005,-7.6657,49.7132,0.0844,,,,,,,
3.4192,-17,-65,0,0,-0.0270,0.1057,-0.0015,-7.7014,49.8164,0.0829,,,,,,,
3.4292,0,0,-10,-94,-0.0154,0.1461,0.0021,-7.7291,49.9607,0.0850,,,,,,,
3.4393,-5,-79,0,0,-0.0080,0.1285,-0.0018,-7.7478,50.0881,0.0831,,,,,,,
3.4494,-6,-76,-7,-88,-0.0203,0.2605,0.0002,-7.7897,50.3460,0.0833,,,,,,,
3.4595,0,0,-8,-89,-0.0123,0.1384,0.0020,-7.8136,50.4828,0.0853,,,,,,,
3.4630,,,,,,,,,,,-6.2174,54.7296,0.0285,-0.9249,2.9150,0.0015,1
3.4696,-6,-79,0,0,-0.0095,0.1285,-0.0018,-7.8340,50.6101,0.0835,,,,,,,
3.4796,0,0,-8,-91,-0.0123,0.1415,0.0020,-7.8582,50.7500,0.0855,,,,,,,
3.4897,-5,-79,-11,-87,-0.0249,0.2638,0.0001,-7.9056,51.0107,0.0856,,,,,,,
3.4998,-7,-74,0,0,-0.0111,0.1204,-0.0017,-7.9268,51.1297,0.0839,,,,,,,
3.5099,0,0,-5,-87,-0.0077,0.1353,0.0019,-7.9460,51.2638,0.0858,,,,,,,
3.5200,-5,-81,0,0,-0.0080,0.1318,-0.0019,-7.9651,51.3945,0.0839,,,,,,,
3.5301,-3,-74,-10,-91,-0.0202,0.2619,0.0003,-8.0072,51.6537,0.0842,,,,,,,
3.5401,0,0,-7,-97,-0.0108,0.1508,0.0022,-8.0308,51.8031,0.0864,,,,,,,
3.5502,-10,-80,0,0,-0.0159,0.1301,-0.0019,-8.0577,51.9314,0.0845,,,,,,,
3.5603,0,0,-12,-88,-0.0185,0.1368,0.0020,-8.0878,52.0661,0.0865,,,,,,,
3.5704,-10,-76,-9,-88,-0.0298,0.2605,0.0002,-8.1400,52.3230,0.0866,,,,,,,
3.5805,-6,-77,0,0,-0.0095,0.1253,-0.0018,-8.1603,52.4470,0.0849,,,,,,,
3.5905,0,0,-12,-105,-0.0185,0.1632,0.0023,-8.1927,52.6081,0.0872,,,,,,,
3.5995,,,,,,,,,,,-4.9817,57.0633,0.0319,1.3017,2.2975,0.0034,1
3.6006,-10,-79,0,0,-0.0159,0.1285,-0.0018,-8.2196,52.7347,0.0853,,,,,,,
3.6107,-10,-80,-11,-99,-0.0329,0.2841,0.0003,-8.2766,53.0150,0.0857,,,,,,,
3.6208,0,0,-12,-94,-0.0185,0.1461,0.0021,-8.3077,53.1590,0.0878,,,,,,,
3.6309,-8,-80,0,0,-0.0127,0.1301,-0.0019,-8.3317,53.2875,0.0859,,,,,,,
3.6410,-14,-96,-11,-101,-0.0392,0.3132,0.0000,-8.3977,53.5962,0.0859,,,,,,,
3.6510,0,0,-11,-110,-0.0170,0.1710,0.0024,-8.4294,53.7651,0.0884,,,,,,,
3.6611,-4,-84,0,0,-0.0064,0.1367,-0.0020,-8.4477,53.9007,0.0864,,,,,,,
3.6712,0,0,-7,-86,-0.0108,0.1337,0.0019,-8.4701,54.0329,0.0883,,,,,,,
3.6813,-11,-81,-16,-100,-0.0422,0.2873,0.0003,-8.5375,54.3153,0.0887,,,,,,,
3.6914,-12,-80,0,0,-0.0191,0.1301,-0.0019,-8.5679,54.4433,0.0868,,,,,,,
3.7015,0,0,-13,-99,-0.0200,0.1539,0.0022,-8.6014,54.5949,0.0890,,,,,,,
3.7115,-9,-86,0,0,-0.0143,0.1399,-0.0020,-8.6280,54.7330,0.0870,,,,,,,
3.7216,-14,-78,-15,-98,-0.0454,0.2793,0.0004,-8.6975,55.0072,0.0874,,,,,,,
3.7317,0,0,-13,-108,-0.0200,0.1679,0.0024,-8.7323,55.1727,0.0898,,,,,,,
3.7418,-12,-80,0,0,-0.0191,0.1301,-0.0019,-8.7629,55.3007,0.0879,,,,,,,
3.7438,,,,,,,,,,,-6.2169,59.2821,0.0325,-1.1637,2.2572,0.0005,1
3.7519,0,0,-14,-102,-0.0216,0.1586,0.0023,-8.7985,55.4567,0.0902,,,,,,,
3.7619,-7,-92,-8,-99,-0.0235,0.3036,0.0001,-8.8492,55.7569,0.0902,,,,,,,
3.7721,-7,-88,0,0,-0.0111,0.1432,-0.0020,-8.8731,55.8985,0.0882,,,,,,,
3.7822,0,0,-11,-105,-0.0170,0.1632,0.0023,-8.9045,56.0596,0.0905,,,,,,,
3.7923,-8,-89,0,0,-0.0127,0.1448,-0.0021,-8.9301,56.2027,0.0885,,,,,,,
3.8023,-2,-80,-9,-94,-0.0171,0.2763,0.0002,-8.9716,56.4764,0.0887,,,,,,,
3.8124,0,0,-3,-85,-0.0046,0.1322,0.0019,-8.9880,56.6076,0.0906,,,,,,,
3.8225,-4,-81,0,0,-0.0064,0.1318,-0.0019,-9.0061,56.7383,0.0887,,,,,,,
3.8326,0,0,-14,-94,-0.0216,0.1461,0.0021,-9.0407,56.8819,0.0908,,,,,,,
3.8427,-13,-76,-8,-97,-0.0330,0.2745,0.0004,-9.0985,57.1522,0.0912,,,,,,,
3.8527,-8,-78,0,0,-0.0127,0.1269,-0.0018,-9.1226,57.2775,0.0894,,,,,,,
3.8628,0,0,-10,-87,-0.0154,0.1353,0.0019,-9.1502,57.4108,0.0913,,,,,,,
3.8729,-9,-77,-10,-87,-0.0297,0.2605,0.0001,-9.2036,57.6675,0.0914,,,,,,,
3.8810,,,,,,,,,,,-5.9836,62.3654,0.0349,0.3332,3.0741,0.0024,1
3.8830,-7,-78,0,0,-0.0111,0.1269,-0.0018,-9.2261,57.7929,0.0896,,,,,,,
3.8931,0,0,-12,-87,-0.0185,0.1353,0.0019,-9.2568,57.9259,0.0915,,,,,,,
3.9032,-9,-74,0,0,-0.0143,0.1204,-0.0017,-9.2820,58.0445,0.0898,,,,,,,
3.9132,-7,-81,-12,-99,-0.0296,0.2857,0.0003,-9.3371,58.3264,0.0901,,,,,,,
3.9233,0,0,-8,-90,-0.0123,0.1399,0.0020,-9.3622,58.4646,0.0921,,,,,,,
3.9334,-3,-74,0,0,-0.0048,0.1204,-0.0017,-9.3779,58.5841,0.0904,,,,,,,
3.9435,0,0,-6,-85,-0.0093,0.1322,0.0019,-9.3992,58.7148,0.0923,,,,,,,
3.9536,-2,-84,-4,-94,-0.0093,0.2828,0.0001,-9.4346,58.9956,0.0924,,,,,,,
3.9636,-2,-95,0,0,-0.0032,0.1546,-0.0022,-9.4518,59.1492,0.0902,,,,,,,
3.9737,0,0,-6,-102,-0.0093,0.1586,0.0023,-9.4755,59.3063,0.0925,,,,,,,
3.9838,-5,-90,0,0,-0.0080,0.1464,-0.0021,-9.4968,59.4513,0.0904,,,,,,,
3.9939,-11,-81,-12,-93,-0.0360,0.2764,0.0002,-9.5576,59.7233,0.0906,,,,,,,
4.0040,0,0,-15,-100,-0.0231,0.1555,0.0022,-9.5949,59.8760,0.0928,,,,,,,
4.0141,-11,-82,0,0,-0.0175,0.1334,-0.0019,-9.6246,60.0073,0.0909,,,,,,,
4.0168,,,,,,,,,,,-5.2153,64.2424,0.0367,0.8333,1.8491,0.0019,1
4.0242,0,0,-12,-100,-0.0185,0.1555,0.0022,-9.6573,60.1604,0.0931,,,,,,,
4.0343,-8,-87,-12,-97,-0.0312,0.2923,0.0001,-9.7156,60.4486,0.0933,,,,,,,
4.0444,-11,-79,0,0,-0.0175,0.1285,-0.0018,-9.7448,60.5749,0.0914,,,,,,,
4.0545,0,0,-13,-94,-0.0200,0.1461,0.0021,-9.7783,60.7186,0.0935,,,,,,,
4.0646,-10,-90,0,0,-0.0159,0.1464,-0.0021,-9.8076,60.8629,0.0914,,,,,,,
4.0747,-11,-77,-10,-99,-0.0329,0.2792,0.0004,-9.8660,61.1379,0.0918,,,,,,,
4.0848,0,0,-13,-101,-0.0200,0.1570,0.0022,-9.9005,61.2924,0.0941,,,,,,,
4.0949,-10,-90,0,0,-0.0159,0.1464,-0.0021,-9.9299,61.4367,0.0920,,,,,,,
4.1050,-10,-87,-11,-96,-0.0329,0.2908,0.0001,-9.9894,61.7233,0.0921,,,,,,,
4.1151,0,0,-8,-99,-0.0123,0.1539,0.0022,-10.0160,61.8754,0.0943,,,,,,,
4.1252,-9,-87,0,0,-0.0143,0.1415,-0.0020,-10.0434,62.0150,0.0923,,,,,,,
4.1352,0,0,-13,-96,-0.0200,0.1493,0.0021,-10.0773,62.1617,0.0944,,,,,,,
4.1453,-9,-86,-11,-97,-0.0313,0.2907,0.0002,-10.1359,62.4482,0.0946,,,,,,,
4.1554,-7,-86,0,0,-0.0111,0.1399,-0.0020,-10.1600,62.5864,0.0926,,,,,,,
4.1630,,,,,,,,,,,-6.3974,67.2871,0.0383,-1.0694,3.0861,0.0016,1
4.1655,0,0,-9,-101,-0.0139,0.1570,0.0022,-10.1885,62.7415,0.0948,,,,,,,
4.1756,-12,-80,0,0,-0.0191,0.1301,-0.0019,-10.2197,62.8693,0.0929,,,,,,,
4.1856,-9,-73,-8,-98,-0.0266,0.2711,0.0005,-10.2715,63.1367,0.0934,,,,,,,
4.1957,0,0,-11,-84,-0.0170,0.1306,0.0019,-10.3007,63.2651,0.0953,,,,,,,
4.2058,-8,-67,0,0,-0.0127,0.1090,-0.0016,-10.3236,63.3725,0.0937,,,,,,,
4.2159,0,0,-13,-92,-0.0200,0.1430,0.0020,-10.3571,63.5130,0.0958,,,,,,,
4.2260,-15,-71,-11,-96,-0.0408,0.2648,0.0005,-10.4231,63.7726,0.0963,,,,,,,
4.2361,-7,-83,0,0,-0.0111,0.1350,-0.0019,-10.4471,63.9059,0.0943,,,,,,,
4.2462,0,0,-2,-87,-0.0031,0.1353,0.0019,-10.4630,64.0403,0.0963,,,,,,,
4.2562,-2,-79,0,0,-0.0032,0.1285,-0.0018,-10.4784,64.1679,0.0944,,,,,,,
4.2663,-3,-82,-9,-90,-0.0186,0.2733,0.0001,-10.5228,64.4383,0.0945,,,,,,,
4.2764,0,0,-2,-96,-0.0031,0.1493,0.0021,-10.5401,64.5866,0.0967,,,,,,,
4.2865,-3,-91,0,0,-0.0048,0.1480,-0.0021,-10.5590,64.7335,0.0945,,,,,,,
4.2966,0,0,-3,-90,-0.0046,0.1399,0.0020,-10.5769,64.8723,0.0965,,,,,,,
4.2973,,,,,,,,,,,-7.3856,69.9491,0.0380,-0.8856,2.6979,-0.0003,1
4.3067,1,-85,-4,-93,-0.0046,0.2829,0.0001,-10.6087,65.1534,0.0966,,,,,,,
4.3168,-9,-81,0,0,-0.0143,0.1318,-0.0019,-10.6356,65.2833,0.0947,,,,,,,
4.3269,0,0,-10,-91,-0.0154,0.1415,0.0020,-10.6645,65.4226,0.0968,,,,,,,
4.3370,-7,-75,-11,-86,-0.0281,0.2557,0.0002,-10.7172,65.6744,0.0969,,,,,,,
4.3470,-7,-81,0,0,-0.0111,0.1318,-0.0019,-10.7409,65.8045,0.0951,,,,,,,
4.3571,0,0,-14,-92,-0.0216,0.1430,0.0020,-10.7761,65.9448,0.0971,,,,,,,
4.3672,-11,-75,0,0,-0.0175,0.1220,-0.0017,-10.8052,66.0646,0.0954,,,,,,,
4.3773,-9,-75,-11,-91,-0.0313,0.2635,0.0003,-10.8615,66.3239,0.0956,,,,,,,
4.3874,0,0,-14,-96,-0.0216,0.1493,0.0021,-10.8974,66.4704,0.0978,,,,,,,
4.3975,-13,-83,0,0,-0.0207,0.1350,-0.0019,-10.9310,66.6028,0.0958,,,,,,,
4.4075,0,0,-12,-99,-0.0185,0.1539,0.0022,-10.9643,66.7542,0.0980,,,,,,,
4.4176,-7,-88,-4,-101,-0.0173,0.3002,0.0002,-11.0109,67.0512,0.0982,,,,,,,
4.4277,-2,-83,0,0,-0.0032,0.1350,-0.0019,-11.0272,67.1853,0.0963,,,,,,,
4.4378,0,0,-11,-96,-0.0170,0.1493,0.0021,-11.0586,67.3322,0.0984,,,,,,,
4.4479,-10,-90,0,0,-0.0159,0.1464,-0.0021,-11.0887,67.4764,0.0963,,,,,,,
4.4484,,,,,,,,,,,-4.2723,71.1000,0.0436,3.1548,1.0317,0.0055,1
4.4579,0,0,-16,-101,-0.0247,0.1570,0.0022,-11.1285,67.6303,0.0986,,,,,,,
4.4680,0,0,-11,-102,-0.0170,0.1586,0.0023,-11.1612,67.7864,0.1009,,,,,,,
4.4781,-11,-83,0,0,-0.0175,0.1350,-0.0019,-11.1920,67.9190,0.0989,,,,,,,
4.4883,0,0,-9,-91,-0.0139,0.1415,0.0020,-11.2200,68.0584,0.1009,,,,,,,
4.4984,-4,-86,-10,-98,-0.0218,0.2923,0.0002,-11.2711,68.3470,0.1011,,,,,,,
4.5085,-14,-168,0,0,-0.0223,0.2733,-0.0039,-11.3203,68.6168,0.0972,,,,,,,
4.5185,0,0,-9,-94,-0.0139,0.1461,0.0021,-11.3485,68.7608,0.0993,,,,,,,
4.5286,-8,-81,0,0,-0.0127,0.1318,-0.0019,-11.3741,68.8907,0.0974,,,,,,,
4.5387,-11,-88,-12,-95,-0.0360,0.2909,0.0001,-11.4382,69.1767,0.0975,,,,,,,
4.5488,0,0,-12,-100,-0.0185,0.1555,0.0022,-11.4719,69.3296,0.0997,,,,,,,
4.5589,-10,-86,0,0,-0.0159,0.1399,-0.0020,-11.5015,69.4673,0.0977,,,,,,,
4.5690,-8,-89,-8,-90,-0.0251,0.2847,-0.0001,-11.5542,69.7482,0.0976,,,,,,,
4.5791,0,0,-11,-95,-0.0170,0.1477,0.0021,-11.5857,69.8935,0.0997,,,,,,,
4.5795,,,,,,,,,,,-4.3791,73.9491,0.0446,0.0175,2.8510,0.0010,1
4.5891,-8,-90,0,0,-0.0127,0.1464,-0.0021,-11.6128,70.0380,0.0977,,,,,,,
4.5992,0,0,-9,-99,-0.0139,0.1539,0.0022,-11.6418,70.1898,0.0999,,,,,,,
4.6093,-5,-94,-3,-96,-0.0126,0.3022,-0.0001,-11.6844,70.4892,0.0998,,,,,,,
4.6194,-1,-88,0,0,-0.0016,0.1432,-0.0020,-11.7001,70.6315,0.0978,,,,,,,
4.6295,0,0,-4,-93,-0.0062,0.1446,0.0021,-11.7205,70.7748,0.0998,,,,,,,
4.6395,-6,-85,0,0,-0.0095,0.1383,-0.0020,-11.7436,70.9114,0.0978,,,,,,,
4.6496,-5,-83,-5,-95,-0.0157,0.2827,0.0002,-11.7869,71.1913,0.0980,,,,,,,
4.6597,0,0,-5,-87,-0.0077,0.1353,0.0019,-11.8079,71.3251,0.1000,,,,,,,
4.6698,0,-81,0,0,0.0000,0.1318,-0.0019,-11.8209,71.4562,0.0981,,,,,,,
4.6799,0,0,-6,-82,-0.0093,0.1275,0.0018,-11.8427,71.5822,0.0999,,,,,,,
4.6900,-4,-79,-4,-76,-0.0125,0.2467,-0.0001,-11.8798,71.8264,0.0998,,,,,,,
4.7000,0,-78,0,0,0.0000,0.1269,-0.0018,-11.8923,71.9527,0.0979,,,,,,,
4.7101,0,0,-4,-90,-0.0062,0.1399,0.0020,-11.9123,72.0913,0.0999,,,,,,,
4.7202,-4,-83,0,0,-0.0064,0.1350,-0.0019,-11.9319,72.2251,0.0980,,,,,,,
4.7276,,,,,,,,,,,-5.0998,76.1724,0.0463,-0.6209,2.2532,0.0018,1
4.7303,-2,-82,-4,-89,-0.0093,0.2718,0.0001,-11.9678,72.4946,0.0981,,,,,,,
4.7404,0,0,-3,-90,-0.0046,0.1399,0.0020,-11.9863,72.6334,0.1001,,,,,,,
4.7504,0,-78,0,0,0.0000,0.1269,-0.0018,-11.9989,72.7597,0.0983,,,,,,,
4.7605,0,0,-3,-89,-0.0046,0.1384,0.0020,-12.0172,72.8969,0.1002,,,,,,,
4.7706,-5,-88,-8,-90,-0.0203,0.2831,-0.0000,-12.0657,73.1765,0.1002,,,,,,,
4.7807,-2,-78,0,0,-0.0032,0.1269,-0.0018,-12.0814,73.3025,0.0984,,,,,,,
4.7908,0,0,-5,-90,-0.0077,0.1399,0.0020,-12.1030,73.4410,0.1004,,,,,,,
4.8009,-3,-84,0,0,-0.0048,0.1367,-0.0020,-12.1213,73.5765,0.0984,,,,,,,
4.8109,-4,-87,-7,-92,-0.0172,0.2846,0.0000,-12.1663,73.8580,0.0985,,,,,,,
4.8210,0,0,-10,-96,-0.0154,0.1493,0.0021,-12.1965,74.0050,0.1006,,,,,,,
4.8311,-8,-77,0,0,-0.0127,0.1253,-0.0018,-12.2216,74.1283,0.0988,,,,,,,
4.8412,-6,-71,-9,-92,-0.0234,0.2585,0.0004,-12.2705,74.3833,0.0992,,,,,,,
4.8513,0,0,-11,-89,-0.0170,0.1384,0.0020,-12.3012,74.5193,0.1012,,,,,,,
4.8614,-10,-79,0,0,-0.0159,0.1285,-0.0018,-12.3299,74.6456,0.0993,,,,,,,
4.8616,,,,,,,,,,,-4.7486,79.0152,0.0468,0.4824,2.8235,0.0005,1
4.8714,0,0,-13,-95,-0.0200,0.1477,0.0021,-12.3646,74.7905,0.1014,,,,,,,
4.8815,-12,-81,-12,-89,-0.0376,0.2701,0.0001,-12.4294,75.0555,0.1015,,,,,,,
4.8916,-5,-79,0,0,-0.0080,0.1285,-0.0018,-12.4502,75.1826,0.0997,,,,,,,
4.9017,0,0,-7,-88,-0.0108,0.1368,0.0020,-12.4747,75.3176,0.1017,,,,,,,
4.9118,-13,-97,0,0,-0.0207,0.1578,-0.0023,-12.5111,75.4725,0.0994,,,,,,,
4.9218,-7,-90,-12,-109,-0.0296,0.3159,0.0003,-12.5720,75.7839,0.0997,,,,,,,
4.9319,0,0,-10,-96,-0.0154,0.1493,0.0021,-12.6024,75.9308,0.1019,,,,,,,
4.9420,-6,-85,0,0,-0.0095,0.1383,-0.0020,-12.6258,76.0675,0.0999,,,,,,,
4.9521,0,0,-10,-96,-0.0154,0.1493,0.0021,-12.6562,76.2144,0.1020,,,,,,,
4.9622,-6,-85,-10,-93,-0.0250,0.2829,0.0001,-12.7098,76.4933,0.1021,,,,,,,
4.9723,-7,-84,0,0,-0.0111,0.1367,-0.0020,-12.7347,76.6281,0.1002,,,,,,,
4.9823,0,0,-10,-96,-0.0154,0.1493,0.0021,-12.7651,76.7750,0.1023,,,,,,,
4.9924,-5,-83,0,0,-0.0080,0.1350,-0.0019,-12.7867,76.9086,0.1004,,,,,,,
4.9970,,,,,,,,,,,-5.7725,82.1975,0.0473,-0.8738,3.2267,0.0005,1
5.0025,-5,-80,-10,-93,-0.0234,0.2747,0.0002,-12.8375,77.1796,0.1006,,,,,,,
5.0126,0,0,-3,-80,-0.0046,0.1244,0.0018,-12.8547,77.3029,0.1023,,,,,,,
5.0227,-1,-72,0,0,-0.0016,0.1171,-0.0017,-12.8681,77.4192,0.1007,,,,,,,
5.0328,0,0,-5,-79,-0.0077,0.1228,0.0018,-12.8883,77.5406,0.1024,,,,,,,
5.0429,-4,-76,-5,-96,-0.0141,0.2729,0.0004,-12.9302,77.8107,0.1028,,,,,,,
5.0530,-4,-89,0,0,-0.0064,0.1448,-0.0021,-12.9513,77.9541,0.1007,,,,,,,
5.0631,0,0,-5,-86,-0.0077,0.1337,0.0019,-12.9725,78.0863,0.1026,,,,,,,
5.0731,-3,-66,-8,-85,-0.0171,0.2395,0.0004,-13.0141,78.3228,0.1030,,,,,,,
5.0832,0,-86,0,0,0.0000,0.1399,-0.0020,-13.0283,78.4620,0.1010,,,,,,,
5.0933,0,0,-4,-92,-0.0062,0.1430,0.0020,-13.0490,78.6036,0.1030,,,,,,,
5.1034,-3,-78,0,0,-0.0048,0.1269,-0.0018,-13.0667,78.7294,0.1012,,,,,,,
5.1135,-1,-77,-2,-84,-0.0047,0.2559,0.0001,-13.0972,78.9835,0.1013,,,,,,,
5.1235,0,0,-8,-79,-0.0123,0.1228,0.0018,-13.1220,79.1044,0.1030,,,,,,,
5.1336,-4,-77,0,0,-0.0064,0.1253,-0.0018,-13.1411,79.2284,0.1013,,,,,,,
5.1437,0,0,-5,-85,-0.0077,0.1322,0.0019,-13.1623,79.3590,0.1031,,,,,,,
5.1448,,,,,,,,,,,-5.3100,84.8828,0.0487,0.5891,2.6604,0.0013,1
5.1538,-2,-83,-5,-85,-0.0109,0.2672,-0.0000,-13.2006,79.6237,0.1031,,,,,,,
5.1639,-4,-69,0,0,-0.0064,0.1123,-0.0016,-13.2184,79.7347,0.1015,,,,,,,
5.1740,0,0,-1,-75,-0.0015,0.1166,0.0017,-13.2319,79.8505,0.1032,,,,,,,
5.1840,-4,-76,0,0,-0.0064,0.1236,-0.0018,-13.2508,79.9729,0.1014,,,,,,,
5.1941,-7,-87,-10,-98,-0.0266,0.2939,0.0002,-13.3070,80.2626,0.1016,,,,,,,
5.2042,0,0,-7,-93,-0.0108,0.1446,0.0021,-13.3326,80.4053,0.1036,,,,,,,
5.2143,-5,-80,0,0,-0.0080,0.1301,-0.0019,-13.3538,80.5340,0.1018,,,,,,,
5.2244,0,0,-9,-86,-0.0139,0.1337,0.0019,-13.3813,80.6655,0.1037,,,,,,,
5.2344,-8,-89,-11,-99,-0.0297,0.2987,0.0001,-13.4418,80.9596,0.1038,,,,,,,
5.2445,-16,-56,0,0,-0.0254,0.0911,-0.0013,-13.4765,81.0476,0.1025,,,,,,,
5.2546,0,0,-12,-88,-0.0185,0.1368,0.0020,-13.5090,81.1818,0.1045,,,,,,,
5.2647,-5,-87,0,0,-0.0080,0.1415,-0.0020,-13.5315,81.3217,0.1024,,,,,,,
5.2748,-7,-81,-9,-98,-0.0250,0.2841,0.0003,-13.5855,81.6018,0.1027,,,,,,,
5.2800,,,,,,,,,,,-5.0018,87.3315,0.0503,0.4270,2.4308,0.0017,1
5.2849,0,0,-10,-88,-0.0154,0.1368,0.0020,-13.6150,81.7363,0.1047,,,,,,,
5.2949,-8,-73,0,0,-0.0127,0.1188,-0.0017,-13.6400,81.8531,0.1030,,,,,,,
5.3051,-5,-76,-9,-80,-0.0218,0.2480,0.0000,-13.6872,82.0976,0.1030,,,,,,,
5.3151,0,0,-12,-87,-0.0185,0.1353,0.0019,-13.7196,82.2302,0.1049,,,,,,,
5.3252,-11,-78,0,0,-0.0175,0.1269,-0.0018,-13.7502,82.3546,0.1031,,,,,,,
5.3353,0,0,-16,-105,-0.0247,0.1632,0.0023,-13.7917,82.5144,0.1054,,,,,,,
5.3454,-13,-84,-12,-94,-0.0392,0.2828,0.0001,-13.8605,82.7915,0.1056,,,,,,,
5.3555,-7,-79,0,0,-0.0111,0.1285,-0.0018,-13.8850,82.9181,0.1037,,,,,,,
5.3656,0,0,-9,-90,-0.0139,0.1399,0.0020,-13.9134,83.0558,0.1057,,,,,,,
5.3756,-7,-76,0,0,-0.0111,0.1236,-0.0018,-13.9374,83.1776,0.1040,,,,,,,
5.3857,-6,-78,-11,-89,-0.0265,0.2653,0.0002,-13.9913,83.4387,0.1041,,,,,,,
5.3958,0,0,-7,-87,-0.0108,0.1353,0.0019,-14.0163,83.5721,0.1061,,,,,,,
5.4059,-5,-87,0,0,-0.0080,0.1415,-0.0020,-14.0390,83.7120,0.1041,,,,,,,
5.4160,0,0,-11,-97,-0.0170,0.1508,0.0022,-14.0717,83.8602,0.1062,,,,,,,
5.4260,-5,-82,-7,-83,-0.0187,0.2624,-0.0001,-14.1182,84.1192,0.1061,,,,,,,
5.4273,,,,,,,,,,,-7.6336,89.8946,0.0510,-2.4995,2.6923,0.0006,1
5.4361,-4,-74,0,0,-0.0064,0.1204,-0.0017,-14.1371,84.2382,0.1044,,,,,,,
5.4462,0,0,-6,-80,-0.0093,0.1244,0.0018,-14.1594,84.3610,0.1062,,,,,,,
5.4563,-3,-74,0,0,-0.0048,0.1204,-0.0017,-14.1768,84.4802,0.1045,,,,,,,
5.4664,-7,-79,-7,-87,-0.0219,0.2638,0.0001,-14.2261,84.7402,0.1046,,,,,,,
5.4765,0,0,-11,-94,-0.0170,0.1461,0.0021,-14.2584,84.8838,0.1067,,,,,,,
5.4865,-8,-76,0,0,-0.0127,0.1236,-0.0018,-14.2841,85.0054,0.1049,,,,,,,
5.4966,0,0,-9,-82,-0.0139,0.1275,0.0018,-14.3114,85.1307,0.1067,,,,,,,
5.5067,-5,-82,-9,-102,-0.0218,0.2920,0.0004,-14.3642,85.4187,0.1071,,,,,,,
5.5168,-8,-94,0,0,-0.0127,0.1529,-0.0022,-14.3931,85.5694,0.1049,,,,,,,
5.5269,0,0,-11,-95,-0.0170,0.1477,0.0021,-14.4256,85.7145,0.1070,,,,,,,
5.5369,-8,-68,0,0,-0.0127,0.1106,-0.0016,-14.4499,85.8231,0.1054,,,,,,,
5.5470,-5,-75,-5,-73,-0.0157,0.2355,-0.0001,-14.4903,86.0557,0.1053,,,,,,,
5.5571,0,0,-8,-96,-0.0123,0.1493,0.0021,-14.5184,86.2028,0.1074,,,,,,,
5.5628,,,,,,,,,,,-6.7694,91.3806,0.0527,0.9388,1.4400,0.0017,1
5.5672,-7,-84,0,0,-0.0111,0.1367,-0.0020,-14.5440,86.3375,0.1055,,,,,,,
5.5773,-1,-76,-1,-89,-0.0031,0.2620,0.0002,-14.5747,86.5977,0.1057,,,,,,,
5.5873,0,0,-3,-75,-0.0046,0.1166,0.0017,-14.5917,86.7132,0.1074,,,,,,,
5.5974,-3,-73,0,0,-0.0048,0.1188,-0.0017,-14.6091,86.8308,0.1057,,,,,,,
5.6075,0,0,-7,-88,-0.0108,0.1368,0.0020,-14.6344,86.9657,0.1076,,,,,,,
5.6176,-3,-90,-8,-97,-0.0171,0.2972,0.0001,-14.6833,87.2593,0.1077,,,,,,,
5.6277,-5,-79,0,0,-0.0080,0.1285,-0.0018,-14.7049,87.3863,0.1058,,,,,,,
5.6378,0,0,-4,-83,-0.0062,0.1290,0.0018,-14.7248,87.5139,0.1077,,,,,,,
5.6478,-2,-74,0,0,-0.0032,0.1204,-0.0017,-14.7408,87.6333,0.1060,,,,,,,
5.6579,-4,-74,-7,-81,-0.0172,0.2463,0.0001,-14.7839,87.8764,0.1060,,,,,,,
5.6680,0,0,-6,-86,-0.0093,0.1337,0.0019,-14.8074,88.0084,0.1080,,,,,,,
5.6781,-6,-83,0,0,-0.0095,0.1350,-0.0019,-14.8313,88.1416,0.1060,,,,,,,
5.6882,0,0,-10,-96,-0.0154,0.1493,0.0021,-14.8626,88.2884,0.1082,,,,,,,
5.6982,-7,-82,-9,-95,-0.0250,0.2811,0.0002,-14.9178,88.5651,0.1084,,,,,,,
5.7083,-7,-78,0,0,-0.0111,0.1269,-0.0018,-14.9425,88.6901,0.1066,,,,,,,
5.7116,,,,,,,,,,,-7.4614,94.2973,0.0540,-0.5374,2.9491,0.0013,1
5.7184,0,0,-7,-87,-0.0108,0.1353,0.0019,-14.9678,88.8234,0.1085,,,,,,,
5.7285,-5,-76,0,0,-0.0080,0.1236,-0.0018,-14.9890,88.9455,0.1067,,,,,,,
5.7386,-8,-85,-11,-95,-0.0297,0.2860,0.0001,-15.0490,89.2267,0.1069,,,,,,,
5.7487,0,0,-11,-99,-0.0170,0.1539,0.0022,-15.0824,89.3779,0.1091,,,,,,,
5.7587,-7,-88,0,0,-0.0111,0.1432,-0.0020,-15.1089,89.5190,0.1070,,,,,,,
5.7688,0,0,0,0,0.0000,0.0000,0.0000,-15.1089,89.5190,0.1070,,,,,,,
5.7789,-9,-78,-8,-94,-0.0266,0.2730,0.0003,-15.1646,89.7876,0.1073,,,,,,,
5.7890,-8,-82,0,0,-0.0127,0.1334,-0.0019,-15.1914,89.9189,0.1054,,,,,,,
5.7991,0,0,-14,-95,-0.0216,0.1477,0.0021,-15.2286,90.0635,0.1075,,,,,,,
5.8091,-8,-73,-19,-181,-0.0420,0.4002,0.0023,-15.3137,90.4567,0.1098,,,,,,,
5.8192,-8,-71,0,0,-0.0127,0.1155,-0.0017,-15.3389,90.5702,0.1082,,,,,,,
5.8293,0,0,-11,-88,-0.0170,0.1368,0.0020,-15.3707,90.7043,0.1101,,,,,,,
5.8394,-10,-72,0,0,-0.0159,0.1171,-0.0017,-15.3993,90.8190,0.1084,,,,,,,
5.8449,,,,,,,,,,,-6.7569,96.4938,0.0556,0.8221,2.1552,0.0016,1
5.8495,-9,-74,-11,-91,-0.0313,0.2619,0.0003,-15.4588,91.0760,0.1087,,,,,,,
5.8595,0,0,-7,-79,-0.0108,0.1228,0.0018,-15.4829,91.1969,0.1105,,,,,,,
5.8696,-8,-73,0,0,-0.0127,0.1188,-0.0017,-15.5086,91.3135,0.1088,,,,,,,
5.8797,0,0,-9,-91,-0.0139,0.1415,0.0020,-15.5379,91.4526,0.1108,,,,,,,
5.8898,-7,-79,-9,-89,-0.0250,0.2669,0.0001,-15.5923,91.7151,0.1110,,,,,,,
5.8999,-7,-68,0,0,-0.0111,0.1106,-0.0016,-15.6155,91.8239,0.1094,,,,,,,
5.9100,0,0,-9,-85,-0.0139,0.1322,0.0019,-15.6438,91.9537,0.1113,,,,,,,
5.9200,-7,-78,0,0,-0.0111,0.1269,-0.0018,-15.6689,92.0786,0.1095,,,,,,,
5.9301,-1,-83,-7,-85,-0.0124,0.2672,-0.0000,-15.7104,92.3428,0.1094,,,,,,,
5.9402,0,0,-2,-89,-0.0031,0.1384,0.0020,-15.7287,92.4800,0.1114,,,,,,,
5.9503,0,-76,0,0,0.0000,0.1236,-0.0018,-15.7423,92.6029,0.1096,,,,,,,
5.9604,0,0,-1,-75,-0.0015,0.1166,0.0017,-15.7567,92.7186,0.1113,,,,,,,
5.9704,-2,-69,-6,-90,-0.0124,0.2522,0.0004,-15.7971,92.9679,0.1117,,,,,,,
5.9800,,,,,,,,,,,-7.3807,98.7165,0.0565,-0.4992,2.2539,0.0009,1
5.9805,-5,-77,0,0,-0.0080,0.1253,-0.0018,-15.8189,93.0915,0.1099,,,,,,,
5.9906,0,0,-5,-85,-0.0077,0.1322,0.0019,-15.8412,93.2220,0.1118,,,,,,,
6.0007,-4,-72,0,0,-0.0064,0.1171,-0.0017,-15.8604,93.3377,0.1101,,,,,,,
6.0108,-6,-72,-4,-75,-0.0157,0.2337,-0.0000,-15.9017,93.5683,0.1101,,,,,,,
6.0209,0,0,-10,-91,-0.0154,0.1415,0.0020,-15.9328,93.7072,0.1121,,,,,,,
6.0310,-8,-78,0,0,-0.0127,0.1269,-0.0018,-15.9595,93.8319,0.1103,,,,,,,
6.0412,-4,-83,-9,-91,-0.0202,0.2765,0.0001,-16.0101,94.1045,0.1104,,,,,,,
6.0512,0,0,-3,-86,-0.0046,0.1337,0.0019,-16.0295,94.2368,0.1123,,,,,,,
6.0613,-3,-79,0,0,-0.0048,0.1285,-0.0018,-16.0485,94.3640,0.1105,,,,,,,
6.0714,0,0,-13,-94,-0.0200,0.1461,0.0021,-16.0847,94.5070,0.1126,,,,,,,
6.0815,-8,-82,-6,-87,-0.0220,0.2687,0.0000,-16.1367,94.7715,0.1126,,,,,,,
6.0916,-21,-67,0,0,-0.0334,0.1090,-0.0016,-16.1821,94.8761,0.1110,,,,,,,
6.1017,0,0,-9,-96,-0.0139,0.1493,0.0021,-16.2126,95.0229,0.1132,,,,,,,
6.1117,-18,-66,0,0,-0.0286,0.1074,-0.0015,-16.2531,95.1264,0.1116,,,,,,,
6.1218,-4,-86,-13,-106,-0.0264,0.3047,0.0004,-16.3133,95.4262,0.1120,,,,,,,
6.1271,,,,,,,,,,,-7.1175,100.9171,0.0578,0.3870,2.1822,0.0013,1
6.1319,0,0,-9,-87,-0.0139,0.1353,0.0019,-16.3424,95.5591,0.1139,,,,,,,
6.1420,-5,-67,0,0,-0.0080,0.1090,-0.0016,-16.3626,95.6665,0.1124,,,,,,,
6.1521,0,0,-5,-79,-0.0077,0.1228,0.0018,-16.3841,95.7877,0.1141,,,,,,,
6.1621,-7,-77,-15,-103,-0.0343,0.2854,0.0005,-16.4507,96.0673,0.1146,,,,,,,
6.1722,-10,-87,0,0,-0.0159,0.1415,-0.0020,-16.4826,96.2061,0.1126,,,,,,,
6.1823,0,0,-9,-96,-0.0139,0.1493,0.0021,-16.5133,96.3528,0.1147,,,,,,,
6.1924,-6,-77,0,0,-0.0095,0.1253,-0.0018,-16.5370,96.4762,0.1129,,,,,,,
6.2024,-7,-64,-7,-76,-0.0219,0.2223,0.0002,-16.5838,96.6946,0.1131,,,,,,,
6.2125,0,0,-11,-87,-0.0170,0.1353,0.0019,-16.6161,96.8270,0.1151,,,,,,,
6.2226,-7,-83,0,0,-0.0111,0.1350,-0.0019,-16.6425,96.9599,0.1131,,,,,,,
6.2327,0,0,-11,-97,-0.0170,0.1508,0.0022,-16.6766,97.1078,0.1153,,,,,,,
6.2427,-1,-83,-5,-87,-0.0093,0.2703,0.0000,-16.7169,97.3753,0.1153,,,,,,,
6.2528,-4,-81,0,0,-0.0064,0.1318,-0.0019,-16.7383,97.5054,0.1134,,,,,,,
6.2629,0,0,-2,-87,-0.0031,0.1353,0.0019,-16.7568,97.6395,0.1154,,,,,,,
6.2641,,,,,,,,,,,-6.8571,103.0827,0.0604,0.3850,2.1470,0.0026,1
6.2730,-2,-86,0,0,-0.0032,0.1399,-0.0020,-16.7759,97.7781,0.1134,,,,,,,
6.2830,0,-74,-2,-81,-0.0031,0.2463,0.0001,-16.8068,98.0225,0.1134,,,,,,,
6.2931,0,0,-5,-86,-0.0077,0.1337,0.0019,-16.8297,98.1544,0.1153,,,,,,,
6.3032,-5,-72,0,0,-0.0080,0.1171,-0.0017,-16.8510,98.2699,0.1137,,,,,,,
6.3133,-5,-76,-11,-88,-0.0249,0.2605,0.0002,-16.9054,98.5259,0.1139,,,,,,,
6.3234,0,0,-4,-79,-0.0062,0.1228,0.0018,-16.9255,98.6472,0.1156,,,,,,,
6.3334,-3,-71,0,0,-0.0048,0.1155,-0.0017,-16.9435,98.7614,0.1140,,,,,,,
6.3435,0,0,-5,-80,-0.0077,0.1244,0.0018,-16.9654,98.8840,0.1157,,,,,,,
6.3536,-7,-68,-8,-85,-0.0235,0.2428,0.0003,-17.0168,99.1225,0.1160,,,,,,,
6.3637,-5,-68,0,0,-0.0080,0.1106,-0.0016,-17.0374,99.2315,0.1145,,,,,,,
6.3737,0,0,-4,-79,-0.0062,0.1228,0.0018,-17.0577,99.3528,0.1162,,,,,,,
6.3838,-6,-74,0,0,-0.0095,0.1204,-0.0017,-17.0810,99.4713,0.1145,,,,,,,
6.3939,-6,-76,-8,-87,-0.0219,0.2589,0.0002,-17.1324,99.7260,0.1147,,,,,,,
6.4040,0,0,-7,-89,-0.0108,0.1384,0.0020,-17.1591,99.8622,0.1166,,,,,,,
6.4098,,,,,,,,,,,-8.4338,106.8796,0.0599,-1.3447,3.8851,-0.0005,1
6.4140,-2,-74,0,0,-0.0032,0.1204,-0.0017,-17.1761,99.9814,0.1149,,,,,,,
6.4241,0,0,0,-70,0.0000,0.1088,0.0016,-17.1887,100.0895,0.1165,,,,,,,
6.4342,0,-71,-4,-85,-0.0062,0.2477,0.0002,-17.2236,100.3347,0.1167,,,,,,,
6.4443,-7,-89,0,0,-0.0111,0.1448,-0.0021,-17.2514,100.4773,0.1146,,,,,,,
6.4543,0,0,-7,-101,-0.0108,0.1570,0.0022,-17.2803,100.6320,0.1169,,,,,,,
6.4644,-2,-86,0,0,-0.0032,0.1399,-0.0020,-17.2996,100.7706,0.1149,,,,,,,
6.4745,-6,-76,-3,-92,-0.0142,0.2667,0.0003,-17.3443,101.0339,0.1152,,,,,,,
6.4846,0,0,-9,-88,-0.0139,0.1368,0.0020,-17.3739,101.1682,0.1171,,,,,,,
6.4946,-7,-80,0,0,-0.0111,0.1301,-0.0019,-17.4001,101.2962,0.1153,,,,,,,
6.5047,0,0,-10,-95,-0.0154,0.1477,0.0021,-17.4325,101.4411,0.1174,,,,,,,
6.5148,-5,-79,-11,-84,-0.0249,0.2591,0.0000,-17.4876,101.6955,0.1174,,,,,,,
6.5249,-7,-78,0,0,-0.0111,0.1269,-0.0018,-17.5134,101.8202,0.1156,,,,,,,
6.5349,0,0,-13,-95,-0.0200,0.1477,0.0021,-17.5505,101.9646,0.1177,,,,,,,
6.5441,,,,,,,,,,,-8.8570,109.3604,0.0600,-0.2738,2.5018,0.0001,1
6.5450,-10,-74,0,0,-0.0159,0.1204,-0.0017,-17.5803,102.0823,0.1160,,,,,,,
6.5551,-5,-71,-3,-81,-0.0126,0.2414,0.0001,-17.6208,102.3207,0.1161,,,,,,,
6.5652,0,0,-5,-82,-0.0077,0.1275,0.0018,-17.6433,102.4464,0.1180,,,,,,,
6.5752,-5,-85,0,0,-0.0080,0.1383,-0.0020,-17.6674,102.5828,0.1160,,,,,,,
6.5853,-7,-88,-9,-100,-0.0250,0.2986,0.0002,-17.7268,102.8765,0.1162,,,,,,,
6.5954,0,0,-9,-101,-0.0139,0.1570,0.0022,-17.7590,103.0309,0.1184,,,,,,,
6.6055,-8,-85,0,0,-0.0127,0.1383,-0.0020,-17.7878,103.1667,0.1164,,,,,,,
6.6155,0,0,-10,-94,-0.0154,0.1461,0.0021,-17.8202,103.3100,0.1185,,,,,,,
6.6256,-6,-82,-12,-94,-0.0280,0.2795,0.0002,-17.8812,103.5843,0.1187,,,,,,,
6.6357,-10,-82,0,0,-0.0159,0.1334,-0.0019,-17.9126,103.7149,0.1168,,,,,,,
6.6458,0,0,-6,-93,-0.0093,0.1446,0.0021,-17.9388,103.8574,0.1189,,,,,,,
6.6558,-5,-82,0,0,-0.0080,0.1334,-0.0019,-17.9624,103.9890,0.1169,,,,,,,
6.6659,-4,-78,-13,-88,-0.0264,0.2637,0.0001,-18.0194,104.2478,0.1171,,,,,,,
6.6760,0,0,-11,-89,-0.0170,0.1384,0.0020,-18.0526,104.3832,0.1191,,,,,,,
6.6804,,,,,,,,,,,-8.1793,111.8272,0.0619,0.8244,2.4217,0.0018,1
6.6861,-5,-75,0,0,-0.0080,0.1220,-0.0017,-18.0748,104.5034,0.1173,,,,,,,
6.6961,0,0,-4,-77,-0.0062,0.1197,0.0017,-18.0951,104.6216,0.1190,,,,,,,
6.7062,-4,-71,-8,-89,-0.0187,0.2539,0.0003,-18.1438,104.8714,0.1194,,,,,,,
6.7163,-8,-85,0,0,-0.0127,0.1383,-0.0020,-18.1728,105.0073,0.1174,,,,,,,
6.7264,0,0,-3,-97,-0.0046,0.1508,0.0022,-18.1952,105.1565,0.1195,,,,,,,
6.7365,-2,-78,0,0,-0.0032,0.1269,-0.0018,-18.2134,105.2821,0.1177,,,,,,,
6.7465,-4,-68,-4,-84,-0.0125,0.2412,0.0003,-18.2542,105.5202,0.1180,,,,,,,
6.7566,0,0,-2,-84,-0.0031,0.1306,0.0019,-18.2728,105.6495,0.1199,,,,,,,
6.7667,-6,-73,0,0,-0.0095,0.1188,-0.0017,-18.2963,105.7663,0.1182,,,,,,,
6.7768,0,0,-4,-89,-0.0062,0.1384,0.0020,-18.3189,105.9029,0.1202,,,,,,,
6.7869,-1,-80,-2,-82,-0.0047,0.2576,-0.0000,-18.3544,106.1581,0.1201,,,,,,,
6.7969,-3,-78,0,0,-0.0048,0.1269,-0.0018,-18.3743,106.2836,0.1183,,,,,,,
6.8070,0,0,-4,-85,-0.0062,0.1322,0.0019,-18.3961,106.4141,0.1202,,,,,,,
6.8171,-3,-72,0,0,-0.0048,0.1171,-0.0017,-18.4148,106.5298,0.1185,,,,,,,
6.8272,-3,-71,-8,-79,-0.0171,0.2383,0.0001,-18.4600,106.7644,0.1186,,,,,,,
6.8273,,,,,,,,,,,-9.0921,113.9640,0.0628,-0.7789,2.1891,0.0009,1
6.8373,0,0,-6,-87,-0.0093,0.1353,0.0019,-18.4853,106.8976,0.1206,,,,,,,
6.8473,-5,-73,0,0,-0.0080,0.1188,-0.0017,-18.5074,107.0146,0.1189,,,,,,,
6.8574,-10,-77,-11,-90,-0.0329,0.2652,0.0002,-18.5715,107.2740,0.1191,,,,,,,
6.8675,0,0,-14,-91,-0.0216,0.1415,0.0020,-18.6099,107.4119,0.1211,,,,,,,
6.8776,-7,-74,0,0,-0.0111,0.1204,-0.0017,-18.6354,107.5301,0.1194,,,,,,,
6.8876,0,0,-7,-91,-0.0108,0.1415,0.0020,-18.6631,107.6692,0.1214,,,,,,,
6.8977,-10,-82,-11,-98,-0.0329,0.2858,0.0003,-18.7303,107.9489,0.1217,,,,,,,
6.9078,-6,-89,0,0,-0.0095,0.1448,-0.0021,-18.7572,108.0915,0.1196,,,,,,,
6.9179,0,0,-7,-92,-0.0108,0.1430,0.0020,-18.7851,108.2322,0.1216,,,,,,,
6.9279,-2,-74,0,0,-0.0032,0.1204,-0.0017,-18.8028,108.3513,0.1199,,,,,,,
6.9380,-9,-83,-7,-87,-0.0251,0.2703,0.0000,-18.8601,108.6167,0.1199,,,,,,,
6.9481,0,0,-10,-100,-0.0154,0.1555,0.0022,-18.8941,108.7691,0.1221,,,,,,,
6.9582,-6,-84,0,0,-0.0095,0.1367,-0.0020,-18.9201,108.9036,0.1202,,,,,,,
6.9631,,,,,,,,,,,-9.5031,116.2986,0.0638,-0.2638,2.3558,0.0010,1
6.9683,0,0,-8,-91,-0.0123,0.1415,0.0020,-18.9495,109.0426,0.1222,,,,,,,
6.9784,-6,-79,-9,-87,-0.0234,0.2638,0.0001,-19.0049,109.3016,0.1223,,,,,,,
6.9884,-7,-78,0,0,-0.0111,0.1269,-0.0018,-19.0313,109.4262,0.1205,,,,,,,
6.9985,0,0,-11,-99,-0.0170,0.1539,0.0022,-19.0668,109.5769,0.1227,,,,,,,
7.0086,-8,-86,0,0,-0.0127,0.1399,-0.0020,-19.0964,109.7142,0.1207,,,,,,,
7.0187,-9,-75,-10,-95,-0.0297,0.2697,0.0004,-19.1585,109.9784,0.1211,,,,,,,
7.0288,0,0,-10,-83,-0.0154,0.1290,0.0018,-19.1895,110.1046,0.1229,,,,,,,
7.0389,-8,-72,0,0,-0.0127,0.1171,-0.0017,-19.2164,110.2193,0.1212,,,,,,,
7.0489,0,0,-11,-98,-0.0170,0.1524,0.0022,-19.2518,110.3685,0.1234,,,,,,,
7.0590,-8,-83,-6,-99,-0.0220,0.2889,0.0003,-19.3092,110.6525,0.1237,,,,,,,
7.0691,-8,-81,0,0,-0.0127,0.1318,-0.0019,-19.3380,110.7817,0.1218,,,,,,,
7.0792,0,0,-6,-85,-0.0093,0.1322,0.0019,-19.3633,110.9118,0.1237,,,,,,,
7.0894,-3,-83,-9,-93,-0.0186,0.2796,0.0001,-19.4164,111.1869,0.1238,,,,,,,
7.0995,-5,-78,0,0,-0.0080,0.1269,-0.0018,-19.4398,111.3119,0.1220,,,,,,,
7.1095,0,0,-5,-83,-0.0077,0.1290,0.0018,-19.4633,111.4390,0.1239,,,,,,,
7.1101,,,,,,,,,,,-9.2451,118.5360,0.0650,0.4001,2.2163,0.0012,1
7.1196,-3,-74,0,0,-0.0048,0.1204,-0.0017,-19.4828,111.5579,0.1221,,,,,,,
7.1297,-7,-83,-8,-91,-0.0235,0.2765,0.0001,-19.5398,111.8295,0.1222,,,,,,,
7.1398,0,0,-6,-91,-0.0093,0.1415,0.0020,-19.5664,111.9688,0.1242,,,,,,,
7.1499,-1,-78,0,0,-0.0016,0.1269,-0.0018,-19.5835,112.0945,0.1224,,,,,,,
7.1600,0,0,-8,-87,-0.0123,0.1353,0.0019,-19.6124,112.2272,0.1244,,,,,,,
7.1700,-3,-77,-4,-83,-0.0109,0.2543,0.0001,-19.6548,112.4782,0.1244,,,,,,,
7.1801,-4,-70,0,0,-0.0064,0.1139,-0.0016,-19.6752,112.5905,0.1228,,,,,,,
7.1902,0,0,-8,-87,-0.0123,0.1353,0.0019,-19.7041,112.7232,0.1247,,,,,,,
7.2003,-6,-77,0,0,-0.0095,0.1253,-0.0018,-19.7291,112.8463,0.1229,,,,,,,
7.2104,-3,-81,-8,-80,-0.0171,0.2562,-0.0001,-19.7775,113.0984,0.1228,,,,,,,
7.2204,0,0,-3,-93,-0.0046,0.1446,0.0021,-19.7999,113.2413,0.1249,,,,,,,
7.2305,-4,-87,0,0,-0.0064,0.1415,-0.0020,-19.8237,113.3810,0.1229,,,,,,,
7.2406,0,0,-7,-86,-0.0108,0.1337,0.0019,-19.8509,113.5124,0.1248,,,,,,,
7.2456,,,,,,,,,,,-10.2685,120.7660,0.0665,-0.8766,2.2918,0.0015,1
7.2507,-1,-74,-8,-92,-0.0139,0.2634,0.0003,-19.8976,113.7720,0.1251,,,,,,,
7.2608,-5,-82,0,0,-0.0080,0.1334,-0.0019,-19.9220,113.9034,0.1232,,,,,,,
7.2708,0,0,-10,-94,-0.0154,0.1461,0.0021,-19.9554,114.0465,0.1253,,,,,,,
7.2809,-4,-85,0,0,-0.0064,0.1383,-0.0020,-19.9789,114.1829,0.1233,,,,,,,
7.2910,-2,-80,-4,-93,-0.0093,0.2747,0.0002,-20.0220,114.4544,0.1235,,,,,,,
7.3011,0,0,-12,-89,-0.0185,0.1384,0.0020,-20.0575,114.5894,0.1255,,,,,,,
7.3112,-6,-75,0,0,-0.0095,0.1220,-0.0017,-20.0821,114.7093,0.1238,,,,,,,
7.3213,-8,-78,-9,-92,-0.0266,0.2699,0.0002,-20.1419,114.9739,0.1240,,,,,,,
7.3314,0,0,-11,-96,-0.0170,0.1493,0.0021,-20.1773,115.1199,0.1261,,,,,,,
7.3415,-8,-70,0,0,-0.0127,0.1139,-0.0016,-20.2042,115.2313,0.1245,,,,,,,
7.3515,0,0,-8,-82,-0.0123,0.1275,0.0018,-20.2324,115.3562,0.1263,,,,,,,
7.3616,-11,-65,-14,-82,-0.0391,0.2332,0.0003,-20.3006,115.5826,0.1266,,,,,,,
7.3717,-8,-70,0,0,-0.0127,0.1139,-0.0016,-20.3275,115.6940,0.1250,,,,,,,
7.3818,0,0,-10,-93,-0.0154,0.1446,0.0021,-20.3609,115.8355,0.1271,,,,,,,
7.3919,-6,-80,0,0,-0.0095,0.1301,-0.0019,-20.3868,115.9634,0.1252,,,,,,,
7.3926,,,,,,,,,,,-10.1246,123.2755,0.0681,0.3103,2.4944,0.0017,1
7.4019,-12,-76,-11,-97,-0.0360,0.2745,0.0004,-20.4569,116.2312,0.1256,,,,,,,
7.4120,0,0,-11,-97,-0.0170,0.1508,0.0022,-20.4927,116.3787,0.1277,,,,,,,
7.4221,-3,-83,0,0,-0.0048,0.1350,-0.0019,-20.5146,116.5120,0.1258,,,,,,,
7.4322,0,0,-7,-86,-0.0108,0.1337,0.0019,-20.5422,116.6433,0.1277,,,,,,,
7.4423,0,-85,-3,-99,-0.0046,0.2922,0.0002,-20.5840,116.9325,0.1279,,,,,,,
7.4523,-2,-79,0,0,-0.0032,0.1285,-0.0018,-20.6034,117.0596,0.1261,,,,,,,
7.4624,0,0,-11,-87,-0.0170,0.1353,0.0019,-20.6374,117.1916,0.1280,,,,,,,
7.4725,-6,-76,0,0,-0.0095,0.1236,-0.0018,-20.6626,117.3131,0.1263,,,,,,,
7.4826,-3,-73,-7,-95,-0.0156,0.2665,0.0004,-20.7116,117.5754,0.1267,,,,,,,
7.4927,0,0,-5,-83,-0.0077,0.1290,0.0018,-20.7357,117.7025,0.1285,,,,,,,
7.5027,-2,-76,0,0,-0.0032,0.1236,-0.0018,-20.7546,117.8247,0.1268,,,,,,,
7.5128,0,0,-9,-85,-0.0139,0.1322,0.0019,-20.7852,117.9540,0.1287,,,,,,,
7.5229,-8,-73,-10,-86,-0.0281,0.2525,0.0002,-20.8455,118.2008,0.1289,,,,,,,
7.5277,,,,,,,,,,,-10.7362,125.7166,0.0691,-0.4440,2.4771,0.0010,1
7.5330,-6,-74,0,0,-0.0095,0.1204,-0.0017,-20.8703,118.3190,0.1271,,,,,,,
7.5430,0,0,-8,-96,-0.0123,0.1493,0.0021,-20.9017,118.4654,0.1293,,,,,,,
7.5531,-4,-61,0,0,-0.0064,0.0992,-0.0014,-20.9207,118.5630,0.1279,,,,,,,
7.5632,-4,-77,-5,-86,-0.0141,0.2590,0.0001,-20.9677,118.8181,0.1280,,,,,,,
7.5733,0,0,-4,-84,-0.0062,0.1306,0.0019,-20.9906,118.9468,0.1298,,,,,,,
7.5834,-3,-77,0,0,-0.0048,0.1253,-0.0018,-21.0114,119.0704,0.1281,,,,,,,
7.5934,-1,-84,0,-90,-0.0016,0.2766,0.0000,-21.0483,119.3445,0.1281,,,,,,,
7.6035,0,0,-3,-96,-0.0046,0.1493,0.0021,-21.0722,119.4919,0.1302,,,,,,,
7.6136,0,-79,0,0,0.0000,0.1285,-0.0018,-21.0887,119.6194,0.1284,,,,,,,
7.6237,0,0,-1,-80,-0.0015,0.1244,0.0018,-21.1063,119.7425,0.1302,,,,,,,
7.6338,0,-71,-2,-83,-0.0031,0.2446,0.0002,-21.1411,119.9846,0.1304,,,,,,,
7.6438,-1,-82,0,0,-0.0016,0.1334,-0.0019,-21.1599,120.1167,0.1285,,,,,,,
7.6539,0,0,-3,-94,-0.0046,0.1461,0.0021,-21.1834,120.2610,0.1306,,,,,,,
7.6640,,,,,,,,,,,-11.2419,128.3973,0.0701,-0.3193,2.7092,0.0010,1
7.6640,-2,-79,0,0,-0.0032,0.1285,-0.0018,-21.2031,120.3881,0.1287,,,,,,,
7.6741,-1,-77,-5,-87,-0.0093,0.2605,0.0001,-21.2458,120.6452,0.1289,,,,,,,
7.6841,0,0,-12,-85,-0.0185,0.1322,0.0019,-21.2813,120.7739,0.1308,,,,,,,
7.6942,-6,-75,0,0,-0.0095,0.1220,-0.0017,-21.3065,120.8936,0.1290,,,,,,,
7.7043,0,0,-10,-95,-0.0154,0.1477,0.0021,-21.3410,121.0381,0.1311,,,,,,,
7.7144,-3,-83,-8,-102,-0.0171,0.2936,0.0003,-21.3964,121.3269,0.1315,,,,,,,
7.7244,-5,-87,0,0,-0.0080,0.1415,-0.0020,-21.4227,121.4662,0.1294,,,,,,,
7.7345,0,0,-8,-98,-0.0123,0.1524,0.0022,-21.4547,121.6157,0.1316,,,,,,,
7.7446,-7,-84,0,0,-0.0111,0.1367,-0.0020,-21.4836,121.7497,0.1297,,,,,,,
7.7547,-5,-82,-9,-91,-0.0218,0.2749,0.0001,-21.5408,122.0195,0.1298,,,,,,,
7.7648,0,0,-7,-90,-0.0108,0.1399,0.0020,-21.5697,122.1568,0.1318,,,,,,,
7.7748,-5,-82,0,0,-0.0080,0.1334,-0.0019,-21.5950,122.2880,0.1299,,,,,,,
7.7849,0,0,-11,-102,-0.0170,0.1586,0.0023,-21.6326,122.4431,0.1321,,,,,,,
7.7950,-7,-80,-9,-93,-0.0250,0.2747,0.0002,-21.6936,122.7121,0.1323,,,,,,,
7.8051,-6,-78,0,0,-0.0095,0.1269,-0.0018,-21.7197,122.8366,0.1305,,,,,,,
7.8097,,,,,,,,,,,-10.7646,131.0789,0.0707,0.6641,2.6415,0.0006,1
7.8151,0,0,-9,-88,-0.0139,0.1368,0.0020,-21.7514,122.9705,0.1325,,,,,,,
7.8252,-8,-82,0,0,-0.0127,0.1334,-0.0019,-21.7815,123.1010,0.1306,,,,,,,
7.8353,-11,-80,-12,-97,-0.0360,0.2810,0.0003,-21.8538,123.3749,0.1309,,,,,,,
7.8454,0,0,-10,-95,-0.0154,0.1477,0.0021,-21.8885,123.5193,0.1330,,,,,,,
7.8554,-12,-76,0,0,-0.0191,0.1236,-0.0018,-21.9237,123.6394,0.1312,,,,,,,
7.8655,-11,-87,-12,-95,-0.0360,0.2892,0.0001,-21.9972,123.9214,0.1313,,,,,,,
7.8756,0,0,-12,-104,-0.0185,0.1617,0.0023,-22.0369,124.0792,0.1336,,,,,,,
7.8857,-15,-81,0,0,-0.0239,0.1318,-0.0019,-22.0780,124.2067,0.1317,,,,,,,
7.8958,0,0,-10,-93,-0.0154,0.1446,0.0021,-22.1124,124.3480,0.1338,,,,,,,
7.9058,-3,-82,-9,-94,-0.0186,0.2795,0.0002,-22.1682,124.6225,0.1340,,,,,,,
7.9159,-4,-90,0,0,-0.0064,0.1464,-0.0021,-22.1939,124.7668,0.1319,,,,,,,
7.9260,0,0,-3,-97,-0.0046,0.1508,0.0022,-22.2185,124.9157,0.1340,,,,,,,
7.9360,0,-84,0,0,0.0000,0.1367,-0.0020,-22.2367,125.0511,0.1321,,,,,,,
7.9452,,,,,,,,,,,-11.1877,133.8572,0.0716,-0.2257,2.8012,0.0009,1
7.9461,-2,-72,-4,-81,-0.0093,0.2431,0.0001,-22.2779,125.2908,0.1322,,,,,,,
7.9562,0,0,-6,-93,-0.0093,0.1446,0.0021,-22.3063,125.4329,0.1343,,,,,,,
7.9663,-5,-91,0,0,-0.0080,0.1480,-0.0021,-22.3339,125.5786,0.1322,,,,,,,
7.9763,0,0,-6,-99,-0.0093,0.1539,0.0022,-22.3635,125.7299,0.1344,,,,,,,
7.9864,0,-83,-5,-91,-0.0077,0.2765,0.0001,-22.4082,126.0029,0.1345,,,,,,,
7.9965,-9,-68,0,0,-0.0143,0.1106,-0.0016,-22.4371,126.1106,0.1329,,,,,,,
8.0066,0,0,-9,-81,-0.0139,0.1259,0.0018,-22.4677,126.2336,0.1347,,,,,,,
8.0167,-6,-77,0,0,-0.0095,0.1253,-0.0018,-22.4938,126.3565,0.1329,,,,,,,
8.0268,2,-82,-6,-95,-0.0061,0.2811,0.0002,-22.5371,126.6343,0.1331,,,,,,,
8.0368,0,0,-1,-88,-0.0015,0.1368,0.0020,-22.5569,126.7697,0.1350,,,,,,,
8.0470,-5,-71,0,0,-0.0080,0.1155,-0.0017,-22.5803,126.8831,0.1334,,,,,,,
8.0570,0,0,-7,-90,-0.0108,0.1399,0.0020,-22.6097,127.0203,0.1354,,,,,,,
8.0671,-3,-85,0,-95,-0.0048,0.2860,0.0001,-22.6531,127.3030,0.1355,,,,,,,
8.0772,-2,-77,0,0,-0.0032,0.1253,-0.0018,-22.6730,127.4267,0.1337,,,,,,,
8.0873,0,0,-9,-91,-0.0139,0.1415,0.0020,-22.7058,127.5651,0.1358,,,,,,,
8.0919,,,,,,,,,,,-11.9248,136.1571,0.0719,-0.5706,2.3467,0.0003,1
8.0973,-6,-81,0,0,-0.0095,0.1318,-0.0019,-22.7330,127.6944,0.1339,,,,,,,
8.1074,-6,-86,-8,-96,-0.0219,0.2892,0.0001,-22.7933,127.9780,0.1340,,,,,,,
8.1175,0,0,-10,-100,-0.0154,0.1555,0.0022,-22.8295,128.1300,0.1362,,,,,,,
8.1276,-3,-86,0,0,-0.0048,0.1399,-0.0020,-22.8531,128.2680,0.1342,,,,,,,
8.1377,-3,-86,-5,-100,-0.0125,0.2954,0.0002,-22.9050,128.5590,0.1345,,,,,,,
8.1477,0,0,-8,-98,-0.0123,0.1524,0.0022,-22.9378,128.7084,0.1366,,,,,,,
8.1578,-7,-83,0,0,-0.0111,0.1350,-0.0019,-22.9671,128.8406,0.1347,,,,,,,
8.1679,0,0,-7,-97,-0.0108,0.1508,0.0022,-22.9982,128.9886,0.1369,,,,,,,
8.1780,-6,-78,-8,-84,-0.0219,0.2575,0.0001,-23.0550,129.2407,0.1369,,,,,,,
8.1880,-2,-78,0,0,-0.0032,0.1269,-0.0018,-23.0754,129.3660,0.1351,,,,,,,
8.1981,0,0,-3,-98,-0.0046,0.1524,0.0022,-23.1006,129.5163,0.1373,,,,,,,
8.2082,-3,-83,0,0,-0.0048,0.1350,-0.0019,-23.1237,129.6494,0.1353,,,,,,,
8.2183,-8,-90,-9,-96,-0.0266,0.2957,0.0000,-23.1900,129.9388,0.1354,,,,,,,
8.2284,0,0,-7,-102,-0.0108,0.1586,0.0023,-23.2223,130.0945,0.1376,,,,,,,
8.2287,,,,,,,,,,,-12.4508,139.3355,0.0727,-0.2962,3.2080,0.0008,1
8.2385,-3,-99,0,0,-0.0048,0.1611,-0.0023,-23.2489,130.2534,0.1353,,,,,,,
8.2485,0,0,-8,-102,-0.0123,0.1586,0.0023,-23.2827,130.4088,0.1376,,,,,,,
8.2586,-9,-86,-10,-105,-0.0297,0.3032,0.0003,-23.3538,130.7050,0.1379,,,,,,,
8.2687,-9,-90,0,0,-0.0143,0.1464,-0.0021,-23.3879,130.8481,0.1359,,,,,,,
8.2788,0,0,-11,-101,-0.0170,0.1570,0.0022,-23.4262,131.0013,0.1381,,,,,,,
8.2889,-8,-78,0,0,-0.0127,0.1269,-0.0018,-23.4561,131.1253,0.1363,,,,,,,
8.2989,-6,-75,-11,-90,-0.0265,0.2619,0.0003,-23.5180,131.3812,0.1365,,,,,,,
8.3090,0,0,-10,-98,-0.0154,0.1524,0.0022,-23.5542,131.5300,0.1387,,,,,,,
8.3191,-13,-84,0,0,-0.0207,0.1367,-0.0020,-23.5934,131.6625,0.1368,,,,,,,
8.3292,0,0,-12,-94,-0.0185,0.1461,0.0021,-23.6319,131.8048,0.1389,,,,,,,
8.3392,-3,-71,-7,-90,-0.0156,0.2554,0.0003,-23.6827,132.0556,0.1392,,,,,,,
8.3493,-2,-81,0,0,-0.0032,0.1318,-0.0019,-23.7040,132.1857,0.1373,,,,,,,
8.3594,0,0,-9,-97,-0.0139,0.1508,0.0022,-23.7385,132.3331,0.1395,,,,,,,
8.3695,-7,-85,-8,-89,-0.0235,0.2767,0.0000,-23.8002,132.6038,0.1395,,,,,,,
8.3758,,,,,,,,,,,-11.8503,141.2841,0.0751,0.7404,1.8998,0.0024,1
8.3796,-5,-75,0,0,-0.0080,0.1220,-0.0017,-23.8250,132.7236,0.1377,,,,,,,
8.3896,0,0,-1,-93,-0.0015,0.1446,0.0021,-23.8465,132.8666,0.1398,,,,,,,
8.3997,-2,-92,0,0,-0.0032,0.1497,-0.0021,-23.8703,133.0143,0.1377,,,,,,,
8.4098,-1,-82,-4,-98,-0.0078,0.2858,0.0003,-23.9173,133.2963,0.1379,,,,,,,
8.4198,0,0,-4,-90,-0.0062,0.1399,0.0020,-23.9428,133.4341,0.1399,,,,,,,
8.4299,-4,-76,0,0,-0.0064,0.1236,-0.0018,-23.9662,133.5556,0.1382,,,,,,,
8.4400,0,0,-4,-91,-0.0062,0.1415,0.0020,-23.9919,133.6949,0.1402,,,,,,,
8.4500,-3,-80,-4,-96,-0.0109,0.2794,0.0003,-24.0418,133.9700,0.1405,,,,,,,
8.4601,-2,-77,0,0,-0.0032,0.1253,-0.0018,-24.0624,134.0936,0.1387,,,,,,,
8.4702,0,0,-5,-88,-0.0077,0.1368,0.0020,-24.0891,134.2280,0.1406,,,,,,,
8.4802,-1,-73,0,0,-0.0016,0.1188,-0.0017,-24.1072,134.3454,0.1389,,,,,,,
8.4903,-3,-82,-7,-85,-0.0156,0.2656,-0.0000,-24.1594,134.6063,0.1389,,,,,,,
8.5004,0,0,-6,-97,-0.0093,0.1508,0.0022,-24.1896,134.7543,0.1411,,,,,,,
8.5094,,,,,,,,,,,-13.3233,143.6072,0.0748,-1.2945,2.4271,-0.0002,1
8.5105,-5,-80,0,0,-0.0080,0.1301,-0.0019,-24.2157,134.8821,0.1392,,,,,,,
8.5205,0,0,-9,-103,-0.0139,0.1601,0.0023,-24.2518,135.0387,0.1415,,,,,,,
8.5306,-3,-82,-7,-98,-0.0156,0.2858,0.0003,-24.3075,135.3194,0.1418,,,,,,,
8.5407,-6,-91,0,0,-0.0095,0.1480,-0.0021,-24.3378,135.4647,0.1396,,,,,,,
8.5508,0,0,-8,-98,-0.0123,0.1524,0.0022,-24.3713,135.6138,0.1418,,,,,,,
8.5609,0,0,0,0,0.0000,0.0000,0.0000,-24.3713,135.6138,0.1418,,,,,,,
8.5709,-5,-89,-6,-97,-0.0172,0.2956,0.0001,-24.4302,135.9040,0.1419,,,,,,,
8.5810,0,0,-9,-97,-0.0139,0.1508,0.0022,-24.4654,136.0513,0.1441,,,,,,,
8.5911,-9,-75,0,0,-0.0143,0.1220,-0.0017,-24.4970,136.1700,0.1423,,,,,,,
8.6011,0,0,-8,-96,-0.0123,0.1493,0.0021,-24.5305,136.3160,0.1445,,,,,,,
8.6112,-16,-163,-9,-89,-0.0393,0.4036,-0.0018,-24.6272,136.7097,0.1426,,,,,,,
8.6213,-4,-79,0,0,-0.0064,0.1285,-0.0018,-24.6516,136.8361,0.1408,,,,,,,
8.6314,0,0,-8,-96,-0.0123,0.1493,0.0021,-24.6849,136.9821,0.1429,,,,,,,
8.6416,-6,-87,-10,-98,-0.0250,0.2939,0.0002,-24.7515,137.2694,0.1431,,,,,,,
8.6449,,,,,,,,,,,-12.6197,146.3144,0.0758,0.9041,2.6470,0.0010,1
8.6516,-7,-75,0,0,-0.0111,0.1220,-0.0017,-24.7798,137.3886,0.1413,,,,,,,
8.6617,0,0,-10,-96,-0.0154,0.1493,0.0021,-24.8163,137.5342,0.1435,,,,,,,
8.6718,-4,-86,0,0,-0.0064,0.1399,-0.0020,-24.8425,137.6718,0.1415,,,,,,,
8.6818,-4,-83,-9,-96,-0.0202,0.2843,0.0002,-24.9026,137.9504,0.1417,,,,,,,
8.6920,0,0,-6,-97,-0.0093,0.1508,0.0022,-24.9332,138.0983,0.1438,,,,,,,
8.7020,-3,-91,0,0,-0.0048,0.1480,-0.0021,-24.9590,138.2442,0.1417,,,,,,,
8.7121,0,0,-6,-109,-0.0093,0.1695,0.0024,-24.9923,138.4106,0.1441,,,,,,,
8.7222,-6,-80,-4,-90,-0.0157,0.2701,0.0001,-25.0467,138.6756,0.1443,,,,,,,
8.7323,-4,-75,0,0,-0.0064,0.1220,-0.0017,-25.0704,138.7955,0.1425,,,,,,,
8.7423,0,0,-8,-87,-0.0123,0.1353,0.0019,-25.1020,138.9276,0.1445,,,,,,,
8.7524,-4,-78,0,0,-0.0064,0.1269,-0.0018,-25.1264,139.0523,0.1427,,,,,,,
8.7625,-1,-68,-3,-83,-0.0062,0.2397,0.0003,-25.1667,139.2886,0.1429,,,,,,,
8.7726,0,0,-4,-72,-0.0062,0.1119,0.0016,-25.1888,139.3985,0.1445,,,,,,,
8.7827,-1,-65,0,0,-0.0016,0.1057,-0.0015,-25.2055,139.5029,0.1430,,,,,,,
8.7924,,,,,,,,,,,-13.0715,149.2276,0.0764,-0.2299,2.9390,0.0006,1
8.7928,0,0,0,-69,0.0000,0.1073,0.0015,-25.2209,139.6091,0.1445,,,,,,,
8.8028,2,-71,0,-79,0.0032,0.2383,0.0001,-25.2521,139.8454,0.1447,,,,,,,
8.8129,0,-68,0,0,0.0000,0.1106,-0.0016,-25.2680,139.9549,0.1431,,,,,,,
8.8230,0,0,0,-102,0.0000,0.1586,0.0023,-25.2907,140.1118,0.1453,,,,,,,
8.8331,0,-80,0,0,0.0000,0.1301,-0.0019,-25.3095,140.2406,0.1435,,,,,,,
8.8431,0,-81,-1,-91,-0.0015,0.2733,0.0001,-25.3501,140.5109,0.1436,,,,,,,
8.8533,0,0,-6,-99,-0.0093,0.1539,0.0022,-25.3814,140.6618,0.1458,,,,,,,
8.8634,-1,-89,0,0,-0.0016,0.1448,-0.0021,-25.4039,140.8049,0.1437,,,,,,,
8.8734,0,0,-2,-95,-0.0031,0.1477,0.0021,-25.4283,140.9506,0.1459,,,,,,,
8.8835,-1,-83,-2,-89,-0.0047,0.2734,0.0000,-25.4726,141.2204,0.1459,,,,,,,
8.8936,0,-77,0,0,0.0000,0.1253,-0.0018,-25.4907,141.3444,0.1441,,,,,,,
8.9036,0,0,-3,-88,-0.0046,0.1368,0.0020,-25.5151,141.4791,0.1461,,,,,,,
8.9137,-2,-77,-5,-97,-0.0109,0.2761,0.0004,-25.5661,141.7506,0.1464,,,,,,,
8.9238,-7,-86,0,0,-0.0111,0.1399,-0.0020,-25.5974,141.8874,0.1444,,,,,,,
8.9272,,,,,,,,,,,-12.4453,151.2238,0.0768,0.7768,1.9426,0.0004,1
8.9339,0,0,-6,-96,-0.0093,0.1493,0.0021,-25.6282,142.0338,0.1466,,,,,,,
8.9440,-4,-75,0,0,-0.0064,0.1220,-0.0017,-25.6522,142.1536,0.1448,,,,,,,
8.9541,-10,-86,-11,-95,-0.0329,0.2876,0.0001,-25.7262,142.4334,0.1449,,,,,,,
8.9642,0,0,-8,-101,-0.0123,0.1570,0.0022,-25.7613,142.5870,0.1472,,,,,,,
8.9742,-8,-82,0,0,-0.0127,0.1334,-0.0019,-25.7933,142.7171,0.1453,,,,,,,
8.9843,0,0,-9,-98,-0.0139,0.1524,0.0022,-25.8293,142.8658,0.1474,,,,,,,
8.9944,-1,-81,-8,-103,-0.0139,0.2919,0.0004,-25.8860,143.1525,0.1479,,,,,,,
9.0044,-2,-86,0,0,-0.0032,0.1399,-0.0020,-25.9096,143.2905,0.1459,,,,,,,
9.0146,0,0,-6,-100,-0.0093,0.1555,0.0022,-25.9415,143.4429,0.1481,,,,,,,
9.0246,-2,-88,0,0,-0.0032,0.1432,-0.0020,-25.9657,143.5841,0.1460,,,,,,,
9.0348,-3,-88,-4,-94,-0.0109,0.2893,0.0000,-26.0186,143.8687,0.1461,,,,,,,
9.0448,0,0,-10,-109,-0.0154,0.1695,0.0024,-26.0587,144.0341,0.1485,,,,,,,
9.0549,-9,-89,0,0,-0.0143,0.1448,-0.0021,-26.0941,144.1752,0.1464,,,,,,,
9.0650,0,0,-7,-98,-0.0108,0.1524,0.0022,-26.1272,144.3243,0.1486,,,,,,,
9.0744,,,,,,,,,,,-14.0178,153.8699,0.0770,-1.3648,2.7590,0.0002,1
9.0751,-3,-77,-10,-93,-0.0202,0.2699,0.0003,-26.1872,144.5882,0.1489,,,,,,,
9.0851,-7,-77,0,0,-0.0111,0.1253,-0.0018,-26.2167,144.7104,0.1471,,,,,,,
9.0952,0,0,-12,-98,-0.0185,0.1524,0.0022,-26.2575,144.8584,0.1493,,,,,,,
9.1053,-8,-77,0,0,-0.0127,0.1253,-0.0018,-26.2886,144.9804,0.1475,,,,,,,
9.1154,-7,-79,-9,-91,-0.0250,0.2700,0.0002,-26.3530,145.2438,0.1477,,,,,,,
9.1254,0,0,-8,-104,-0.0123,0.1617,0.0023,-26.3892,145.4019,0.1500,,,,,,,
9.1355,-5,-95,0,0,-0.0080,0.1546,-0.0022,-26.4200,145.5536,0.1478,,,,,,,
9.1456,0,0,-5,-98,-0.0077,0.1524,0.0022,-26.4502,145.7031,0.1499,,,,,,,
9.1556,0,-76,1,-75,0.0015,0.2402,-0.0001,-26.4845,145.9409,0.1498,,,,,,,
9.1657,4,-71,0,0,0.0064,0.1155,-0.0017,-26.4954,146.0561,0.1482,,,,,,,
9.1758,0,0,-2,-86,-0.0031,0.1337,0.0019,-26.5183,146.1878,0.1501,,,,,,,
9.1859,-1,-95,-1,-106,-0.0031,0.3194,0.0001,-26.5692,146.5031,0.1502,,,,,,,
9.1960,0,-81,0,0,0.0000,0.1318,-0.0019,-26.5888,146.6334,0.1484,,,,,,,
9.2061,0,0,0,-80,0.0000,0.1244,0.0018,-26.6073,146.7564,0.1501,,,,,,,
9.2127,,,,,,,,,,,-13.2259,156.2644,0.0788,0.9738,2.3265,0.0018,1
9.2162,-3,-72,0,0,-0.0048,0.1171,-0.0017,-26.6294,146.8715,0.1485,,,,,,,
9.2262,-3,-80,-4,-86,-0.0109,0.2639,0.0001,-26.6793,147.1309,0.1485,,,,,,,
9.2363,0,0,-2,-87,-0.0031,0.1353,0.0019,-26.7025,147.2642,0.1505,,,,,,,
9.2464,-4,-76,0,0,-0.0064,0.1236,-0.0018,-26.7272,147.3855,0.1487,,,,,,,
9.2565,0,0,-1,-89,-0.0015,0.1384,0.0020,-26.7493,147.5221,0.1507,,,,,,,
9.2666,-3,-75,-11,-84,-0.0217,0.2526,0.0001,-26.8088,147.7686,0.1508,,,,,,,
9.2766,-5,-76,0,0,-0.0080,0.1236,-0.0018,-26.8351,147.8896,0.1490,,,,,,,
9.2867,0,0,-5,-81,-0.0077,0.1259,0.0018,-26.8615,148.0130,0.1508,,,,,,,
9.2968,1,-77,0,0,0.0016,0.1253,-0.0018,-26.8787,148.1371,0.1490,,,,,,,
9.3069,-1,-80,2,-89,0.0015,0.2685,0.0001,-26.9171,148.4029,0.1491,,,,,,,
9.3169,0,0,-3,-92,-0.0046,0.1430,0.0020,-26.9430,148.5436,0.1512,,,,,,,
9.3270,-1,-81,0,0,-0.0016,0.1318,-0.0019,-26.9643,148.6737,0.1493,,,,,,,
9.3371,0,0,-4,-87,-0.0062,0.1353,0.0019,-26.9907,148.8065,0.1512,,,,,,,
9.3472,-1,-83,-3,-92,-0.0062,0.2781,0.0001,-27.0387,149.0804,0.1514,,,,,,,
9.3569,,,,,,,,,,,-13.6144,158.1784,0.0792,-0.2366,1.9386,0.0004,1
9.3573,-1,-87,0,0,-0.0016,0.1415,-0.0020,-27.0615,149.2201,0.1493,,,,,,,
9.3673,0,0,-4,-91,-0.0062,0.1415,0.0020,-27.0888,149.3591,0.1514,,,,,,,
9.3774,-3,-78,0,0,-0.0048,0.1269,-0.0018,-27.1125,149.4838,0.1495,,,,,,,
9.3875,-1,-84,-7,-90,-0.0124,0.2766,0.0000,-27.1660,149.7555,0.1496,,,,,,,
9.3975,0,0,-3,-92,-0.0046,0.1430,0.0020,-27.1920,149.8962,0.1516,,,,,,,
9.4076,-6,-84,0,0,-0.0095,0.1367,-0.0020,-27.2220,150.0299,0.1497,,,,,,,
9.4177,-4,-77,-10,-93,-0.0218,0.2699,0.0003,-27.2838,150.2935,0.1500,,,,,,,
9.4278,0,0,-8,-88,-0.0123,0.1368,0.0020,-27.3166,150.4269,0.1519,,,,,,,
9.4379,-1,-66,0,0,-0.0016,0.1074,-0.0015,-27.3343,150.5328,0.1504,,,,,,,
9.4479,0,0,-1,-88,-0.0015,0.1368,0.0020,-27.3565,150.6678,0.1523,,,,,,,
9.4580,-4,-91,-10,-100,-0.0218,0.3035,0.0001,-27.4241,150.9645,0.1524,,,,,,,
9.4681,-4,-77,0,0,-0.0064,0.1253,-0.0018,-27.4493,151.0874,0.1506,,,,,,,
9.4782,0,0,-9,-92,-0.0139,0.1430,0.0020,-27.4846,151.2267,0.1527,,,,,,,
9.4882,-4,-82,0,0,-0.0064,0.1334,-0.0019,-27.5110,151.3576,0.1508,,,,,,,
9.4925,,,,,,,,,,,-15.0216,160.9199,0.0796,-1.1858,2.8443,0.0004,1
9.4984,1,-91,0,-98,0.0016,0.3004,0.0001,-27.5546,151.6548,0.1508,,,,,,,
9.5085,0,0,-6,-97,-0.0093,0.1508,0.0022,-27.5866,151.8025,0.1530,,,,,,,
9.5185,-3,-94,0,0,-0.0048,0.1529,-0.0022,-27.6144,151.9529,0.1508,,,,,,,
9.5286,0,0,-7,-91,-0.0108,0.1415,0.0020,-27.6465,152.0912,0.1528,,,,,,,
9.5387,-1,-75,-2,-95,-0.0047,0.2697,0.0004,-27.6922,152.3570,0.1532,,,,,,,
9.5488,-1,-90,0,0,-0.0016,0.1464,-0.0021,-27.7160,152.5015,0.1511,,,,,,,
9.5588,0,0,-3,-92,-0.0046,0.1430,0.0020,-27.7422,152.6422,0.1532,,,,,,,
9.5689,-2,-75,0,0,-0.0032,0.1220,-0.0017,-27.7639,152.7623,0.1514,,,,,,,
9.5790,-2,-69,-3,-80,-0.0078,0.2366,0.0002,-27.8073,152.9951,0.1516,,,,,,,
9.5891,0,0,-1,-83,-0.0015,0.1290,0.0018,-27.8284,153.1224,0.1534,,,,,,,
9.5991,3,-87,0,0,0.0048,0.1415,-0.0020,-27.8452,153.2630,0.1514,,,,,,,
9.6092,0,0,-4,-95,-0.0062,0.1477,0.0021,-27.8737,153.4080,0.1535,,,,,,,
9.6193,-4,-83,-3,-89,-0.0110,0.2734,0.0000,-27.9264,153.6765,0.1536,,,,,,,
9.6270,,,,,,,,,,,-15.1472,162.9388,0.0801,0.0353,2.0225,0.0004,1
9.6294,-1,-74,0,0,-0.0016,0.1204,-0.0017,-27.9463,153.7953,0.1518,,,,,,,
9.6394,0,0,-5,-91,-0.0077,0.1415,0.0020,-27.9755,153.9339,0.1539,,,,,,,
9.6495,-1,-82,0,0,-0.0016,0.1334,-0.0019,-27.9974,154.0655,0.1520,,,,,,,
9.6596,0,-78,-2,-89,-0.0031,0.2653,0.0002,-28.0406,154.3273,0.1521,,,,,,,
9.6697,0,0,-1,-85,-0.0015,0.1322,0.0019,-28.0623,154.4577,0.1540,,,,,,,
9.6797,-1,-79,0,0,-0.0016,0.1285,-0.0018,-28.0834,154.5844,0.1522,,,,,,,
9.6898,-3,-81,-5,-81,-0.0125,0.2577,-0.0001,-28.1348,154.8373,0.1521,,,,,,,
9.6999,0,0,-1,-87,-0.0015,0.1353,0.0019,-28.1570,154.9707,0.1540,,,,,,,
9.7100,0,-76,0,0,0.0000,0.1236,-0.0018,-28.1758,155.0929,0.1523,,,,,,,
9.7201,0,0,0,-80,0.0000,0.1244,0.0018,-28.1948,155.2158,0.1540,,,,,,,
9.7301,-2,-71,-10,-98,-0.0186,0.2679,0.0005,-28.2544,155.4777,0.1546,,,,,,,
9.7402,-7,-76,0,0,-0.0111,0.1236,-0.0018,-28.2843,155.5982,0.1528,,,,,,,
9.7503,0,0,-9,-85,-0.0139,0.1322,0.0019,-28.3182,155.7266,0.1547,,,,,,,
9.7604,-8,-70,0,0,-0.0127,0.1139,-0.0016,-28.3483,155.8372,0.1531,,,,,,,
9.7704,-5,-91,-10,-101,-0.0234,0.3051,0.0001,-28.4179,156.1352,0.1532,,,,,,,
9.7748,,,,,,,,,,,-14.4222,165.6045,0.0809,0.9359,2.5992,0.0008,1
9.7805,0,0,-11,-91,-0.0170,0.1415,0.0020,-28.4564,156.2724,0.1552,,,,,,,
9.7906,-8,-76,0,0,-0.0127,0.1236,-0.0018,-28.4880,156.3926,0.1534,,,,,,,
9.8007,0,0,-7,-92,-0.0108,0.1430,0.0020,-28.5206,156.5322,0.1555,,,,,,,
9.8107,-4,-83,-10,-104,-0.0218,0.2967,0.0004,-28.5881,156.8220,0.1559,,,,,,,
9.8208,-8,-92,0,0,-0.0127,0.1497,-0.0021,-28.6238,156.9679,0.1537,,,,,,,
9.8309,0,0,-11,-101,-0.0170,0.1570,0.0022,-28.6648,157.1205,0.1560,,,,,,,
9.8410,-8,-77,0,0,-0.0127,0.1253,-0.0018,-28.6967,157.2423,0.1542,,,,,,,
9.8510,-4,-80,-7,-88,-0.0172,0.2670,0.0001,-28.7547,157.5034,0.1543,,,,,,,
9.8611,0,0,0,0,0.0000,0.0000,0.0000,-28.7547,157.5034,0.1543,,,,,,,
9.8712,-3,-82,0,0,-0.0048,0.1334,-0.0019,-28.7797,157.6345,0.1524,,,,,,,
9.8813,0,0,-7,-89,-0.0108,0.1384,0.0020,-28.8115,157.7696,0.1543,,,,,,,
9.8914,-7,-82,-16,-95,-0.0358,0.2811,0.0002,-28.8902,158.0419,0.1546,,,,,,,
9.9014,-12,-84,0,0,-0.0191,0.1367,-0.0020,-28.9299,158.1740,0.1526,,,,,,,
9.9096,,,,,,,,,,,-14.9200,167.9827,0.0814,-0.3040,2.4107,0.0006,1
9.9115,0,0,-20,-189,-0.0308,0.2938,0.0042,-29.0057,158.4596,0.1568,,,,,,,
9.9216,-5,-81,0,0,-0.0080,0.1318,-0.0019,-29.0340,158.5885,0.1549,,,,,,,
9.9316,-6,-84,-8,-94,-0.0219,0.2828,0.0001,-29.0993,158.8646,0.1550,,,,,,,
9.9417,0,0,-6,-92,-0.0093,0.1430,0.0020,-29.1306,159.0044,0.1571,,,,,,,
9.9518,-5,-85,0,0,-0.0080,0.1383,-0.0020,-29.1600,159.1398,0.1551,,,,,,,
9.9619,-4,-83,-8,-95,-0.0187,0.2827,0.0002,-29.2222,159.4162,0.1553,,,,,,,
9.9720,0,0,-5,-92,-0.0077,0.1430,0.0020,-29.2520,159.5563,0.1573,,,,,,,
9.9820,-2,-84,0,0,-0.0032,0.1367,-0.0020,-29.2765,159.6908,0.1554,,,,,,,
9.9921,0,0,1,-86,0.0015,0.1337,0.0019,-29.2958,159.8232,0.1573,,,,,,,
10.0024,2,-77,-2,-93,0.0001,0.2699,0.0003,-29.3380,160.0897,0.1576,,,,,,,
10.0125,-3,-75,0,0,-0.0048,0.1220,-0.0017,-29.3617,160.2095,0.1558,,,,,,,
10.0226,0,0,-3,-85,-0.0046,0.1322,0.0019,-29.3869,160.3393,0.1577,,,,,,,
10.0327,-1,-82,0,0,-0.0016,0.1334,-0.0019,-29.4093,160.4708,0.1558,,,,,,,
10.0427,-2,-82,-5,-89,-0.0109,0.2718,0.0001,-29.4623,160.7376,0.1559,,,,,,,
10.0528,0,0,-5,-90,-0.0077,0.1399,0.0020,-29.4918,160.8746,0.1579,,,,,,,
10.0587,,,,,,,,,,,-14.1956,170.8510,0.0831,0.9553,2.7998,0.0016,1
10.0629,-3,-78,0,0,-0.0048,0.1269,-0.0018,-29.5163,160.9992,0.1561,,,,,,,
10.0730,0,0,-5,-82,-0.0077,0.1275,0.0018,-29.5439,161.1239,0.1579,,,,,,,
10.0830,-3,-68,-1,-80,-0.0063,0.2350,0.0002,-29.5871,161.3550,0.1581,,,,,,,
10.0931,2,-87,0,0,0.0032,0.1415,-0.0020,-29.6061,161.4953,0.1561,,,,,,,
10.1032,0,0,0,-98,0.0000,0.1524,0.0022,-29.6299,161.6458,0.1582,,,,,,,
10.1133,-2,-84,0,0,-0.0032,0.1367,-0.0020,-29.6545,161.7802,0.1563,,,,,,,
10.1234,0,-72,-2,-73,-0.0031,0.2306,-0.0001,-29.6934,162.0076,0.1562,,,,,,,
10.1334,0,0,-1,-83,-0.0015,0.1290,0.0018,-29.7151,162.1348,0.1581,,,,,,,
10.1435,0,-84,0,0,0.0000,0.1367,-0.0020,-29.7365,162.2698,0.1561,,,,,,,
10.1536,0,0,-1,-100,-0.0015,0.1555,0.0022,-29.7624,162.4231,0.1584,,,,,,,
10.1636,-2,-83,-5,-87,-0.0109,0.2703,0.0000,-29.8157,162.6883,0.1584,,,,,,,
10.1737,-4,-68,0,0,-0.0064,0.1106,-0.0016,-29.8394,162.7965,0.1568,,,,,,,
10.1838,0,0,-13,-82,-0.0200,0.1275,0.0018,-29.8792,162.9193,0.1586,,,,,,,
10.1919,,,,,,,,,,,-14.6938,173.4323,0.0836,-0.2823,2.6138,0.0005,1
10.1940,-8,-81,-10,-103,-0.0281,0.2919,0.0004,-29.9532,163.2031,0.1590,,,,,,,
10.2041,-9,-77,0,0,-0.0143,0.1253,-0.0018,-29.9870,163.3245,0.1572,,,,,,,
10.2141,0,0,-9,-87,-0.0139,0.1353,0.0019,-30.0220,163.4559,0.1591,,,,,,,
10.2242,-10,-71,0,0,-0.0159,0.1155,-0.0017,-30.0559,163.5675,0.1575,,,,,,,
10.2343,-12,-78,-14,-90,-0.0407,0.2668,0.0002,-30.1380,163.8246,0.1577,,,,,,,
10.2443,0,0,-8,-89,-0.0123,0.1384,0.0020,-30.1720,163.9593,0.1597,,,,,,,
10.2544,-1,-80,0,0,-0.0016,0.1301,-0.0019,-30.1942,164.0876,0.1578,,,,,,,
10.2645,0,0,-4,-93,-0.0062,0.1446,0.0021,-30.2231,164.2294,0.1599,,,,,,,
10.2746,-2,-74,-7,-91,-0.0140,0.2619,0.0003,-30.2787,164.4856,0.1602,,,,,,,
10.2847,-7,-86,0,0,-0.0111,0.1399,-0.0020,-30.3118,164.6220,0.1582,,,,,,,
10.2947,0,0,-9,-91,-0.0139,0.1415,0.0020,-30.3479,164.7595,0.1602,,,,,,,
10.3048,-5,-80,0,0,-0.0080,0.1301,-0.0019,-30.3764,164.8868,0.1583,,,,,,,
10.3149,-2,-82,-10,-91,-0.0186,0.2749,0.0001,-30.4382,165.1553,0.1584,,,,,,,
10.3250,0,0,-10,-97,-0.0154,0.1508,0.0022,-30.4773,165.3017,0.1606,,,,,,,
10.3351,-5,-81,0,0,-0.0080,0.1318,-0.0019,-30.5061,165.4306,0.1587,,,,,,,
10.3399,,,,,,,,,,,-16.5388,176.0520,0.0838,-1.6198,2.7646,0.0002,1
10.3452,0,0,-9,-93,-0.0139,0.1446,0.0021,-30.5428,165.5711,0.1608,,,,,,,
10.3552,-4,-78,-8,-93,-0.0187,0.2715,0.0003,-30.6048,165.8361,0.1610,,,,,,,
10.3653,-4,-80,0,0,-0.0064,0.1301,-0.0019,-30.6318,165.9636,0.1592,,,,,,,
10.3754,0,0,-11,-90,-0.0170,0.1399,0.0020,-30.6709,166.0990,0.1612,,,,,,,
10.3855,-7,-72,0,0,-0.0111,0.1171,-0.0017,-30.7006,166.2128,0.1595,,,,,,,
10.3956,-1,-70,-2,-79,-0.0047,0.2367,0.0001,-30.7428,166.4458,0.1596,,,,,,,
10.4056,0,0,-5,-85,-0.0077,0.1322,0.0019,-30.7715,166.5750,0.1615,,,,,,,
10.4157,-2,-82,0,0,-0.0032,0.1334,-0.0019,-30.7960,166.7062,0.1596,,,,,,,
10.4259,-6,-81,-3,-96,-0.0142,0.2810,0.0002,-30.8547,166.9814,0.1599,,,,,,,
10.4360,0,0,-8,-90,-0.0123,0.1399,0.0020,-30.8893,167.1175,0.1619,,,,,,,
10.4461,0,-69,0,0,0.0000,0.1123,-0.0016,-30.9073,167.2283,0.1603,,,,,,,
10.4561,0,0,1,-87,0.0015,0.1353,0.0019,-30.9275,167.3621,0.1622,,,,,,,
10.4662,-1,-79,-3,-91,-0.0062,0.2700,0.0002,-30.9772,167.6276,0.1624,,,,,,,
10.4743,,,,,,,,,,,-15.9409,178.5800,0.0848,0.8073,2.4691,0.0010,1
10.4763,1,-81,0,0,0.0016,0.1318,-0.0019,-30.9968,167.7579,0.1605,,,,,,,
10.4864,0,0,-2,-83,-0.0031,0.1290,0.0018,-31.0206,167.8847,0.1623,,,,,,,
10.4965,0,-74,0,0,0.0000,0.1204,-0.0017,-31.0400,168.0036,0.1606,,,,,,,
10.5065,-1,-80,-2,-89,-0.0047,0.2685,0.0001,-31.0876,168.2679,0.1607,,,,,,,
10.5166,0,0,-4,-86,-0.0062,0.1337,0.0019,-31.1152,168.3988,0.1626,,,,,,,
10.5267,-1,-76,0,0,-0.0016,0.1236,-0.0018,-31.1367,168.5206,0.1609,,,,,,,
10.5368,0,0,-4,-79,-0.0062,0.1228,0.0018,-31.1625,168.6408,0.1626,,,,,,,
10.5468,-2,-66,-3,-86,-0.0078,0.2411,0.0004,-31.2093,168.8775,0.1630,,,,,,,
10.5569,-6,-80,0,0,-0.0095,0.1301,-0.0019,-31.2397,169.0044,0.1611,,,,,,,
10.5670,0,0,-9,-95,-0.0139,0.1477,0.0021,-31.2773,169.1479,0.1633,,,,,,,
10.5771,-5,-80,0,0,-0.0080,0.1301,-0.0019,-31.3062,169.2751,0.1614,,,,,,,
10.5871,-2,-80,-6,-84,-0.0124,0.2607,0.0000,-31.3603,169.5304,0.1614,,,,,,,
10.5972,0,0,-5,-88,-0.0077,0.1368,0.0020,-31.3901,169.6642,0.1634,,,,,,,
10.6073,-2,-79,0,0,-0.0032,0.1285,-0.0018,-31.4140,169.7905,0.1615,,,,,,,
10.6083,,,,,,,,,,,-15.5869,180.0180,0.0852,0.4746,1.4029,0.0004,1
10.6173,0,0,-6,-93,-0.0093,0.1446,0.0021,-31.4465,169.9317,0.1636,,,,,,,
10.6274,-1,-74,-6,-92,-0.0108,0.2634,0.0003,-31.5001,170.1898,0.1639,,,,,,,
10.6375,-4,-86,0,0,-0.0064,0.1399,-0.0020,-31.5291,170.3268,0.1619,,,,,,,
10.6475,0,0,-10,-101,-0.0154,0.1570,0.0022,-31.5698,170.4793,0.1642,,,,,,,
10.6576,-9,-78,0,0,-0.0143,0.1269,-0.0018,-31.6046,170.6022,0.1623,,,,,,,
10.6677,-5,-69,-5,-90,-0.0157,0.2522,0.0004,-31.6608,170.8485,0.1627,,,,,,,
10.6778,0,0,-3,-80,-0.0046,0.1244,0.0018,-31.6857,170.9705,0.1645,,,,,,,
10.6878,0,-74,0,0,0.0000,0.1204,-0.0017,-31.7053,171.0892,0.1628,,,,,,,
10.6979,-4,-76,-7,-85,-0.0172,0.2558,0.0001,-31.7637,171.3389,0.1629,,,,,,,
10.7080,0,0,-9,-90,-0.0139,0.1399,0.0020,-31.8002,171.4747,0.1649,,,,,,,
10.7181,-9,-69,0,0,-0.0143,0.1123,-0.0016,-31.8327,171.5831,0.1633,,,,,,,
10.7282,0,0,-11,-83,-0.0170,0.1290,0.0018,-31.8705,171.7076,0.1652,,,,,,,
10.7382,-5,-70,-4,-84,-0.0141,0.2445,0.0002,-31.9246,171.9464,0.1654,,,,,,,
10.7483,-1,-77,0,0,-0.0016,0.1253,-0.0018,-31.9467,172.0697,0.1636,,,,,,,
10.7583,,,,,,,,,,,-16.5828,183.0804,0.0862,-0.7317,3.1361,0.0010,1
10.7584,0,0,-1,-88,-0.0015,0.1368,0.0020,-31.9707,172.2045,0.1656,,,,,,,
10.7685,-3,-74,0,0,-0.0048,0.1204,-0.0017,-31.9951,172.3224,0.1638,,,,,,,
10.7785,-1,-69,-3,-89,-0.0062,0.2506,0.0004,-32.0422,172.5687,0.1642,,,,,,,
10.7886,0,0,0,-83,0.0000,0.1290,0.0018,-32.0634,172.6960,0.1661,,,,,,,
10.7987,0,-80,0,0,0.0000,0.1301,-0.0019,-32.0848,172.8244,0.1642,,,,,,,
10.8088,0,0,0,-88,0.0000,0.1368,0.0020,-32.1073,172.9593,0.1662,,,,,,,
10.8188,1,-80,-1,-87,0.0000,0.2654,0.0001,-32.1511,173.2211,0.1662,,,,,,,
10.8289,0,-79,0,0,0.0000,0.1285,-0.0018,-32.1723,173.3478,0.1644,,,,,,,
10.8390,0,0,-1,-91,-0.0015,0.1415,0.0020,-32.1971,173.4871,0.1664,,,,,,,
10.8491,-1,-69,0,0,-0.0016,0.1123,-0.0016,-32.2172,173.5976,0.1648,,,,,,,
10.8592,1,-75,-2,-79,-0.0015,0.2448,0.0000,-32.2588,173.8389,0.1648,,,,,,,
10.8692,0,0,-2,-86,-0.0031,0.1337,0.0019,-32.2839,173.9702,0.1667,,,,,,,
10.8793,2,-76,0,0,0.0032,0.1236,-0.0018,-32.3012,174.0927,0.1650,,,,,,,
10.8894,0,0,-2,-85,-0.0031,0.1322,0.0019,-32.3261,174.2225,0.1669,,,,,,,
10.8917,,,,,,,,,,,-17.0369,184.5116,0.0863,-0.3292,1.4650,0.0001,1
10.8995,-2,-72,-2,-81,-0.0063,0.2431,0.0001,-32.3726,174.4612,0.1670,,,,,,,
10.9095,0,-70,0,0,0.0000,0.1139,-0.0016,-32.3915,174.5735,0.1653,,,,,,,
10.9196,0,0,2,-76,0.0031,0.1182,0.0017,-32.4080,174.6905,0.1670,,,,,,,
10.9297,3,-72,0,0,0.0048,0.1171,-0.0017,-32.4226,174.8069,0.1654,,,,,,,
10.9398,6,-63,2,-71,0.0126,0.2129,0.0001,-32.4452,175.0189,0.1655,,,,,,,
10.9498,0,0,8,-69,0.0123,0.1073,0.0015,-32.4508,175.1267,0.1670,,,,,,,
10.9599,5,-73,0,0,0.0080,0.1188,-0.0017,-32.4626,175.2452,0.1653,,,,,,,
10.9701,9,-79,10,-81,0.0297,0.2545,-0.0000,-32.4752,175.5011,0.1653,,,,,,,
10.9802,0,0,3,-83,0.0046,0.1290,0.0018,-32.4919,175.6291,0.1671,,,,,,,
10.9903,2,-76,0,0,0.0032,0.1236,-0.0018,-32.5093,175.7516,0.1654,,,,,,,
11.0005,0,0,-1,-86,-0.0015,0.1337,0.0019,-32.5329,175.8832,0.1673,,,,,,,
11.0106,1,-80,1,-79,0.0031,0.2530,-0.0001,-32.5719,176.1331,0.1672,,,,,,,
11.0207,0,-71,0,0,0.0000,0.1155,-0.0017,-32.5911,176.2471,0.1655,,,,,,,
11.0308,0,0,-1,-87,-0.0015,0.1353,0.0019,-32.6150,176.3802,0.1674,,,,,,,
11.0395,,,,,,,,,,,-15.8228,186.7495,0.0863,1.4025,2.1249,-0.0001,1
11.0409,0,-75,0,0,0.0000,0.1220,-0.0017,-32.6352,176.5005,0.1657,,,,,,,
11.0510,-1,-66,-1,-80,-0.0031,0.2318,0.0002,-32.6766,176.7286,0.1659,,,,,,,
11.0611,0,0,0,-80,0.0000,0.1244,0.0018,-32.6972,176.8512,0.1677,,,,,,,
11.0711,-2,-72,0,0,-0.0032,0.1171,-0.0017,-32.7198,176.9662,0.1660,,,,,,,
11.0812,0,0,0,-87,0.0000,0.1353,0.0019,-32.7423,177.0996,0.1680,,,,,,,
11.0913,1,-84,-1,-89,0.0000,0.2750,0.0000,-32.7882,177.3708,0.1680,,,,,,,
11.1017,-2,-80,0,0,-0.0032,0.1301,-0.0019,-32.8130,177.4986,0.1661,,,,,,,
11.1117,0,0,-7,-103,-0.0108,0.1601,0.0023,-32.8503,177.6547,0.1684,,,,,,,
11.1218,-2,-82,0,0,-0.0032,0.1334,-0.0019,-32.8757,177.7857,0.1665,,,,,,,
11.1322,-3,-80,-5,-96,-0.0125,0.2794,0.0003,-32.9344,178.0591,0.1668,,,,,,,
11.1423,0,0,-4,-94,-0.0062,0.1461,0.0021,-32.9649,178.2022,0.1689,,,,,,,
11.1523,-4,-79,0,0,-0.0064,0.1285,-0.0018,-32.9926,178.3278,0.1670,,,,,,,
11.1624,-3,-77,-10,-91,-0.0202,0.2668,0.0002,-33.0569,178.5875,0.1673,,,,,,,
11.1725,0,0,-2,-93,-0.0031,0.1446,0.0021,-33.0842,178.7296,0.1693,,,,,,,
11.1748,,,,,,,,,,,-17.1718,189.9012,0.0850,-1.0723,3.2562,-0.0013,1
11.1827,-2,-81,0,0,-0.0032,0.1318,-0.0019,-33.1094,178.8589,0.1675,,,,,,,
11.1928,0,0,-9,-89,-0.0139,0.1384,0.0020,-33.1463,178.9930,0.1694,,,,,,,
11.2028,-3,-77,-10,-92,-0.0202,0.2683,0.0003,-33.2115,179.2541,0.1697,,,,,,,
11.2129,-3,-70,0,0,-0.0048,0.1139,-0.0016,-33.2353,179.3655,0.1681,,,,,,,
11.2230,0,0,-7,-81,-0.0108,0.1259,0.0018,-33.2671,179.4879,0.1699,,,,,,,
11.2333,-2,-73,0,0,-0.0032,0.1188,-0.0017,-33.2902,179.6044,0.1682,,,,,,,
11.2434,0,-80,-2,-92,-0.0031,0.2732,0.0002,-33.3390,179.8732,0.1684,,,,,,,
11.2535,0,0,-2,-95,-0.0031,0.1477,0.0021,-33.3670,180.0183,0.1705,,,,,,,
11.2636,-1,-75,0,0,-0.0016,0.1220,-0.0017,-33.3891,180.1383,0.1687,,,,,,,
11.2737,0,0,-1,-93,-0.0015,0.1446,0.0021,-33.4151,180.2805,0.1708,,,,,,,
11.2837,-2,-88,-2,-97,-0.0063,0.2940,0.0001,-33.4712,180.5691,0.1709,,,,,,,
11.2938,0,-86,0,0,0.0000,0.1399,-0.0020,-33.4949,180.7070,0.1689,,,,,,,
11.3039,0,0,-5,-88,-0.0077,0.1368,0.0020,-33.5256,180.8406,0.1709,,,,,,,
11.3140,-2,-77,-3,-89,-0.0078,0.2636,0.0002,-33.5781,181.0991,0.1710,,,,,,,
11.3214,,,,,,,,,,,-16.9857,192.0953,0.0855,0.3717,2.1704,0.0005,1
11.3240,0,-76,0,0,0.0000,0.1236,-0.0018,-33.5991,181.2209,0.1693,,,,,,,
11.3341,0,0,0,-81,0.0000,0.1259,0.0018,-33.6204,181.3450,0.1711,,,,,,,
11.3442,0,-75,0,0,0.0000,0.1220,-0.0017,-33.6411,181.4653,0.1693,,,,,,,
11.3543,-1,-39,0,-89,-0.0016,0.2018,0.0011,-33.6768,181.6639,0.1704,,,,,,,
11.3643,0,0,-5,-91,-0.0077,0.1415,0.0020,-33.7085,181.8020,0.1724,,,,,,,
11.3744,-2,-71,0,0,-0.0032,0.1155,-0.0017,-33.7314,181.9153,0.1708,,,,,,,
11.3845,0,0,-8,-97,-0.0123,0.1508,0.0022,-33.7693,182.0618,0.1729,,,,,,,
11.3946,-9,-84,-7,-93,-0.0251,0.2812,0.0001,-33.8424,182.3345,0.1730,,,,,,,
11.4046,-3,-78,0,0,-0.0048,0.1269,-0.0018,-33.8689,182.4587,0.1712,,,,,,,
11.4147,0,0,-6,-98,-0.0093,0.1524,0.0022,-33.9041,182.6072,0.1734,,,,,,,
11.4248,-6,-82,0,0,-0.0095,0.1334,-0.0019,-33.9364,182.7370,0.1715,,,,,,,
11.4349,-1,-81,-3,-92,-0.0062,0.2748,0.0002,-33.9894,183.0067,0.1717,,,,,,,
11.4449,0,0,-4,-90,-0.0062,0.1399,0.0020,-34.0196,183.1435,0.1737,,,,,,,
11.4550,-2,-83,0,0,-0.0032,0.1350,-0.0019,-34.0459,183.2760,0.1717,,,,,,,
11.4577,,,,,,,,,,,-16.3627,194.6660,0.0869,0.8403,2.5081,0.0014,1
11.4651,0,0,-1,-93,-0.0015,0.1446,0.0021,-34.0723,183.4182,0.1738,,,,,,,
11.4751,-3,-84,-5,-94,-0.0125,0.2828,0.0001,-34.1335,183.6945,0.1739,,,,,,,
11.4852,-5,-83,0,0,-0.0080,0.1350,-0.0019,-34.1646,183.8262,0.1720,,,,,,,
11.4953,0,0,-8,-100,-0.0123,0.1555,0.0022,-34.2035,183.9772,0.1742,,,,,,,
11.5054,-9,-77,0,0,-0.0143,0.1253,-0.0018,-34.2392,184.0981,0.1724,,,,,,,
11.5154,-10,-87,-9,-96,-0.0298,0.2908,0.0001,-34.3184,184.3795,0.1725,,,,,,,
11.5255,0,0,-9,-93,-0.0139,0.1446,0.0021,-34.3571,184.5195,0.1746,,,,,,,
11.5356,-8,-74,0,0,-0.0127,0.1204,-0.0017,-34.3904,184.6359,0.1729,,,,,,,
11.5457,0,0,-10,-96,-0.0154,0.1493,0.0021,-34.4314,184.7802,0.1750,,,,,,,
11.5557,-5,-86,-6,-95,-0.0172,0.2876,0.0001,-34.4985,185.0605,0.1751,,,,,,,
11.5658,-6,-85,0,0,-0.0095,0.1383,-0.0020,-34.5318,185.1950,0.1732,,,,,,,
11.5759,0,0,-10,-90,-0.0154,0.1399,0.0020,-34.5713,185.3301,0.1752,,,,,,,
11.5860,-3,-84,-5,-98,-0.0125,0.2890,0.0002,-34.6340,185.6126,0.1754,,,,,,,
11.5928,,,,,,,,,,,-17.2522,197.1827,0.0876,-0.6677,2.5845,0.0007,1
11.5961,3,-83,0,0,0.0048,0.1350,-0.0019,-34.6527,185.7464,0.1734,,,,,,,
11.6062,0,0,-7,-101,-0.0108,0.1570,0.0022,-34.6906,185.8991,0.1757,,,,,,,
11.6163,-2,-81,0,0,-0.0032,0.1318,-0.0019,-34.7166,186.0283,0.1738,,,,,,,
11.6263,-1,-79,-2,-77,-0.0047,0.2482,-0.0001,-34.7642,186.2720,0.1737,,,,,,,
11.6364,0,0,-7,-93,-0.0108,0.1446,0.0021,-34.7999,186.4126,0.1757,,,,,,,
11.6465,-6,-79,0,0,-0.0095,0.1285,-0.0018,-34.8317,186.5375,0.1739,,,,,,,
11.6566,0,0,-7,-91,-0.0108,0.1415,0.0020,-34.8669,186.6749,0.1759,,,,,,,
11.6666,-2,-74,-2,-79,-0.0063,0.2432,0.0000,-34.9157,186.9133,0.1760,,,,,,,
11.6767,-1,-75,0,0,-0.0016,0.1220,-0.0017,-34.9385,187.0331,0.1742,,,,,,,
11.6868,0,0,-6,-83,-0.0093,0.1290,0.0018,-34.9701,187.1586,0.1761,,,,,,,
11.6969,-6,-68,0,0,-0.0095,0.1106,-0.0016,-34.9988,187.2659,0.1745,,,,,,,
11.7069,0,-73,-4,-74,-0.0062,0.2338,-0.0001,-35.0454,187.4951,0.1744,,,,,,,
11.7170,0,0,-4,-84,-0.0062,0.1306,0.0019,-35.0743,187.6226,0.1763,,,,,,,
11.7271,3,-72,0,0,0.0048,0.1171,-0.0017,-35.0900,187.7387,0.1746,,,,,,,
11.7372,0,0,2,-87,0.0031,0.1353,0.0019,-35.1106,187.8725,0.1766,,,,,,,
11.7402,,,,,,,,,,,-17.6387,199.4276,0.0879,-0.1886,2.2701,0.0004,1
11.7473,0,-77,-2,-85,-0.0031,0.2574,0.0001,-35.1589,188.1253,0.1767,,,,,,,
11.7574,1,-69,0,0,0.0016,0.1123,-0.0016,-35.1770,188.2361,0.1751,,,,,,,
11.7675,0,0,-2,-92,-0.0031,0.1430,0.0020,-35.2051,188.3764,0.1771,,,,,,,
11.7775,0,-59,0,0,0.0000,0.0960,-0.0014,-35.2219,188.4709,0.1757,,,,,,,
11.7876,-1,-34,-1,-85,-0.0031,0.1875,0.0011,-35.2579,188.6549,0.1768,,,,,,,
11.7977,0,0,-5,-84,-0.0077,0.1306,0.0019,-35.2886,188.7821,0.1787,,,,,,,
11.8078,-2,-71,0,0,-0.0032,0.1155,-0.0017,-35.3121,188.8952,0.1770,,,,,,,
11.8178,0,0,-3,-79,-0.0046,0.1228,0.0018,-35.3384,189.0153,0.1788,,,,,,,
11.8279,-6,-82,-8,-95,-0.0219,0.2811,0.0002,-35.4100,189.2880,0.1790,,,,,,,
11.8380,-3,-81,0,0,-0.0048,0.1318,-0.0019,-35.4380,189.4169,0.1771,,,,,,,
11.8481,0,0,-5,-82,-0.0077,0.1275,0.0018,-35.4682,189.5410,0.1789,,,,,,,
11.8581,-6,-70,-5,-82,-0.0173,0.2414,0.0002,-35.5281,189.7754,0.1791,,,,,,,
11.8682,-2,-75,0,0,-0.0032,0.1220,-0.0017,-35.5529,189.8949,0.1774,,,,,,,
11.8756,,,,,,,,,,,-17.6216,201.4403,0.0886,0.1938,2.0035,0.0007,1
11.8783,0,0,-3,-88,-0.0046,0.1368,0.0020,-35.5817,190.0288,0.1793,,,,,,,
11.8884,-2,-75,0,0,-0.0032,0.1220,-0.0017,-35.6065,190.1483,0.1776,,,,,,,
11.8985,-7,-82,-5,-89,-0.0188,0.2718,0.0001,-35.6731,190.4124,0.1777,,,,,,,
11.9086,0,0,-7,-90,-0.0108,0.1399,0.0020,-35.7086,190.5482,0.1797,,,,,,,
11.9186,-4,-81,0,0,-0.0064,0.1318,-0.0019,-35.7383,190.6768,0.1778,,,,,,,
11.9287,0,0,-12,-93,-0.0185,0.1446,0.0021,-35.7822,190.8158,0.1799,,,,,,,
11.9388,-4,-80,-5,-91,-0.0141,0.2716,0.0002,-35.8446,191.0805,0.1800,,,,,,,
11.9489,-2,-53,0,0,-0.0032,0.0862,-0.0012,-35.8632,191.1648,0.1788,,,,,,,
11.9589,0,0,-10,-97,-0.0154,0.1508,0.0022,-35.9053,191.3104,0.1809,,,,,,,
11.9690,-5,-74,0,0,-0.0080,0.1204,-0.0017,-35.9347,191.4274,0.1792,,,,,,,
11.9791,-7,-76,-9,-89,-0.0250,0.2620,0.0002,-36.0060,191.6808,0.1794,,,,,,,
11.9892,0,0,-9,-88,-0.0139,0.1368,0.0020,-36.0442,191.8129,0.1814,,,,,,,
11.9992,-5,-73,0,0,-0.0080,0.1188,-0.0017,-36.0734,191.9283,0.1797,,,,,,,
12.0093,0,0,-9,-90,-0.0139,0.1399,0.0020,-36.1122,192.0634,0.1817,,,,,,,
12.0194,-6,-76,-7,-92,-0.0203,0.2667,0.0003,-36.1804,192.3220,0.1820,,,,,,,
12.0246,,,,,,,,,,,-17.2444,203.8721,0.0905,0.5909,2.3888,0.0019,1
12.0295,-5,-79,0,0,-0.0080,0.1285,-0.0018,-36.2114,192.4470,0.1801,,,,,,,
12.0396,0,0,-4,-79,-0.0062,0.1228,0.0018,-36.2395,192.5667,0.1819,,,,,,,
12.0496,-3,-79,0,0,-0.0048,0.1285,-0.0018,-36.2674,192.6923,0.1800,,,,,,,
12.0597,-9,-67,-3,-98,-0.0189,0.2614,0.0006,-36.3329,192.9460,0.1807,,,,,,,
12.0698,0,0,-3,-82,-0.0046,0.1275,0.0018,-36.3605,193.0706,0.1825,,,,,,,
12.0799,1,-83,0,0,0.0016,0.1350,-0.0019,-36.3833,193.2037,0.1806,,,,,,,
12.0899,0,0,-3,-98,-0.0046,0.1524,0.0022,-36.4153,193.3527,0.1827,,,,,,,
12.1000,-1,-79,-1,-89,-0.0031,0.2669,0.0001,-36.4669,193.6146,0.1829,,,,,,,
12.1101,-5,-80,0,0,-0.0080,0.1301,-0.0019,-36.4983,193.7411,0.1810,,,,,,,
12.1202,0,0,-5,-83,-0.0077,0.1290,0.0018,-36.5292,193.8667,0.1829,,,,,,,
12.1303,-1,-77,-6,-84,-0.0108,0.2559,0.0001,-36.5864,194.1163,0.1829,,,,,,,
12.1404,-4,-76,0,0,-0.0064,0.1236,-0.0018,-36.6151,194.2367,0.1812,,,,,,,
12.1505,0,0,-7,-82,-0.0108,0.1275,0.0018,-36.6488,194.3602,0.1830,,,,,,,
12.1586,,,,,,,,,,,-18.2643,206.8436,0.0898,-0.7470,3.0516,-0.0008,1
12.1605,-5,-69,0,0,-0.0080,0.1123,-0.0016,-36.6769,194.4691,0.1814,,,,,,,
12.1706,-7,-66,-9,-81,-0.0250,0.2333,0.0003,-36.7437,194.6941,0.1817,,,,,,,
12.1807,0,0,-10,-85,-0.0154,0.1322,0.0019,-36.7828,194.8212,0.1835,,,,,,,
12.1908,-5,-75,0,0,-0.0080,0.1220,-0.0017,-36.8128,194.9398,0.1818,,,,,,,
12.2009,0,0,-11,-94,-0.0170,0.1461,0.0021,-36.8561,195.0804,0.1839,,,,,,,
12.2110,-5,-77,-8,-94,-0.0203,0.2714,0.0003,-36.9257,195.3435,0.1842,,,,,,,
12.2210,-5,-74,0,0,-0.0080,0.1204,-0.0017,-36.9554,195.4604,0.1825,,,,,,,
12.2311,0,0,-11,-94,-0.0170,0.1461,0.0021,-36.9988,195.6010,0.1846,,,,,,,
12.2412,-9,-85,0,0,-0.0143,0.1383,-0.0020,-37.0381,195.7344,0.1826,,,,,,,
12.2513,-3,-91,-5,-101,-0.0125,0.3051,0.0001,-37.1058,196.0321,0.1827,,,,,,,
12.2613,0,0,-8,-95,-0.0123,0.1477,0.0021,-37.1449,196.1751,0.1848,,,,,,,
12.2714,-5,-79,0,0,-0.0080,0.1285,-0.0018,-37.1762,196.3000,0.1830,,,,,,,
12.2815,0,0,-9,-91,-0.0139,0.1415,0.0020,-37.2157,196.4365,0.1850,,,,,,,
12.2916,-3,-75,-2,-80,-0.0079,0.2464,0.0000,-37.2688,196.6773,0.1850,,,,,,,
12.3016,-1,-72,0,0,-0.0016,0.1171,-0.0017,-37.2918,196.7921,0.1834,,,,,,,
12.3051,,,,,,,,,,,-19.0346,209.1646,0.0905,-0.5591,2.3806,0.0007,1
12.3117,0,0,-2,-84,-0.0031,0.1306,0.0019,-37.3188,196.9200,0.1852,,,,,,,
12.3218,-1,-75,0,0,-0.0016,0.1220,-0.0017,-37.3427,197.0396,0.1835,,,,,,,
12.3319,0,-33,-1,-77,-0.0015,0.1734,0.0009,-37.3759,197.2098,0.1844,,,,,,,
12.3419,0,0,-3,-78,-0.0046,0.1213,0.0017,-37.4028,197.3282,0.1862,,,,,,,
12.3521,0,-67,0,0,0.0000,0.1090,-0.0016,-37.4229,197.4353,0.1846,,,,,,,
12.3622,6,-70,2,-71,0.0126,0.2243,-0.0000,-37.4517,197.6581,0.1846,,,,,,,
12.3722,0,0,6,-67,0.0093,0.1042,0.0015,-37.4618,197.7622,0.1860,,,,,,,
12.3823,6,-67,0,0,0.0095,0.1090,-0.0016,-37.4725,197.8710,0.1845,,,,,,,
12.3924,0,0,3,-67,0.0046,0.1042,0.0015,-37.4871,197.9743,0.1860,,,,,,,
12.4025,8,-71,9,-73,0.0266,0.2290,-0.0000,-37.5033,198.2043,0.1859,,,,,,,
12.4126,8,-82,0,0,0.0127,0.1334,-0.0019,-37.5153,198.3377,0.1840,,,,,,,
12.4227,0,0,8,-78,0.0123,0.1213,0.0017,-37.5255,198.4592,0.1858,,,,,,,
12.4328,3,-73,0,0,0.0048,0.1188,-0.0017,-37.5427,198.5768,0.1841,,,,,,,
12.4395,,,,,,,,,,,-19.3845,211.4889,0.0905,-0.1385,2.3465,0.0000,1
12.4429,5,-72,3,-72,0.0126,0.2291,-0.0001,-37.5722,198.8043,0.1840,,,,,,,
12.4530,0,0,7,-74,0.0108,0.1151,0.0016,-37.5827,198.9194,0.1856,,,,,,,
12.4631,9,-69,0,0,0.0143,0.1123,-0.0016,-37.5893,199.0324,0.1840,,,,,,,
12.4732,0,0,3,-66,0.0046,0.1026,0.0015,-37.6036,199.1341,0.1855,,,,,,,
12.4833,5,-71,7,-76,0.0187,0.2337,0.0000,-37.6283,199.3672,0.1855,,,,,,,
12.4937,5,-66,0,0,0.0080,0.1074,-0.0015,-37.6402,199.4742,0.1840,,,,,,,
12.5038,0,0,6,-71,0.0093,0.1104,0.0016,-37.6514,199.5844,0.1856,,,,,,,
12.5138,6,-66,0,0,0.0095,0.1074,-0.0015,-37.6617,199.6917,0.1841,,,,,,,
12.5239,11,-66,7,-63,0.0283,0.2053,-0.0001,-37.6715,199.8987,0.1839,,,,,,,
12.5340,0,0,10,-64,0.0154,0.0995,0.0014,-37.6746,199.9994,0.1853,,,,,,,
12.5441,9,-65,0,0,0.0143,0.1057,-0.0015,-37.6799,200.1060,0.1838,,,,,,,
12.5542,7,-69,10,-70,0.0266,0.2211,-0.0000,-37.6942,200.3282,0.1838,,,,,,,
12.5643,0,0,7,-70,0.0108,0.1088,0.0016,-37.7036,200.4371,0.1853,,,,,,,
12.5744,9,-69,0,0,0.0143,0.1123,-0.0016,-37.7101,200.5501,0.1837,,,,,,,
12.5754,,,,,,,,,,,-18.6332,212.9982,0.0893,0.8845,1.4352,-0.0011,1
12.5845,0,0,10,-66,0.0154,0.1026,0.0015,-37.7138,200.6538,0.1852,,,,,,,
12.5947,9,-72,4,-66,0.0205,0.2197,-0.0002,-37.7341,200.8736,0.1850,,,,,,,
12.6047,7,-73,0,0,0.0111,0.1188,-0.0017,-37.7449,200.9924,0.1833,,,,,,,
12.6148,0,0,6,-76,0.0093,0.1182,0.0017,-37.7574,201.1102,0.1850,,,,,,,
12.6249,6,-67,0,0,0.0095,0.1090,-0.0016,-37.7680,201.2191,0.1834,,,,,,,
12.6350,5,-72,3,-77,0.0126,0.2368,0.0000,-37.7989,201.4543,0.1835,,,,,,,
12.6450,0,0,3,-72,0.0046,0.1119,0.0016,-37.8148,201.5652,0.1851,,,,,,,
12.6551,0,0,0,0,0.0000,0.0000,0.0000,-37.8148,201.5652,0.1851,,,,,,,
12.6652,0,0,0,-76,0.0000,0.1182,0.0017,-37.8367,201.6813,0.1867,,,,,,,
12.6753,1,-70,0,-70,0.0016,0.2227,-0.0001,-37.8764,201.9005,0.1867,,,,,,,
12.6853,1,-63,0,0,0.0016,0.1025,-0.0015,-37.8938,202.0015,0.1852,,,,,,,
12.6954,0,0,3,-66,0.0046,0.1026,0.0015,-37.9083,202.1032,0.1867,,,,,,,
12.7055,8,-129,0,0,0.0127,0.2099,-0.0030,-37.9344,202.3118,0.1837,,,,,,,
12.7155,6,-77,4,-72,0.0157,0.2372,-0.0002,-37.9622,202.5479,0.1835,,,,,,,
12.7213,,,,,,,,,,,-19.3115,214.8502,0.0885,-0.5103,1.9052,-0.0009,1
12.7256,0,0,6,-82,0.0093,0.1275,0.0018,-37.9765,202.6749,0.1853,,,,,,,
12.7357,5,-78,0,0,0.0080,0.1269,-0.0018,-37.9920,202.8011,0.1835,,,,,,,
12.7458,0,0,-2,-85,-0.0031,0.1322,0.0019,-38.0192,202.9305,0.1854,,,,,,,
12.7558,0,-85,1,-85,0.0015,0.2704,-0.0001,-38.0676,203.1966,0.1853,,,,,,,
12.7659,5,-77,0,0,0.0080,0.1253,-0.0018,-38.0827,203.3212,0.1835,,,,,,,
12.7760,0,0,2,-85,0.0031,0.1322,0.0019,-38.1039,203.4516,0.1854,,,,,,,
12.7861,0,-72,0,0,0.0000,0.1171,-0.0017,-38.1254,203.5668,0.1837,,,,,,,
12.7961,2,-78,-1,-76,0.0016,0.2451,-0.0001,-38.1686,203.8080,0.1836,,,,,,,
12.8062,0,0,0,-84,0.0000,0.1306,0.0019,-38.1925,203.9364,0.1855,,,,,,,
12.8163,3,-76,0,0,0.0048,0.1236,-0.0018,-38.2105,204.0588,0.1837,,,,,,,
12.8264,0,-67,1,-75,0.0015,0.2256,0.0001,-38.2502,204.2809,0.1838,,,,,,,
12.8364,0,0,0,-76,0.0000,0.1182,0.0017,-38.2719,204.3971,0.1855,,,,,,,
12.8465,2,-70,0,0,0.0032,0.1139,-0.0016,-38.2897,204.5096,0.1839,,,,,,,
12.8566,0,0,0,-78,0.0000,0.1213,0.0017,-38.3120,204.6288,0.1856,,,,,,,
12.8581,,,,,,,,,,,-20.0213,217.0176,0.0875,-0.5156,2.2216,-0.0010,1
12.8667,1,-75,1,-83,0.0031,0.2511,0.0001,-38.3553,204.8761,0.1857,,,,,,,
12.8768,2,-81,0,0,0.0032,0.1318,-0.0019,-38.3763,205.0062,0.1838,,,,,,,
12.8868,0,0,1,-79,0.0015,0.1228,0.0018,-38.3974,205.1273,0.1856,,,,,,,
12.8969,1,-77,0,0,0.0016,0.1253,-0.0018,-38.4188,205.2507,0.1838,,,,,,,
12.9070,1,-78,-1,-88,0.0000,0.2637,0.0001,-38.4670,205.5100,0.1839,,,,,,,
12.9170,0,0,0,-86,0.0000,0.1337,0.0019,-38.4916,205.6414,0.1858,,,,,,,
12.9271,1,-77,0,0,0.0016,0.1253,-0.0018,-38.5130,205.7648,0.1840,,,,,,,
12.9372,0,0,-2,-83,-0.0031,0.1290,0.0018,-38.5398,205.8911,0.1859,,,,,,,
12.9473,0,-76,-2,-82,-0.0031,0.2511,0.0001,-38.5892,206.1373,0.1859,,,,,,,
12.9573,2,-77,0,0,0.0032,0.1253,-0.0018,-38.6092,206.2610,0.1842,,,,,,,
12.9674,0,0,2,-81,0.0031,0.1259,0.0018,-38.6293,206.3854,0.1860,,,,,,,
12.9775,1,-77,0,0,0.0016,0.1253,-0.0018,-38.6508,206.5088,0.1842,,,,,,,
12.9876,1,-76,1,-83,0.0031,0.2527,0.0001,-38.6940,206.7578,0.1842,,,,,,,
12.9976,0,0,0,-79,0.0000,0.1228,0.0018,-38.7166,206.8785,0.1860,,,,,,,
13.0056,,,,,,,,,,,-18.8532,218.8144,0.0878,1.3207,1.6879,0.0003,1
13.0077,1,-71,0,0,0.0016,0.1155,-0.0017,-38.7363,206.9923,0.1843,,,,,,,
13.0179,0,0,1,-81,0.0015,0.1259,0.0018,-38.7580,207.1164,0.1861,,,,,,,
13.0280,2,-78,0,-81,0.0032,0.2528,-0.0000,-38.8017,207.3655,0.1861,,,,,,,
13.0380,2,-79,0,0,0.0032,0.1285,-0.0018,-38.8222,207.4924,0.1843,,,,,,,
13.0481,0,0,-2,-91,-0.0031,0.1415,0.0020,-38.8513,207.6309,0.1863,,,,,,,
13.0582,-2,-73,-5,-93,-0.0109,0.2634,0.0004,-38.9108,207.8876,0.1867,,,,,,,
13.0683,-1,-70,0,0,-0.0016,0.1139,-0.0016,-38.9334,207.9993,0.1851,,,,,,,
13.0784,0,0,1,-93,0.0015,0.1446,0.0021,-38.9587,208.1416,0.1871,,,,,,,
13.0885,0,-43,0,0,0.0000,0.0700,-0.0010,-38.9717,208.2104,0.1861,,,,,,,
13.0985,-1,-55,-3,-92,-0.0062,0.2325,0.0008,-39.0209,208.4377,0.1869,,,,,,,
13.1086,0,0,-8,-93,-0.0123,0.1446,0.0021,-39.0600,208.5775,0.1890,,,,,,,
13.1187,-4,-74,0,0,-0.0064,0.1204,-0.0017,-39.0888,208.6945,0.1872,,,,,,,
13.1288,0,0,-6,-91,-0.0093,0.1415,0.0020,-39.1243,208.8318,0.1893,,,,,,,
13.1388,-6,-78,-8,-88,-0.0219,0.2637,0.0001,-39.1954,209.0867,0.1894,,,,,,,
13.1427,,,,,,,,,,,-19.2693,221.8769,0.0867,-0.1461,3.0872,-0.0011,1
13.1489,-6,-75,0,0,-0.0095,0.1220,-0.0017,-39.2277,209.2047,0.1877,,,,,,,
13.1590,0,0,-12,-91,-0.0185,0.1415,0.0020,-39.2724,209.3402,0.1897,,,,,,,
13.1691,-12,-76,0,0,-0.0191,0.1236,-0.0018,-39.3143,209.4581,0.1879,,,,,,,
13.1792,-6,-80,-12,-93,-0.0280,0.2747,0.0002,-39.3933,209.7227,0.1881,,,,,,,
13.1892,0,0,-8,-99,-0.0123,0.1539,0.0022,-39.4343,209.8716,0.1903,,,,,,,
13.1993,-5,-85,0,0,-0.0080,0.1383,-0.0020,-39.4682,210.0059,0.1883,,,,,,,
13.2094,0,0,-12,-101,-0.0185,0.1570,0.0022,-39.5159,210.1567,0.1906,,,,,,,
13.2195,-12,-80,-7,-98,-0.0299,0.2825,0.0003,-39.5988,210.4284,0.1909,,,,,,,
13.2295,2,-82,0,0,0.0032,0.1334,-0.0019,-39.6209,210.5600,0.1890,,,,,,,
13.2396,0,0,-4,-93,-0.0062,0.1446,0.0021,-39.6542,210.7008,0.1911,,,,,,,
13.2497,2,-79,0,0,0.0032,0.1285,-0.0018,-39.6754,210.8276,0.1892,,,,,,,
13.2598,0,-78,2,-85,0.0031,0.2590,0.0001,-39.7211,211.0826,0.1893,,,,,,,
13.2699,0,0,-1,-82,-0.0015,0.1275,0.0018,-39.7467,211.2075,0.1911,,,,,,,
13.2761,,,,,,,,,,,-20.1942,224.5385,0.0872,-0.6909,2.7317,0.0004,1
13.2799,-1,-83,0,0,-0.0016,0.1350,-0.0019,-39.7738,211.3398,0.1892,,,,,,,
13.2900,0,0,-3,-99,-0.0046,0.1539,0.0022,-39.8075,211.4901,0.1914,,,,,,,
13.3001,-1,-87,-5,-100,-0.0093,0.2970,0.0002,-39.8731,211.7799,0.1916,,,,,,,
13.3102,-7,-85,0,0,-0.0111,0.1383,-0.0020,-39.9102,211.9136,0.1896,,,,,,,
13.3203,0,0,-5,-85,-0.0077,0.1322,0.0019,-39.9428,212.0419,0.1915,,,,,,,
13.3304,-4,-74,-5,-85,-0.0141,0.2525,0.0002,-40.0047,212.2871,0.1917,,,,,,,
13.3405,-1,-80,0,0,-0.0016,0.1301,-0.0019,-40.0310,212.4146,0.1898,,,,,,,
13.3505,0,0,-2,-89,-0.0031,0.1384,0.0020,-40.0603,212.5499,0.1918,,,,,,,
13.3606,0,-86,0,0,0.0000,0.1399,-0.0020,-40.0868,212.6872,0.1898,,,,,,,
13.3707,-3,-84,-1,-97,-0.0063,0.2875,0.0002,-40.1472,212.9683,0.1900,,,,,,,
13.3808,0,0,0,-87,0.0000,0.1353,0.0019,-40.1729,213.1012,0.1919,,,,,,,
13.3909,2,-78,0,0,0.0032,0.1269,-0.0018,-40.1939,213.2263,0.1901,,,,,,,
13.4009,0,0,0,-80,0.0000,0.1244,0.0018,-40.2175,213.3485,0.1919,,,,,,,
13.4110,1,-92,-1,-101,0.0000,0.3067,0.0001,-40.2760,213.6495,0.1920,,,,,,,
13.4211,-1,-86,0,0,-0.0016,0.1399,-0.0020,-40.3041,213.7866,0.1900,,,,,,,
13.4221,,,,,,,,,,,-19.2004,226.6122,0.0882,1.1705,1.9793,0.0010,1
13.4312,0,0,-8,-102,-0.0123,0.1586,0.0023,-40.3463,213.9400,0.1923,,,,,,,
13.4412,-4,-81,0,0,-0.0064,0.1318,-0.0019,-40.3776,214.0681,0.1904,,,,,,,
13.4513,-10,-79,-12,-101,-0.0344,0.2856,0.0004,-40.4655,214.3420,0.1908,,,,,,,
13.4614,0,0,-9,-97,-0.0139,0.1508,0.0022,-40.5079,214.4874,0.1929,,,,,,,
13.4715,-3,-80,0,0,-0.0048,0.1301,-0.0019,-40.5374,214.6142,0.1911,,,,,,,
13.4816,0,0,-9,-91,-0.0139,0.1415,0.0020,-40.5780,214.7505,0.1931,,,,,,,
13.4916,-9,-78,-9,-98,-0.0282,0.2793,0.0004,-40.6593,215.0191,0.1935,,,,,,,
13.5017,-5,-86,0,0,-0.0080,0.1399,-0.0020,-40.6939,215.1549,0.1915,,,,,,,
13.5118,0,0,-6,-97,-0.0093,0.1508,0.0022,-40.7318,215.3012,0.1936,,,,,,,
13.5219,-2,-78,0,0,-0.0032,0.1269,-0.0018,-40.7593,215.4251,0.1918,,,,,,,
13.5320,-1,-80,0,-86,-0.0016,0.2639,0.0001,-40.8111,215.6838,0.1919,,,,,,,
13.5421,0,0,-1,-88,-0.0015,0.1368,0.0020,-40.8389,215.8178,0.1938,,,,,,,
13.5521,-1,-82,0,0,-0.0016,0.1334,-0.0019,-40.8660,215.9484,0.1919,,,,,,,
13.5604,,,,,,,,,,,-19.0386,228.5908,0.0896,0.3354,1.9566,0.0015,1
13.5624,-3,-92,-5,-102,-0.0125,0.3083,0.0001,-40.9371,216.2486,0.1920,,,,,,,
13.5725,0,0,-6,-98,-0.0093,0.1524,0.0022,-40.9754,216.3964,0.1942,,,,,,,
13.5826,-6,-86,0,0,-0.0095,0.1399,-0.0020,-41.0116,216.5319,0.1922,,,,,,,
13.5926,0,0,-8,-92,-0.0123,0.1430,0.0020,-41.0512,216.6699,0.1943,,,,,,,
13.6027,-8,-73,-8,-91,-0.0251,0.2602,0.0003,-41.1261,216.9204,0.1946,,,,,,,
13.6128,-4,-81,0,0,-0.0064,0.1318,-0.0019,-41.1577,217.0485,0.1927,,,,,,,
13.6229,0,0,-9,-90,-0.0139,0.1399,0.0020,-41.1982,217.1831,0.1947,,,,,,,
13.6330,-3,-74,0,0,-0.0048,0.1204,-0.0017,-41.2261,217.3003,0.1930,,,,,,,
13.6430,-1,-67,-6,-76,-0.0108,0.2272,0.0001,-41.2803,217.5212,0.1931,,,,,,,
13.6531,0,0,-3,-78,-0.0046,0.1213,0.0017,-41.3082,217.6393,0.1948,,,,,,,
13.6632,1,-66,0,0,0.0016,0.1074,-0.0015,-41.3274,217.7449,0.1933,,,,,,,
13.6733,0,0,2,-67,0.0031,0.1042,0.0015,-41.3444,217.8478,0.1948,,,,,,,
13.6834,6,-75,6,-73,0.0188,0.2355,-0.0001,-41.3716,218.0825,0.1947,,,,,,,
13.6934,6,-79,0,0,0.0095,0.1285,-0.0018,-41.3869,218.2104,0.1928,,,,,,,
13.7035,0,0,4,-85,0.0062,0.1322,0.0019,-41.4063,218.3413,0.1947,,,,,,,
13.7060,,,,,,,,,,,-18.7859,231.1734,0.0906,0.4827,2.5497,0.0010,1
13.7136,6,-86,0,0,0.0095,0.1399,-0.0020,-41.4239,218.4804,0.1927,,,,,,,
13.7237,-1,-77,6,-84,0.0077,0.2559,0.0001,-41.4654,218.7330,0.1928,,,,,,,
13.7338,0,0,-1,-85,-0.0015,0.1322,0.0019,-41.4924,218.8624,0.1947,,,,,,,
13.7438,0,-77,0,0,0.0000,0.1253,-0.0018,-41.5165,218.9853,0.1929,,,,,,,
13.7540,0,0,-2,-86,-0.0031,0.1337,0.0019,-41.5453,219.1159,0.1948,,,,,,,
13.7640,1,-84,2,-78,0.0047,0.2579,-0.0002,-41.5906,219.3699,0.1946,,,,,,,
13.7741,2,-74,0,0,0.0032,0.1204,-0.0017,-41.6106,219.4886,0.1929,,,,,,,
13.7842,0,0,1,-72,0.0015,0.1119,0.0016,-41.6307,219.5988,0.1945,,,,,,,
13.7944,6,-62,7,-63,0.0203,0.1988,-0.0000,-41.6491,219.7978,0.1944,,,,,,,
13.8045,5,-66,0,0,0.0080,0.1074,-0.0015,-41.6620,219.9047,0.1929,,,,,,,
13.8145,0,0,5,-65,0.0077,0.1011,0.0014,-41.6739,220.0053,0.1943,,,,,,,
13.8246,8,-68,0,0,0.0127,0.1106,-0.0016,-41.6827,220.1163,0.1928,,,,,,,
13.8347,7,-74,9,-69,0.0250,0.2277,-0.0002,-41.7017,220.3446,0.1926,,,,,,,
13.8397,,,,,,,,,,,-19.6169,232.9570,0.0893,-0.6663,1.8515,-0.0012,1
13.8448,0,0,0,-75,0.0000,0.1166,0.0017,-41.7241,220.4590,0.1942,,,,,,,
13.8549,2,-84,0,0,0.0032,0.1367,-0.0020,-41.7472,220.5937,0.1923,,,,,,,
13.8649,0,0,2,-84,0.0031,0.1306,0.0019,-41.7693,220.7225,0.1941,,,,,,,
13.8750,4,-82,2,-87,0.0094,0.2687,0.0000,-41.8119,220.9879,0.1942,,,,,,,
13.8851,0,-80,0,0,0.0000,0.1301,-0.0019,-41.8369,221.1157,0.1923,,,,,,,
13.8952,0,0,0,-91,0.0000,0.1415,0.0020,-41.8640,221.2545,0.1943,,,,,,,
13.9052,1,-77,0,0,0.0016,0.1253,-0.0018,-41.8866,221.3777,0.1925,,,,,,,
13.9153,0,-74,-1,-82,-0.0015,0.2479,0.0001,-41.9355,221.6207,0.1926,,,,,,,
13.9254,0,0,0,-74,0.0000,0.1151,0.0016,-41.9576,221.7336,0.1943,,,,,,,
13.9355,2,-78,0,0,0.0032,0.1269,-0.0018,-41.9789,221.8588,0.1925,,,,,,,
13.9455,0,0,1,-76,0.0015,0.1182,0.0017,-42.0001,221.9750,0.1942,,,,,,,
13.9556,3,-73,0,0,0.0048,0.1188,-0.0017,-42.0182,222.0925,0.1925,,,,,,,
13.9657,0,-69,0,0,0.0000,0.1123,-0.0016,-42.0396,222.2027,0.1909,,,,,,,
13.9758,0,0,2,-74,0.0031,0.1151,0.0016,-42.0585,222.3162,0.1925,,,,,,,
13.9859,0,-70,0,0,0.0000,0.1139,-0.0016,-42.0802,222.4280,0.1909,,,,,,,
13.9865,,,,,,,,,,,-18.9005,235.2019,0.0892,0.9138,2.1719,-0.0001,1
13.9959,1,-72,0,-75,0.0016,0.2337,-0.0000,-42.1230,222.6578,0.1909,,,,,,,
14.0060,0,0,3,-161,0.0046,0.2503,0.0036,-42.1664,222.9044,0.1945,,,,,,,
14.0161,-3,-88,0,0,-0.0048,0.1432,-0.0020,-42.1986,223.0440,0.1924,,,,,,,
14.0264,0,0,-9,-87,-0.0139,0.1353,0.0019,-42.2382,223.1740,0.1943,,,,,,,
14.0364,-3,-80,1,-97,-0.0032,0.2810,0.0003,-42.2957,223.4491,0.1946,,,,,,,
14.0465,-1,-93,0,0,-0.0016,0.1513,-0.0022,-42.3263,223.5973,0.1925,,,,,,,
14.0566,0,0,0,-91,0.0000,0.1415,0.0020,-42.3535,223.7361,0.1945,,,,,,,
14.0667,-2,-82,-3,-78,-0.0078,0.2547,-0.0002,-42.4104,223.9845,0.1943,,,,,,,
14.0768,-2,-73,0,0,-0.0032,0.1188,-0.0017,-42.4363,224.1004,0.1926,,,,,,,
14.0869,0,0,-4,-98,-0.0062,0.1524,0.0022,-42.4717,224.2487,0.1948,,,,,,,
14.0969,-2,-82,0,0,-0.0032,0.1334,-0.0019,-42.5005,224.3790,0.1929,,,,,,,
14.1070,-1,-75,-3,-88,-0.0062,0.2588,0.0002,-42.5563,224.6318,0.1931,,,,,,,
14.1171,0,0,-9,-85,-0.0139,0.1322,0.0019,-42.5954,224.7588,0.1950,,,,,,,
14.1238,,,,,,,,,,,-19.1598,238.2062,0.0891,0.0093,3.0155,-0.0001,1
14.1272,-10,-80,0,0,-0.0159,0.1301,-0.0019,-42.6361,224.8835,0.1931,,,,,,,
14.1373,0,0,-11,-88,-0.0170,0.1368,0.0020,-42.6791,225.0145,0.1951,,,,,,,
14.1474,-9,-76,0,-89,-0.0143,0.2620,0.0002,-42.7440,225.2687,0.1953,,,,,,,
14.1575,0,-80,0,0,0.0000,0.1301,-0.0019,-42.7691,225.3964,0.1934,,,,,,,
14.1676,0,0,-3,-87,-0.0046,0.1353,0.0019,-42.7998,225.5282,0.1954,,,,,,,
14.1776,-1,-85,0,0,-0.0016,0.1383,-0.0020,-42.8281,225.6636,0.1934,,,,,,,
14.1877,0,-86,-4,-86,-0.0062,0.2736,-0.0001,-42.8867,225.9310,0.1933,,,,,,,
14.1978,0,0,1,-88,0.0015,0.1368,0.0020,-42.9116,226.0655,0.1953,,,,,,,
14.2079,0,-81,0,0,0.0000,0.1318,-0.0019,-42.9371,226.1948,0.1934,,,,,,,
14.2180,0,0,-1,-83,-0.0015,0.1290,0.0018,-42.9635,226.3211,0.1952,,,,,,,
14.2280,3,-87,-1,-101,0.0032,0.2986,0.0002,-43.0183,226.6146,0.1954,,,,,,,
14.2381,-3,-88,0,0,-0.0048,0.1432,-0.0020,-43.0506,226.7542,0.1934,,,,,,,
14.2482,0,0,-7,-92,-0.0108,0.1430,0.0020,-43.0888,226.8924,0.1954,,,,,,,
14.2576,,,,,,,,,,,-20.0303,240.8201,0.0885,-0.6345,2.6810,-0.0006,1
14.2584,-8,-88,0,0,-0.0127,0.1432,-0.0020,-43.1290,227.0304,0.1934,,,,,,,
14.2685,-7,-86,-6,-100,-0.0204,0.2954,0.0002,-43.2058,227.3164,0.1936,,,,,,,
14.2786,0,0,-7,-89,-0.0108,0.1384,0.0020,-43.2431,227.4501,0.1956,,,,,,,
14.2887,-3,-81,0,0,-0.0048,0.1318,-0.0019,-43.2733,227.5784,0.1937,,,,,,,
14.2988,-1,-83,-7,-91,-0.0124,0.2765,0.0001,-43.3387,227.8474,0.1938,,,,,,,
14.3088,0,0,-5,-93,-0.0077,0.1446,0.0021,-43.3743,227.9877,0.1959,,,,,,,
14.3189,-6,-91,0,0,-0.0095,0.1480,-0.0021,-43.4123,228.1311,0.1938,,,,,,,
14.3290,0,0,-7,-103,-0.0108,0.1601,0.0023,-43.4539,228.2862,0.1960,,,,,,,
14.3391,0,-87,-1,-93,-0.0015,0.2861,0.0000,-43.5111,228.5665,0.1961,,,,,,,
14.3491,2,-90,0,0,0.0032,0.1464,-0.0021,-43.5364,228.7108,0.1940,,,,,,,
14.3592,0,0,-1,-95,-0.0015,0.1477,0.0021,-43.5665,228.8554,0.1961,,,,,,,
14.3693,-3,-87,0,0,-0.0048,0.1415,-0.0020,-43.5987,228.9933,0.1941,,,,,,,
14.3794,-2,-77,-3,-99,-0.0078,0.2792,0.0004,-43.6602,229.2657,0.1945,,,,,,,
14.3895,0,0,-9,-96,-0.0139,0.1493,0.0021,-43.7028,229.4094,0.1966,,,,,,,
14.3995,-1,-73,0,0,-0.0016,0.1188,-0.0017,-43.7275,229.5256,0.1949,,,,,,,
14.4050,,,,,,,,,,,-20.7151,242.9346,0.0892,-0.4952,2.1668,0.0007,1
14.4096,0,0,-6,-99,-0.0093,0.1539,0.0022,-43.7666,229.6748,0.1971,,,,,,,
14.4197,4,-90,-1,-97,0.0048,0.2972,0.0001,-43.8201,229.9672,0.1972,,,,,,,
14.4298,-2,-76,0,0,-0.0032,0.1236,-0.0018,-43.8473,230.0878,0.1954,,,,,,,
14.4399,0,0,-5,-91,-0.0077,0.1415,0.0020,-43.8825,230.2251,0.1974,,,,,,,
14.4500,-2,-84,0,0,-0.0032,0.1367,-0.0020,-43.9123,230.3585,0.1955,,,,,,,
14.4600,-1,-88,-4,-100,-0.0078,0.2986,0.0002,-43.9779,230.6499,0.1957,,,,,,,
14.4701,0,0,1,-82,0.0015,0.1275,0.0018,-44.0013,230.7753,0.1975,,,,,,,
14.4802,2,-79,0,0,0.0032,0.1285,-0.0018,-44.0233,230.9019,0.1957,,,,,,,
14.4904,1,-93,1,-88,0.0031,0.2881,-0.0002,-44.0762,231.1852,0.1955,,,,,,,
14.5005,0,0,-1,-104,-0.0015,0.1617,0.0023,-44.1093,231.3435,0.1978,,,,,,,
14.5106,0,-83,0,0,0.0000,0.1350,-0.0019,-44.1357,231.4759,0.1958,,,,,,,
14.5206,0,0,2,-90,0.0031,0.1399,0.0020,-44.1600,231.6137,0.1978,,,,,,,
14.5307,0,-81,-1,-84,-0.0015,0.2624,-0.0000,-44.2131,231.8707,0.1978,,,,,,,
14.5398,,,,,,,,,,,-21.0759,245.2376,0.0893,-0.1542,2.3259,0.0001,1
14.5408,-1,-87,0,0,-0.0016,0.1415,-0.0020,-44.2423,232.0092,0.1958,,,,,,,
14.5509,0,0,-1,-96,-0.0015,0.1493,0.0021,-44.2730,232.1552,0.1979,,,,,,,
14.5610,1,-90,0,0,0.0016,0.1464,-0.0021,-44.3001,232.2991,0.1958,,,,,,,
14.5710,0,-74,0,-80,0.0000,0.2448,0.0001,-44.3478,232.5392,0.1959,,,,,,,
14.5811,0,0,-1,-88,-0.0015,0.1368,0.0020,-44.3760,232.6731,0.1978,,,,,,,
14.5912,-2,-89,0,0,-0.0032,0.1448,-0.0021,-44.4075,232.8145,0.1958,,,,,,,
14.6012,0,0,-6,-84,-0.0093,0.1306,0.0019,-44.4421,232.9407,0.1976,,,,,,,
14.6113,-1,-78,0,-78,-0.0016,0.2482,-0.0001,-44.4923,233.1838,0.1976,,,,,,,
14.6214,0,-81,0,0,0.0000,0.1318,-0.0019,-44.5181,233.3130,0.1957,,,,,,,
14.6315,0,0,0,-94,0.0000,0.1461,0.0021,-44.5467,233.4563,0.1978,,,,,,,
14.6415,-1,-92,0,0,-0.0016,0.1497,-0.0021,-44.5775,233.6028,0.1956,,,,,,,
14.6516,1,-84,-1,-99,0.0000,0.2906,0.0002,-44.6339,233.8878,0.1959,,,,,,,
14.6617,0,0,-2,-92,-0.0031,0.1430,0.0020,-44.6649,234.0275,0.1979,,,,,,,
14.6717,1,-96,0,0,0.0016,0.1562,-0.0022,-44.6939,234.1810,0.1957,,,,,,,
14.6818,0,0,0,-101,0.0000,0.1570,0.0022,-44.7246,234.3350,0.1979,,,,,,,
14.6879,,,,,,,,,,,-20.7150,247.8892,0.0896,0.5959,2.6088,0.0003,1
14.6919,0,-98,-6,-97,-0.0093,0.3102,-0.0001,-44.7947,234.6373,0.1978,,,,,,,
14.7020,-7,-91,0,0,-0.0111,0.1480,-0.0021,-44.8345,234.7804,0.1957,,,,,,,
14.7120,0,0,-4,-102,-0.0062,0.1586,0.0023,-44.8716,234.9347,0.1980,,,,,,,
14.7221,-2,-100,0,0,-0.0032,0.1627,-0.0023,-44.9065,235.0936,0.1956,,,,,,,
14.7322,-2,-86,-5,-108,-0.0109,0.3078,0.0004,-44.9771,235.3934,0.1960,,,,,,,
14.7423,0,0,0,-77,0.0000,0.1197,0.0017,-45.0005,235.5108,0.1977,,,,,,,
14.7524,1,-78,0,0,0.0016,0.1269,-0.0018,-45.0238,235.6356,0.1959,,,,,,,
14.7624,2,-91,-2,-79,0.0001,0.2709,-0.0004,-45.0764,235.9013,0.1956,,,,,,,
14.7725,0,0,1,-103,0.0015,0.1601,0.0023,-45.1062,236.0586,0.1979,,,,,,,
14.7826,-2,-97,0,0,-0.0032,0.1578,-0.0023,-45.1401,236.2128,0.1956,,,,,,,
14.7927,0,0,-4,-104,-0.0062,0.1617,0.0023,-45.1778,236.3702,0.1979,,,,,,,
14.8028,-4,-89,-3,-102,-0.0110,0.3034,0.0002,-45.2482,236.6654,0.1981,,,,,,,
14.8129,2,-91,0,0,0.0032,0.1480,-0.0021,-45.2741,236.8112,0.1960,,,,,,,
14.8229,0,0,-1,-97,-0.0015,0.1508,0.0022,-45.3052,236.9588,0.1982,,,,,,,
14.8231,,,,,,,,,,,-21.1611,249.9232,0.0899,-0.2623,2.0658,0.0003,1
14.8330,-1,-96,0,0,-0.0016,0.1562,-0.0022,-45.3373,237.1117,0.1959,,,,,,,
14.8431,-1,-78,-1,-93,-0.0031,0.2715,0.0003,-45.3932,237.3774,0.1962,,,,,,,
14.8532,0,0,-10,-91,-0.0154,0.1415,0.0020,-45.4361,237.5131,0.1982,,,,,,,
14.8633,-3,-82,0,0,-0.0048,0.1334,-0.0019,-45.4669,237.6430,0.1963,,,,,,,
14.8734,0,0,-3,-95,-0.0046,0.1477,0.0021,-45.5004,237.7869,0.1984,,,,,,,
14.8835,1,-85,0,-87,0.0016,0.2735,-0.0000,-45.5527,238.0554,0.1984,,,,,,,
14.8936,2,-80,0,0,0.0032,0.1301,-0.0019,-45.5752,238.1836,0.1965,,,,,,,
14.9037,0,0,-2,-91,-0.0031,0.1415,0.0020,-45.6059,238.3218,0.1985,,,,,,,
14.9137,0,-90,0,0,0.0000,0.1464,-0.0021,-45.6347,238.4653,0.1964,,,,,,,
14.9238,1,-86,-1,-92,0.0000,0.2829,0.0000,-45.6899,238.7428,0.1965,,,,,,,
14.9339,0,0,0,-89,0.0000,0.1384,0.0020,-45.7170,238.8785,0.1984,,,,,,,
14.9440,0,-82,0,0,0.0000,0.1334,-0.0019,-45.7432,239.0093,0.1965,,,,,,,
14.9540,0,0,-4,-92,-0.0062,0.1430,0.0020,-45.7773,239.1484,0.1986,,,,,,,
14.9641,-1,-83,1,-94,-0.0000,0.2812,0.0002,-45.8328,239.4240,0.1987,,,,,,,
14.9702,,,,,,,,,,,-20.1962,251.9812,0.0906,1.1457,1.9631,0.0007,1
14.9742,3,-86,0,0,0.0048,0.1399,-0.0020,-45.8556,239.5621,0.1967,,,,,,,
14.9842,0,0,1,-91,0.0015,0.1415,0.0020,-45.8819,239.7012,0.1988,,,,,,,
14.9943,-2,-84,0,0,-0.0032,0.1367,-0.0020,-45.9119,239.8345,0.1968,,,,,,,
15.0044,-4,-81,-9,-87,-0.0202,0.2670,0.0000,-45.9840,240.0925,0.1969,,,,,,,
15.0145,0,0,0,-90,0.0000,0.1399,0.0020,-46.0115,240.2296,0.1989,,,,,,,
15.0246,0,-80,0,0,0.0000,0.1301,-0.0019,-46.0371,240.3573,0.1970,,,,,,,
15.0347,-3,-72,-4,-87,-0.0109,0.2524,0.0003,-46.0972,240.6026,0.1973,,,,,,,
15.0447,0,0,-9,-89,-0.0139,0.1384,0.0020,-46.1381,240.7356,0.1992,,,,,,,
15.0548,-10,-82,0,0,-0.0159,0.1334,-0.0019,-46.1800,240.8632,0.1973,,,,,,,
15.0649,0,0,-4,-96,-0.0062,0.1493,0.0021,-46.2154,241.0083,0.1995,,,,,,,
15.0750,-3,-88,-9,-102,-0.0186,0.3017,0.0002,-46.2935,241.3004,0.1997,,,,,,,
15.0850,-5,-95,0,0,-0.0080,0.1546,-0.0022,-46.3318,241.4503,0.1975,,,,,,,
15.0951,0,0,-3,-91,-0.0046,0.1415,0.0020,-46.3643,241.5881,0.1995,,,,,,,
15.1067,-2,-85,-6,-92,-0.0124,0.2813,0.0001,-46.4322,241.8614,0.1996,,,,,,,
15.1071,,,,,,,,,,,-21.8945,256.1333,0.0890,-1.3156,4.2887,-0.0016,1
15.1168,-4,-92,0,0,-0.0064,0.1497,-0.0021,-46.4679,242.0069,0.1974,,,,,,,
15.1268,0,0,-5,-100,-0.0077,0.1555,0.0022,-46.5062,242.1578,0.1996,,,,,,,
15.1369,-6,-94,0,0,-0.0095,0.1529,-0.0022,-46.5457,242.3058,0.1975,,,,,,,
15.1470,-4,-80,-16,-106,-0.0310,0.2950,0.0005,-46.6341,242.5889,0.1980,,,,,,,
15.1571,0,0,1,-81,0.0015,0.1259,0.0018,-46.6574,242.7127,0.1998,,,,,,,
15.1672,-3,-75,0,0,-0.0048,0.1220,-0.0017,-46.6862,242.8313,0.1980,,,,,,,
15.1773,0,0,-3,-98,-0.0046,0.1524,0.0022,-46.7209,242.9798,0.2002,,,,,,,
15.1874,-6,-98,-12,-94,-0.0280,0.3056,-0.0002,-46.8091,243.2737,0.2000,,,,,,,
15.1974,-5,-76,0,0,-0.0080,0.1236,-0.0018,-46.8414,243.3933,0.1982,,,,,,,
15.2075,0,0,-7,-89,-0.0108,0.1384,0.0020,-46.8793,243.5268,0.2002,,,,,,,
15.2176,-4,-82,0,0,-0.0064,0.1334,-0.0019,-46.9120,243.6563,0.1983,,,,,,,
15.2277,-5,-92,-7,-92,-0.0187,0.2927,-0.0001,-46.9880,243.9396,0.1982,,,,,,,
15.2378,0,0,-5,-101,-0.0077,0.1570,0.0022,-47.0267,244.0920,0.2005,,,,,,,
15.2478,-6,-88,0,0,-0.0095,0.1432,-0.0020,-47.0644,244.2304,0.1984,,,,,,,
15.2548,,,,,,,,,,,-21.1682,257.9889,0.0912,0.8883,1.7837,0.0022,1
15.2579,0,0,-3,-97,-0.0046,0.1508,0.0022,-47.0988,244.3773,0.2006,,,,,,,
15.2680,-3,-89,-5,-100,-0.0125,0.3003,0.0002,-47.1709,244.6691,0.2007,,,,,,,
15.2781,1,-95,0,0,0.0016,0.1546,-0.0022,-47.1999,244.8209,0.1985,,,,,,,
15.2882,0,0,0,-90,0.0000,0.1399,0.0020,-47.2277,244.9580,0.2005,,,,,,,
15.2983,0,-76,0,0,0.0000,0.1236,-0.0018,-47.2522,245.0792,0.1987,,,,,,,
15.3084,-2,-86,0,-85,-0.0032,0.2721,-0.0001,-47.3090,245.3453,0.1986,,,,,,,
15.3184,0,0,-2,-99,-0.0031,0.1539,0.0022,-47.3426,245.4956,0.2008,,,,,,,
15.3285,2,-78,0,0,0.0032,0.1269,-0.0018,-47.3647,245.6206,0.1990,,,,,,,
15.3390,-2,-69,-1,-78,-0.0047,0.2335,0.0001,-47.4155,245.8485,0.1991,,,,,,,
15.3491,0,0,-6,-82,-0.0093,0.1275,0.0018,-47.4499,245.9716,0.2010,,,,,,,
15.3591,-6,-83,0,0,-0.0095,0.1350,-0.0019,-47.4861,246.1021,0.1990,,,,,,,
15.3692,0,0,-2,-94,-0.0031,0.1461,0.0021,-47.5181,246.2447,0.2011,,,,,,,
15.3793,0,-87,-2,-87,-0.0031,0.2768,-0.0001,-47.5764,246.5153,0.2010,,,,,,,
15.3873,,,,,,,,,,,-22.4102,260.0717,0.0912,-1.0471,2.1873,0.0000,1
15.3894,-1,-78,0,0,-0.0016,0.1269,-0.0018,-47.6032,246.6394,0.1992,,,,,,,
15.3994,0,0,-2,-96,-0.0031,0.1493,0.0021,-47.6359,246.7850,0.2014,,,,,,,
15.4095,-2,-90,0,0,-0.0032,0.1464,-0.0021,-47.6682,246.9279,0.1993,,,,,,,
15.4197,4,-80,-2,-95,0.0033,0.2779,0.0003,-47.7200,247.2009,0.1995,,,,,,,
15.4298,0,0,-1,-84,-0.0015,0.1306,0.0019,-47.7475,247.3285,0.2014,,,,,,,
15.4399,-3,-77,0,0,-0.0048,0.1253,-0.0018,-47.7771,247.4504,0.1996,,,,,,,
15.4500,0,0,-8,-109,-0.0123,0.1695,0.0024,-47.8230,247.6140,0.2020,,,,,,,
15.4601,-7,-85,-5,-89,-0.0188,0.2767,0.0000,-47.8970,247.8812,0.2020,,,,,,,
15.4701,0,-71,0,0,0.0000,0.1155,-0.0017,-47.9201,247.9944,0.2004,,,,,,,
15.4802,0,0,-8,-84,-0.0123,0.1306,0.0019,-47.9583,248.1199,0.2022,,,,,,,
15.4903,-7,-88,0,0,-0.0111,0.1432,-0.0020,-47.9978,248.2579,0.2002,,,,,,,
15.5004,-8,-81,-11,-104,-0.0297,0.2935,0.0004,-48.0853,248.5396,0.2006,,,,,,,
15.5105,0,0,-10,-87,-0.0154,0.1353,0.0019,-48.1275,248.6691,0.2025,,,,,,,
15.5205,-9,-75,0,0,-0.0143,0.1220,-0.0017,-48.1660,248.7857,0.2008,,,,,,,
15.5230,,,,,,,,,,,-21.7945,263.0901,0.0924,0.8881,2.9497,0.0012,1
15.5307,-5,-85,-9,-95,-0.0218,0.2860,0.0001,-48.2444,249.0616,0.2009,,,,,,,
15.5408,0,0,-8,-98,-0.0123,0.1524,0.0022,-48.2871,249.2084,0.2031,,,,,,,
15.5508,-6,-83,0,0,-0.0095,0.1350,-0.0019,-48.3235,249.3388,0.2012,,,,,,,
15.5609,0,0,-11,-88,-0.0170,0.1368,0.0020,-48.3676,249.4694,0.2031,,,,,,,
15.5710,-7,-80,-5,-97,-0.0188,0.2810,0.0003,-48.4428,249.7408,0.2034,,,,,,,
15.5811,-3,-92,0,0,-0.0048,0.1497,-0.0021,-48.4776,249.8864,0.2013,,,,,,,
15.5912,0,0,-6,-104,-0.0093,0.1617,0.0023,-48.5191,250.0430,0.2036,,,,,,,
15.6012,-1,-83,0,0,-0.0016,0.1350,-0.0019,-48.5479,250.1749,0.2017,,,,,,,
15.6113,-6,-78,-6,-87,-0.0188,0.2622,0.0001,-48.6188,250.4280,0.2018,,,,,,,
15.6214,0,0,-10,-97,-0.0154,0.1508,0.0022,-48.6643,250.5726,0.2040,,,,,,,
15.6315,-3,-46,0,0,-0.0048,0.0748,-0.0011,-48.6841,250.6449,0.2029,,,,,,,
15.6416,0,0,-8,-97,-0.0123,0.1508,0.0022,-48.7267,250.7901,0.2050,,,,,,,
15.6516,-6,-77,-9,-85,-0.0234,0.2574,0.0001,-48.8021,251.0374,0.2051,,,,,,,
15.6617,-6,-78,0,0,-0.0095,0.1269,-0.0018,-48.8371,251.1597,0.2033,,,,,,,
15.6700,,,,,,,,,,,-22.3545,264.9631,0.0935,-0.3848,1.9167,0.0011,1
15.6718,0,0,-10,-91,-0.0154,0.1415,0.0020,-48.8810,251.2951,0.2053,,,,,,,
15.6819,-5,-87,0,0,-0.0080,0.1415,-0.0020,-48.9175,251.4321,0.2033,,,,,,,
15.6919,-5,-73,-6,-86,-0.0172,0.2525,0.0002,-48.9853,251.6759,0.2035,,,,,,,
15.7020,0,0,-4,-76,-0.0062,0.1182,0.0017,-49.0153,251.7903,0.2052,,,,,,,
15.7121,0,-81,0,0,0.0000,0.1318,-0.0019,-49.0421,251.9193,0.2033,,,,,,,
15.7222,0,0,-1,-81,-0.0015,0.1259,0.0018,-49.0691,252.0424,0.2051,,,,,,,
15.7323,-4,-79,0,-90,-0.0064,0.2684,0.0002,-49.1301,252.3039,0.2053,,,,,,,
15.7423,-1,-80,0,0,-0.0016,0.1301,-0.0019,-49.1580,252.4310,0.2034,,,,,,,
15.7524,0,0,0,-81,0.0000,0.1259,0.0018,-49.1836,252.5543,0.2052,,,,,,,
15.7625,-1,-78,0,0,-0.0016,0.1269,-0.0018,-49.2109,252.6782,0.2034,,,,,,,
15.7726,1,-81,-3,-85,-0.0030,0.2639,0.0000,-49.2672,252.9361,0.2034,,,,,,,
15.7827,0,0,-1,-90,-0.0015,0.1399,0.0020,-49.2971,253.0728,0.2054,,,,,,,
15.7928,1,-73,0,0,0.0016,0.1188,-0.0017,-49.3197,253.1894,0.2037,,,,,,,
15.8029,0,0,-1,-86,-0.0015,0.1337,0.0019,-49.3484,253.3200,0.2056,,,,,,,
15.8063,,,,,,,,,,,-21.7979,267.6621,0.0947,0.8062,2.6353,0.0012,1
15.8130,0,-75,-3,-78,-0.0046,0.2433,-0.0000,-49.4026,253.5572,0.2056,,,,,,,
15.8230,-4,-79,0,0,-0.0064,0.1285,-0.0018,-49.4349,253.6818,0.2038,,,,,,,
15.8331,0,0,-5,-87,-0.0077,0.1353,0.0019,-49.4700,253.8127,0.2057,,,,,,,
15.8432,-1,-75,-3,-83,-0.0062,0.2511,0.0001,-49.5274,254.0571,0.2058,,,,,,,
15.8533,-2,-80,0,0,-0.0032,0.1301,-0.0019,-49.5570,254.1839,0.2040,,,,,,,
15.8634,0,0,-2,-87,-0.0031,0.1353,0.0019,-49.5875,254.3157,0.2059,,,,,,,
15.8734,0,-85,0,0,0.0000,0.1383,-0.0020,-49.6156,254.4511,0.2039,,,,,,,
15.8835,-1,-85,-5,-91,-0.0093,0.2798,0.0000,-49.6814,254.7232,0.2040,,,,,,,
15.8936,0,0,-2,-100,-0.0031,0.1555,0.0022,-49.7161,254.8748,0.2062,,,,,,,
15.9037,-5,-86,0,0,-0.0080,0.1399,-0.0020,-49.7524,255.0101,0.2042,,,,,,,
15.9137,0,0,-11,-88,-0.0170,0.1368,0.0020,-49.7969,255.1406,0.2062,,,,,,,
15.9238,-3,-69,-7,-85,-0.0156,0.2444,0.0003,-49.8622,255.3767,0.2064,,,,,,,
15.9339,-7,-89,0,0,-0.0111,0.1448,-0.0021,-49.9026,255.5161,0.2044,,,,,,,
15.9440,0,0,-11,-97,-0.0170,0.1508,0.0022,-49.9500,255.6603,0.2065,,,,,,,
15.9522,,,,,,,,,,,-22.3461,269.9438,0.0946,-0.3299,2.3233,-0.0001,1
15.9541,-8,-80,0,0,-0.0127,0.1301,-0.0019,-49.9890,255.7851,0.2047,,,,,,,
15.9641,-9,-66,-12,-93,-0.0328,0.2520,0.0005,-50.0724,256.0252,0.2052,,,,,,,
15.9742,0,0,-10,-79,-0.0154,0.1228,0.0018,-50.1126,256.1422,0.2070,,,,,,,
15.9843,-4,-74,0,0,-0.0064,0.1204,-0.0017,-50.1435,256.2588,0.2052,,,,,,,
15.9944,0,0,-7,-98,-0.0108,0.1524,0.0022,-50.1853,256.4057,0.2074,,,,,,,
16.0045,-7,-87,-4,-91,-0.0173,0.2830,-0.0000,-50.2605,256.6791,0.2074,,,,,,,
16.0146,-1,-82,0,0,-0.0016,0.1334,-0.0019,-50.2894,256.8093,0.2055,,,,,,,
16.0247,0,0,-5,-83,-0.0077,0.1290,0.0018,-50.3234,256.9340,0.2073,,,,,,,
16.0347,-6,-80,-3,-98,-0.0142,0.2825,0.0003,-50.3954,257.2076,0.2077,,,,,,,
16.0448,-2,-93,0,0,-0.0032,0.1513,-0.0022,-50.4296,257.3550,0.2055,,,,,,,
16.0549,0,0,-1,-87,-0.0015,0.1353,0.0019,-50.4588,257.4871,0.2074,,,,,,,
16.0650,0,-84,0,0,0.0000,0.1367,-0.0020,-50.4868,257.6208,0.2055,,,,,,,
16.0751,-4,-75,-11,-87,-0.0233,0.2573,0.0002,-50.5622,257.8679,0.2057,,,,,,,
16.0851,0,0,-11,-95,-0.0170,0.1477,0.0021,-50.6091,258.0090,0.2078,,,,,,,
16.0881,,,,,,,,,,,-23.7427,272.5734,0.0953,-1.1418,2.7499,0.0007,1
16.0952,-5,-83,0,0,-0.0080,0.1350,-0.0019,-50.6446,258.1395,0.2059,,,,,,,
16.1053,0,0,-2,-85,-0.0031,0.1322,0.0019,-50.6748,258.2682,0.2077,,,,,,,
16.1154,2,-74,-1,-84,0.0016,0.2510,0.0001,-50.7250,258.5142,0.2079,,,,,,,
16.1255,0,-81,0,0,0.0000,0.1318,-0.0019,-50.7520,258.6431,0.2060,,,,,,,
16.1356,0,0,-3,-89,-0.0046,0.1384,0.0020,-50.7850,258.7776,0.2080,,,,,,,
16.1457,-1,-78,0,0,-0.0016,0.1269,-0.0018,-50.8126,258.9015,0.2062,,,,,,,
16.1557,-1,-82,-1,-93,-0.0031,0.2780,0.0002,-50.8726,259.1729,0.2063,,,,,,,
16.1663,0,0,-1,-82,-0.0015,0.1275,0.0018,-50.9004,259.2974,0.2081,,,,,,,
16.1763,0,-77,0,0,0.0000,0.1253,-0.0018,-50.9261,259.4199,0.2064,,,,,,,
16.1864,0,0,2,-92,0.0031,0.1430,0.0020,-50.9526,259.5606,0.2084,,,,,,,
16.1965,2,-77,1,-85,0.0047,0.2574,0.0001,-51.0012,259.8134,0.2085,,,,,,,
16.2066,2,-75,0,0,0.0032,0.1220,-0.0017,-51.0233,259.9334,0.2068,,,,,,,
16.2167,0,0,-1,-90,-0.0015,0.1399,0.0020,-51.0536,260.0700,0.2088,,,,,,,
16.2270,1,-67,-2,-83,-0.0015,0.2380,0.0003,-51.1045,260.3026,0.2090,,,,,,,
16.2357,,,,,,,,,,,-23.0942,275.3020,0.0957,0.9052,2.6544,0.0004,1
16.2371,-1,-75,0,0,-0.0016,0.1220,-0.0017,-51.1312,260.4216,0.2073,,,,,,,
16.2472,0,0,-2,-86,-0.0031,0.1337,0.0019,-51.1619,260.5518,0.2092,,,,,,,
16.2573,0,-68,0,0,0.0000,0.1106,-0.0016,-51.1848,260.6601,0.2076,,,,,,,
16.2673,-2,-74,-4,-84,-0.0093,0.2510,0.0001,-51.2457,260.9037,0.2078,,,,,,,
16.2774,0,0,-5,-88,-0.0077,0.1368,0.0020,-51.2816,261.0360,0.2097,,,,,,,
16.2875,-2,-71,0,0,-0.0032,0.1155,-0.0017,-51.3087,261.1483,0.2081,,,,,,,
16.2976,0,0,-5,-83,-0.0077,0.1290,0.0018,-51.3430,261.2729,0.2099,,,,,,,
16.3077,-4,-75,-6,-98,-0.0156,0.2744,0.0004,-51.4155,261.5380,0.2104,,,,,,,
16.3177,-5,-79,0,0,-0.0080,0.1285,-0.0018,-51.4500,261.6621,0.2085,,,,,,,
16.3278,0,0,-7,-86,-0.0108,0.1337,0.0019,-51.4883,261.7906,0.2104,,,,,,,
16.3379,-1,-63,0,0,-0.0016,0.1025,-0.0015,-51.5112,261.8905,0.2090,,,,,,,
16.3480,-2,-75,-8,-92,-0.0155,0.2651,0.0003,-51.5814,262.1466,0.2093,,,,,,,
16.3581,0,0,-6,-92,-0.0093,0.1430,0.0020,-51.6203,262.2846,0.2113,,,,,,,
16.3681,-2,-79,0,0,-0.0032,0.1285,-0.0018,-51.6503,262.4096,0.2095,,,,,,,
16.3712,,,,,,,,,,,-22.5081,277.4941,0.0965,0.7929,2.1261,0.0008,1
16.3782,0,0,-8,-86,-0.0123,0.1337,0.0019,-51.6903,262.5378,0.2114,,,,,,,
16.3883,-2,-71,-10,-92,-0.0186,0.2585,0.0004,-51.7628,262.7866,0.2118,,,,,,,
16.3984,-6,-77,0,0,-0.0095,0.1253,-0.0018,-51.7983,262.9071,0.2100,,,,,,,
16.4085,0,0,-10,-95,-0.0154,0.1477,0.0021,-51.8443,263.0483,0.2121,,,,,,,
16.4185,-6,-77,0,0,-0.0095,0.1253,-0.0018,-51.8799,263.1688,0.2103,,,,,,,
16.4286,-5,-72,-8,-96,-0.0203,0.2664,0.0005,-51.9554,263.4251,0.2108,,,,,,,
16.4387,0,0,-14,-88,-0.0216,0.1368,0.0020,-52.0053,263.5543,0.2127,,,,,,,
16.4488,-9,-72,0,0,-0.0143,0.1171,-0.0017,-52.0439,263.6658,0.2110,,,,,,,
16.4589,-6,-67,-6,-86,-0.0188,0.2427,0.0004,-52.1132,263.8992,0.2114,,,,,,,
16.4689,0,0,-8,-94,-0.0123,0.1461,0.0021,-52.1561,264.0394,0.2135,,,,,,,
16.4790,-2,-81,0,0,-0.0032,0.1318,-0.0019,-52.1870,264.1676,0.2116,,,,,,,
16.4891,0,0,-9,-97,-0.0139,0.1508,0.0022,-52.2324,264.3121,0.2138,,,,,,,
16.4992,-5,-78,-7,-90,-0.0187,0.2668,0.0002,-52.3073,264.5688,0.2139,,,,,,,
16.5061,,,,,,,,,,,-23.8494,280.0651,0.0970,-1.0874,2.6882,0.0005,1
16.5093,-3,-78,0,0,-0.0048,0.1269,-0.0018,-52.3388,264.6919,0.2121,,,,,,,
16.5193,0,0,-7,-83,-0.0108,0.1290,0.0018,-52.3767,264.8157,0.2140,,,,,,,
16.5294,-8,-75,0,0,-0.0127,0.1220,-0.0017,-52.4149,264.9323,0.2122,,,,,,,
16.5395,-2,-75,-6,-100,-0.0124,0.2775,0.0005,-52.4856,265.2009,0.2127,,,,,,,
16.5496,0,0,-1,-88,-0.0015,0.1368,0.0020,-52.5161,265.3343,0.2147,,,,,,,
16.5597,0,-71,0,0,0.0000,0.1155,-0.0017,-52.5406,265.4471,0.2130,,,,,,,
16.5697,0,0,-1,-82,-0.0015,0.1275,0.0018,-52.5692,265.5714,0.2148,,,,,,,
16.5798,0,-69,-3,-80,-0.0046,0.2366,0.0002,-52.6242,265.8016,0.2150,,,,,,,
16.5899,-2,-73,0,0,-0.0032,0.1188,-0.0017,-52.6525,265.9170,0.2133,,,,,,,
16.6000,0,0,-2,-92,-0.0031,0.1430,0.0020,-52.6859,266.0561,0.2154,,,,,,,
16.6100,0,-73,0,0,0.0000,0.1188,-0.0017,-52.7112,266.1721,0.2137,,,,,,,
16.6201,0,-70,-3,-86,-0.0046,0.2476,0.0003,-52.7683,266.4131,0.2139,,,,,,,
16.6302,0,0,-2,-84,-0.0031,0.1306,0.0019,-52.7991,266.5400,0.2158,,,,,,,
16.6403,1,-81,0,0,0.0016,0.1318,-0.0019,-52.8257,266.6691,0.2139,,,,,,,
16.6504,0,0,-1,-86,-0.0015,0.1337,0.0019,-52.8557,266.7994,0.2158,,,,,,,
16.6524,,,,,,,,,,,-24.2286,282.4042,0.0977,-0.1508,2.3649,0.0007,1
16.6604,0,-69,-5,-84,-0.0077,0.2429,0.0003,-52.9153,267.0350,0.2161,,,,,,,
16.6705,-2,-75,0,0,-0.0032,0.1220,-0.0017,-52.9444,267.1535,0.2144,,,,,,,
16.6806,0,0,-10,-96,-0.0154,0.1493,0.0021,-52.9914,267.2960,0.2165,,,,,,,
16.6907,-2,-83,0,0,-0.0032,0.1350,-0.0019,-53.0234,267.4272,0.2146,,,,,,,
16.7008,-1,-77,0,-97,-0.0016,0.2761,0.0004,-53.0838,267.6966,0.2149,,,,,,,
16.7109,0,0,-5,-92,-0.0077,0.1430,0.0020,-53.1220,267.8347,0.2170,,,,,,,
16.7209,-5,-78,0,0,-0.0080,0.1269,-0.0018,-53.1569,267.9569,0.2152,,,,,,,
16.7310,-8,-67,-9,-97,-0.0266,0.2598,0.0006,-53.2385,268.2051,0.2158,,,,,,,
16.7411,0,0,-11,-91,-0.0170,0.1415,0.0020,-53.2855,268.3396,0.2178,,,,,,,
16.7512,0,0,0,0,0.0000,0.0000,0.0000,-53.2855,268.3396,0.2178,,,,,,,
16.7613,0,0,-9,-85,-0.0139,0.1322,0.0019,-53.3277,268.4656,0.2197,,,,,,,
16.7713,-11,-71,-9,-94,-0.0314,0.2617,0.0004,-53.4154,268.7141,0.2201,,,,,,,
16.7814,-5,-73,0,0,-0.0080,0.1188,-0.0017,-53.4490,268.8283,0.2184,,,,,,,
16.7886,,,,,,,,,,,-25.2692,284.9021,0.0987,-0.7920,2.5875,0.0010,1
16.7915,0,0,-9,-94,-0.0139,0.1461,0.0021,-53.4943,268.9679,0.2205,,,,,,,
16.8016,-1,-40,0,0,-0.0016,0.0651,-0.0009,-53.5101,269.0310,0.2196,,,,,,,
16.8116,-5,-74,-9,-95,-0.0218,0.2681,0.0004,-53.5898,269.2879,0.2200,,,,,,,
16.8217,0,0,-6,-95,-0.0093,0.1477,0.0021,-53.6312,269.4300,0.2221,,,,,,,
16.8318,-3,-76,0,0,-0.0048,0.1236,-0.0018,-53.6630,269.5496,0.2203,,,,,,,
16.8419,0,0,-5,-89,-0.0077,0.1384,0.0020,-53.7009,269.6829,0.2223,,,,,,,
16.8519,-1,-69,-10,-95,-0.0170,0.2600,0.0005,-53.7749,269.9327,0.2228,,,,,,,
16.8620,-2,-56,0,0,-0.0032,0.0911,-0.0013,-53.7980,270.0209,0.2215,,,,,,,
16.8721,0,0,-10,-91,-0.0154,0.1415,0.0020,-53.8443,270.1555,0.2235,,,,,,,
16.8822,-5,-56,0,0,-0.0080,0.0911,-0.0013,-53.8722,270.2425,0.2222,,,,,,,
16.8922,-6,-62,-10,-94,-0.0250,0.2470,0.0006,-53.9510,270.4780,0.2228,,,,,,,
16.9023,0,0,-13,-90,-0.0200,0.1399,0.0020,-54.0016,270.6099,0.2248,,,,,,,
16.9124,-9,-72,0,0,-0.0143,0.1171,-0.0017,-54.0416,270.7210,0.2232,,,,,,,
16.9225,0,0,-7,-82,-0.0108,0.1275,0.0018,-54.0805,270.8429,0.2250,,,,,,,
16.9325,-6,-65,-11,-80,-0.0265,0.2301,0.0003,-54.1577,271.0613,0.2253,,,,,,,
16.9360,,,,,,,,,,,-25.0133,287.6461,0.0995,0.5252,2.7054,0.0008,1
16.9426,-8,-62,0,0,-0.0127,0.1009,-0.0014,-54.1925,271.1568,0.2238,,,,,,,
16.9527,0,0,-7,-92,-0.0108,0.1430,0.0020,-54.2350,271.2938,0.2259,,,,,,,
16.9629,-2,-70,-2,-83,-0.0063,0.2429,0.0002,-54.2955,271.5292,0.2261,,,,,,,
16.9729,-1,-71,0,0,-0.0016,0.1155,-0.0017,-54.3228,271.6414,0.2244,,,,,,,
16.9830,0,0,-2,-91,-0.0031,0.1415,0.0020,-54.3575,271.7786,0.2264,,,,,,,
16.9931,1,-59,0,0,0.0016,0.0960,-0.0014,-54.3774,271.8725,0.2251,,,,,,,
17.0033,6,-18,-3,-91,0.0049,0.1708,0.0016,-54.4109,272.0400,0.2267,,,,,,,
17.0134,0,0,-3,-81,-0.0046,0.1259,0.0018,-54.4438,272.1617,0.2285,,,,,,,
17.0235,-1,-49,0,0,-0.0016,0.0797,-0.0011,-54.4633,272.2390,0.2273,,,,,,,
17.0336,0,0,-3,-88,-0.0046,0.1368,0.0020,-54.4988,272.3712,0.2293,,,,,,,
17.0436,0,-10,-8,-90,-0.0123,0.1562,0.0018,-54.5465,272.5205,0.2311,,,,,,,
17.0537,-1,-33,0,0,-0.0016,0.0537,-0.0008,-54.5603,272.5724,0.2303,,,,,,,
17.0638,0,0,-8,-87,-0.0123,0.1353,0.0019,-54.6033,272.7012,0.2322,,,,,,,
17.0708,,,,,,,,,,,-25.5447,290.5928,0.0998,-0.2362,2.9848,0.0004,1
17.0739,-6,-68,0,0,-0.0095,0.1106,-0.0016,-54.6380,272.8067,0.2306,,,,,,,
17.0840,-6,-82,-11,-84,-0.0265,0.2640,-0.0000,-54.7241,273.0576,0.2306,,,,,,,
17.0941,0,0,-10,-99,-0.0154,0.1539,0.0022,-54.7745,273.2039,0.2328,,,,,,,
17.1042,-2,-82,0,0,-0.0032,0.1334,-0.0019,-54.8082,273.3330,0.2309,,,,,,,
17.1142,0,0,0,-87,0.0000,0.1353,0.0019,-54.8393,273.4646,0.2328,,,,,,,
17.1243,-3,-78,-6,-87,-0.0140,0.2622,0.0001,-54.9134,273.7165,0.2330,,,,,,,
17.1344,-7,-76,0,0,-0.0111,0.1236,-0.0018,-54.9527,273.8343,0.2312,,,,,,,
17.1445,0,0,-7,-103,-0.0108,0.1601,0.0023,-55.0001,273.9876,0.2335,,,,,,,
17.1545,-4,-92,0,0,-0.0064,0.1497,-0.0021,-55.0407,274.1318,0.2313,,,,,,,
17.1646,2,-83,-1,-99,0.0016,0.2889,0.0003,-55.1054,274.4134,0.2316,,,,,,,
17.1747,0,0,-6,-90,-0.0093,0.1399,0.0020,-55.1467,274.5474,0.2336,,,,,,,
17.1848,-8,-78,0,0,-0.0127,0.1269,-0.0018,-55.1883,274.6680,0.2318,,,,,,,
17.1949,-6,-84,-10,-100,-0.0250,0.2921,0.0003,-55.2798,274.9466,0.2321,,,,,,,
17.2049,0,0,-5,-89,-0.0077,0.1384,0.0020,-55.3192,275.0794,0.2340,,,,,,,
17.2079,,,,,,,,,,,-25.4468,292.5015,0.1018,0.2876,1.8894,0.0020,1
17.2150,0,-84,0,0,0.0000,0.1367,-0.0020,-55.3508,275.2124,0.2321,,,,,,,
17.2251,0,0,-7,-97,-0.0108,0.1508,0.0022,-55.3961,275.3566,0.2342,,,,,,,
17.2352,-7,-76,-12,-93,-0.0296,0.2682,0.0003,-55.4873,275.6106,0.2345,,,,,,,
17.2453,-8,-83,0,0,-0.0127,0.1350,-0.0019,-55.5309,275.7390,0.2326,,,,,,,
17.2553,0,0,-11,-95,-0.0170,0.1477,0.0021,-55.5816,275.8788,0.2347,,,,,,,
17.2654,-8,-72,0,0,-0.0127,0.1171,-0.0017,-55.6211,275.9898,0.2330,,,,,,,
17.2755,-6,-84,-12,-96,-0.0280,0.2859,0.0002,-55.7145,276.2615,0.2332,,,,,,,
17.2856,0,0,-8,-97,-0.0123,0.1508,0.0022,-55.7615,276.4053,0.2354,,,,,,,
17.2956,-3,-82,0,0,-0.0048,0.1334,-0.0019,-55.7971,276.5340,0.2335,,,,,,,
17.3057,0,0,-4,-96,-0.0062,0.1493,0.0021,-55.8378,276.6777,0.2356,,,,,,,
17.3158,-4,-82,-8,-89,-0.0187,0.2718,0.0001,-55.9194,276.9376,0.2357,,,,,,,
17.3259,-2,-82,0,0,-0.0032,0.1334,-0.0019,-55.9535,277.0666,0.2338,,,,,,,
17.3359,0,0,-5,-89,-0.0077,0.1384,0.0020,-55.9932,277.1994,0.2357,,,,,,,
17.3460,-4,-65,0,0,-0.0064,0.1057,-0.0015,-56.0240,277.3007,0.2342,,,,,,,
17.3527,,,,,,,,,,,-25.9431,295.4199,0.1030,-0.1971,2.9537,0.0011,1
17.3561,-4,-69,-8,-75,-0.0187,0.2289,0.0001,-56.0953,277.5190,0.2343,,,,,,,
17.3662,0,0,-5,-89,-0.0077,0.1384,0.0020,-56.1351,277.6518,0.2363,,,,,,,
17.3763,-4,-70,0,0,-0.0064,0.1139,-0.0016,-56.1678,277.7610,0.2346,,,,,,,
17.3864,0,0,-9,-82,-0.0139,0.1275,0.0018,-56.2111,277.8818,0.2365,,,,,,,
17.3964,-6,-68,-13,-85,-0.0296,0.2428,0.0003,-56.2968,278.1108,0.2368,,,,,,,
17.4065,-7,-70,0,0,-0.0111,0.1139,-0.0016,-56.3342,278.2190,0.2352,,,,,,,
17.4166,0,0,-9,-96,-0.0139,0.1493,0.0021,-56.3826,278.3608,0.2373,,,,,,,
17.4267,-2,-76,0,0,-0.0032,0.1236,-0.0018,-56.4147,278.4803,0.2355,,,,,,,
17.4368,-1,-74,-5,-84,-0.0093,0.2510,0.0001,-56.4823,278.7222,0.2357,,,,,,,
17.4468,0,0,-2,-90,-0.0031,0.1399,0.0020,-56.5181,278.8575,0.2377,,,,,,,
17.4569,1,-79,0,0,0.0016,0.1285,-0.0018,-56.5467,278.9828,0.2358,,,,,,,
17.4670,-3,-79,-2,-92,-0.0079,0.2716,0.0002,-56.6178,279.2450,0.2360,,,,,,,
17.4771,0,0,-1,-82,-0.0015,0.1275,0.0018,-56.6493,279.3685,0.2379,,,,,,,
17.4872,0,-74,0,0,0.0000,0.1204,-0.0017,-56.6775,279.4856,0.2361,,,,,,,
17.4875,,,,,,,,,,,-26.8231,297.3254,0.1031,-0.6794,1.9859,0.0002,1
17.4972,0,0,-3,-88,-0.0046,0.1368,0.0020,-56.7142,279.6175,0.2381,,,,,,,
17.5073,-6,-80,-8,-97,-0.0219,0.2810,0.0003,-56.8017,279.8853,0.2384,,,,,,,
17.5174,-4,-86,0,0,-0.0064,0.1399,-0.0020,-56.8408,280.0198,0.2364,,,,,,,
17.5275,0,0,-11,-101,-0.0170,0.1570,0.0022,-56.8942,280.1685,0.2386,,,,,,,
17.5375,-9,-75,0,0,-0.0143,0.1220,-0.0017,-56.9369,280.2837,0.2369,,,,,,,
17.5476,-12,-77,-13,-89,-0.0391,0.2636,0.0002,-57.0368,280.5308,0.2371,,,,,,,
17.5577,0,0,-11,-104,-0.0170,0.1617,0.0023,-57.0915,280.6839,0.2394,,,,,,,
17.5678,-4,-79,0,0,-0.0064,0.1285,-0.0018,-57.1280,280.8073,0.2375,,,,,,,
17.5778,0,0,-11,-96,-0.0170,0.1493,0.0021,-57.1798,280.9483,0.2397,,,,,,,
17.5879,-9,-83,-10,-100,-0.0297,0.2905,0.0003,-57.2776,281.2234,0.2400,,,,,,,
17.5980,-7,-77,0,0,-0.0111,0.1253,-0.0018,-57.3181,281.3425,0.2382,,,,,,,
17.6081,0,0,-9,-92,-0.0139,0.1430,0.0020,-57.3655,281.4782,0.2402,,,,,,,
17.6182,-5,-72,0,0,-0.0080,0.1171,-0.0017,-57.4010,281.5901,0.2386,,,,,,,
17.6282,-11,-83,-9,-89,-0.0314,0.2734,0.0000,-57.4961,281.8483,0.2386,,,,,,,
17.6361,,,,,,,,,,,-26.8202,300.3666,0.1038,0.3159,3.0247,0.0007,1
17.6383,0,0,-12,-110,-0.0185,0.1710,0.0024,-57.5547,282.0100,0.2410,,,,,,,
17.6484,-8,-92,0,0,-0.0127,0.1497,-0.0021,-57.6026,282.1524,0.2389,,,,,,,
17.6585,0,0,-7,-102,-0.0108,0.1586,0.0023,-57.6508,282.3039,0.2412,,,,,,,
17.6685,-6,-82,-8,-100,-0.0219,0.2889,0.0003,-57.7411,282.5791,0.2415,,,,,,,
17.6786,-2,-83,0,0,-0.0032,0.1350,-0.0019,-57.7763,282.7095,0.2396,,,,,,,
17.6887,0,0,-9,-104,-0.0139,0.1617,0.0023,-57.8284,282.8633,0.2419,,,,,,,
17.6988,-6,-79,0,0,-0.0095,0.1285,-0.0018,-57.8683,282.9858,0.2400,,,,,,,
17.7088,-10,-72,-9,-92,-0.0298,0.2602,0.0004,-57.9591,283.2314,0.2404,,,,,,,
17.7189,0,0,-11,-97,-0.0170,0.1508,0.0022,-58.0117,283.3738,0.2426,,,,,,,
17.7290,-7,-81,0,0,-0.0111,0.1318,-0.0019,-58.0540,283.4991,0.2407,,,,,,,
17.7391,-4,-78,-6,-90,-0.0156,0.2668,0.0002,-58.1328,283.7545,0.2409,,,,,,,
17.7492,0,0,-4,-83,-0.0062,0.1290,0.0018,-58.1697,283.8783,0.2427,,,,,,,
17.7592,-5,-71,0,0,-0.0080,0.1155,-0.0017,-58.2051,283.9885,0.2411,,,,,,,
17.7693,0,0,-10,-99,-0.0154,0.1539,0.0022,-58.2569,284.1343,0.2433,,,,,,,
17.7728,,,,,,,,,,,-27.6858,302.9197,0.1062,-0.5963,2.6290,0.0024,1
17.7794,-5,-84,-4,-94,-0.0141,0.2828,0.0001,-58.3388,284.4053,0.2434,,,,,,,
17.7895,-1,-73,0,0,-0.0016,0.1188,-0.0017,-58.3688,284.5202,0.2417,,,,,,,
17.7995,0,0,-8,-85,-0.0123,0.1322,0.0019,-58.4126,284.6456,0.2436,,,,,,,
17.8096,-7,-78,0,0,-0.0111,0.1269,-0.0018,-58.4539,284.7661,0.2418,,,,,,,
17.8197,-5,-76,-8,-92,-0.0203,0.2667,0.0003,-58.5375,285.0201,0.2420,,,,,,,
17.8298,0,0,-7,-82,-0.0108,0.1275,0.0018,-58.5786,285.1413,0.2439,,,,,,,
17.8398,-6,-65,0,0,-0.0095,0.1057,-0.0015,-58.6133,285.2416,0.2424,,,,,,,
17.8499,0,0,-11,-78,-0.0170,0.1213,0.0017,-58.6590,285.3552,0.2441,,,,,,,
17.8600,-7,-77,-8,-91,-0.0235,0.2668,0.0002,-58.7463,285.6084,0.2443,,,,,,,
17.8701,-6,-74,0,0,-0.0095,0.1204,-0.0017,-58.7845,285.7229,0.2426,,,,,,,
17.8802,0,0,-4,-82,-0.0062,0.1275,0.0018,-58.8213,285.8452,0.2444,,,,,,,
17.8903,-3,-72,0,0,-0.0048,0.1171,-0.0017,-58.8541,285.9577,0.2427,,,,,,,
17.9004,-10,-83,-10,-92,-0.0313,0.2781,0.0001,-58.9514,286.2201,0.2429,,,,,,,
17.9104,0,0,-8,-98,-0.0123,0.1524,0.0022,-59.0002,286.3649,0.2450,,,,,,,
17.9169,,,,,,,,,,,-27.9278,304.8977,0.1068,-0.0309,1.9925,0.0006,1
17.9205,-4,-85,0,0,-0.0064,0.1383,-0.0020,-59.0398,286.4976,0.2431,,,,,,,
17.9306,0,0,-11,-100,-0.0170,0.1555,0.0022,-59.0938,286.6443,0.2453,,,,,,,
17.9407,-9,-74,-14,-103,-0.0359,0.2805,0.0006,-59.1968,286.9077,0.2458,,,,,,,
17.9507,-10,-85,0,0,-0.0159,0.1383,-0.0020,-59.2458,287.0380,0.2439,,,,,,,
17.9608,0,0,-8,-89,-0.0123,0.1384,0.0020,-59.2913,287.1693,0.2459,,,,,,,
17.9710,-8,-82,-16,-106,-0.0374,0.2982,0.0004,-59.4002,287.4494,0.2463,,,,,,,
17.9811,-12,-84,0,0,-0.0191,0.1367,-0.0020,-59.4519,287.5773,0.2443,,,,,,,
17.9911,0,0,-12,-105,-0.0185,0.1632,0.0023,-59.5095,287.7312,0.2467,,,,,,,
18.0012,-4,-78,0,0,-0.0064,0.1269,-0.0018,-59.5466,287.8527,0.2449,,,,,,,
18.0113,-8,-74,-8,-89,-0.0251,0.2588,0.0003,-59.6336,288.0977,0.2451,,,,,,,
18.0214,0,0,-13,-88,-0.0200,0.1368,0.0020,-59.6864,288.2255,0.2471,,,,,,,
18.0315,-11,-79,0,0,-0.0175,0.1285,-0.0018,-59.7347,288.3459,0.2452,,,,,,,
18.0416,0,0,-12,-101,-0.0185,0.1570,0.0022,-59.7909,288.4936,0.2475,,,,,,,
18.0517,-7,-80,0,0,-0.0111,0.1301,-0.0019,-59.8335,288.6171,0.2456,,,,,,,
18.0540,,,,,,,,,,,-28.0372,307.7147,0.1087,0.1914,2.8127,0.0019,1
18.0617,-8,-82,0,0,-0.0127,0.1334,-0.0019,-59.8782,288.7435,0.2437,,,,,,,
18.0718,0,0,-13,-97,-0.0200,0.1508,0.0022,-59.9342,288.8849,0.2459,,,,,,,
18.0819,-11,-88,0,0,-0.0175,0.1432,-0.0020,-59.9858,289.0196,0.2438,,,,,,,
18.0920,-6,-82,-12,-96,-0.0280,0.2827,0.0002,-60.0813,289.2871,0.2441,,,,,,,
18.1020,0,0,-16,-194,-0.0247,0.3016,0.0043,-60.1788,289.5736,0.2484,,,,,,,
18.1121,-6,-84,0,0,-0.0095,0.1367,-0.0020,-60.2215,289.7038,0.2464,,,,,,,
18.1222,0,0,-10,-96,-0.0154,0.1493,0.0021,-60.2730,289.8447,0.2485,,,,,,,
18.1323,-6,-75,-6,-87,-0.0188,0.2573,0.0002,-60.3545,290.0895,0.2487,,,,,,,
18.1423,-3,-77,0,0,-0.0048,0.1253,-0.0018,-60.3899,290.2097,0.2469,,,,,,,
18.1524,0,0,-5,-87,-0.0077,0.1353,0.0019,-60.4305,290.3390,0.2489,,,,,,,
18.1625,-6,-79,0,0,-0.0095,0.1285,-0.0018,-60.4713,290.4612,0.2470,,,,,,,
18.1726,-7,-79,-13,-92,-0.0312,0.2716,0.0002,-60.5680,290.7169,0.2472,,,,,,,
18.1826,0,0,-9,-89,-0.0139,0.1384,0.0020,-60.6155,290.8476,0.2492,,,,,,,
18.1887,,,,,,,,,,,-28.6832,310.1212,0.1097,-0.3811,2.4624,0.0010,1
18.1927,-9,-74,0,0,-0.0143,0.1204,-0.0017,-60.6589,290.9608,0.2475,,,,,,,
18.2028,0,0,-10,-93,-0.0154,0.1446,0.0021,-60.7094,291.0972,0.2496,,,,,,,
18.2128,-9,-88,-6,-94,-0.0236,0.2893,0.0000,-60.8037,291.3717,0.2496,,,,,,,
18.2230,1,-77,0,0,0.0016,0.1253,-0.0018,-60.8330,291.4935,0.2478,,,,,,,
18.2331,0,0,-4,-87,-0.0062,0.1353,0.0019,-60.8723,291.6231,0.2498,,,,,,,
18.2432,-3,-78,-9,-98,-0.0186,0.2793,0.0004,-60.9595,291.8890,0.2501,,,,,,,
18.2533,-9,-84,0,0,-0.0143,0.1367,-0.0020,-61.0070,292.0179,0.2482,,,,,,,
18.2633,0,0,-7,-87,-0.0108,0.1353,0.0019,-61.0508,292.1464,0.2501,,,,,,,
18.2734,-3,-77,0,0,-0.0048,0.1253,-0.0018,-61.0864,292.2666,0.2483,,,,,,,
18.2835,-10,-75,-4,-86,-0.0221,0.2557,0.0002,-61.1706,292.5090,0.2485,,,,,,,
18.2936,0,0,-12,-90,-0.0185,0.1399,0.0020,-61.2231,292.6401,0.2505,,,,,,,
18.3036,-14,-74,0,0,-0.0223,0.1204,-0.0017,-61.2744,292.7512,0.2488,,,,,,,
18.3137,0,0,-11,-97,-0.0170,0.1508,0.0022,-61.3281,292.8932,0.2509,,,,,,,
18.3238,-8,-72,-17,-96,-0.0389,0.2664,0.0005,-61.4320,293.1415,0.2514,,,,,,,
18.3339,-13,-69,0,0,-0.0207,0.1123,-0.0016,-61.4799,293.2451,0.2498,,,,,,,
18.3370,,,,,,,,,,,-29.0729,312.6663,0.1108,-0.1089,2.5724,0.0012,1
18.3439,0,0,-14,-98,-0.0216,0.1524,0.0022,-61.5386,293.3874,0.2519,,,,,,,
18.3540,-13,-80,0,0,-0.0207,0.1301,-0.0019,-61.5910,293.5083,0.2501,,,,,,,
18.3641,-10,-82,-11,-96,-0.0329,0.2827,0.0002,-61.6928,293.7740,0.2503,,,,,,,
18.3742,0,0,-13,-105,-0.0200,0.1632,0.0023,-61.7529,293.9272,0.2526,,,,,,,
18.3842,-12,-84,0,0,-0.0191,0.1367,-0.0020,-61.8054,294.0548,0.2507,,,,,,,
18.3943,0,0,-14,-100,-0.0216,0.1555,0.0022,-61.8650,294.1999,0.2529,,,,,,,
18.4045,-7,-80,-7,-94,-0.0219,0.2763,0.0002,-61.9554,294.4620,0.2531,,,,,,,
18.4146,-10,-85,0,0,-0.0159,0.1383,-0.0020,-62.0053,294.5919,0.2512,,,,,,,
18.4246,0,0,-13,-102,-0.0200,0.1586,0.0023,-62.0643,294.7405,0.2534,,,,,,,
18.4347,-8,-91,0,0,-0.0127,0.1480,-0.0021,-62.1136,294.8806,0.2513,,,,,,,
18.4448,-8,-76,-13,-100,-0.0328,0.2791,0.0005,-62.2148,295.1428,0.2518,,,,,,,
18.4549,0,0,-13,-99,-0.0200,0.1539,0.0022,-62.2727,295.2868,0.2540,,,,,,,
18.4649,-10,-81,0,0,-0.0159,0.1318,-0.0019,-62.3211,295.4104,0.2521,,,,,,,
18.4725,,,,,,,,,,,-29.5913,315.5914,0.1135,-0.1916,2.9645,0.0027,1
18.4750,-15,-80,-16,-104,-0.0485,0.2918,0.0005,-62.4410,295.6809,0.2525,,,,,,,
18.4851,0,0,-11,-93,-0.0170,0.1446,0.0021,-62.4936,295.8166,0.2546,,,,,,,
18.4952,-9,-76,0,0,-0.0143,0.1236,-0.0018,-62.5385,295.9327,0.2528,,,,,,,
18.5052,0,0,-11,-94,-0.0170,0.1461,0.0021,-62.5917,296.0699,0.2549,,,,,,,
18.5153,-11,-77,-11,-103,-0.0345,0.2854,0.0005,-62.6970,296.3374,0.2554,,,,,,,
18.5254,-7,-80,0,0,-0.0111,0.1301,-0.0019,-62.7406,296.4605,0.2536,,,,,,,
18.5355,0,0,-6,-83,-0.0093,0.1290,0.0018,-62.7820,296.5831,0.2554,,,,,,,
18.5456,-2,-71,0,0,-0.0032,0.1155,-0.0017,-62.8142,296.6941,0.2538,,,,,,,
18.5556,-12,-79,-7,-92,-0.0299,0.2716,0.0002,-62.9113,296.9494,0.2540,,,,,,,
18.5657,0,0,-10,-100,-0.0154,0.1555,0.0022,-62.9655,297.0960,0.2562,,,,,,,
18.5758,-4,-83,0,0,-0.0064,0.1350,-0.0019,-63.0057,297.2250,0.2543,,,,,,,
18.5859,0,0,-6,-99,-0.0093,0.1539,0.0022,-63.0535,297.3716,0.2565,,,,,,,
18.5959,-7,-87,-7,-92,-0.0219,0.2846,0.0000,-63.1469,297.6413,0.2565,,,,,,,
18.6060,-1,-77,0,0,-0.0016,0.1253,-0.0018,-63.1801,297.7621,0.2547,,,,,,,
18.6161,0,0,-6,-91,-0.0093,0.1415,0.0020,-63.2249,297.8967,0.2567,,,,,,,
18.6194,,,,,,,,,,,-29.6831,317.6632,0.1156,0.1435,2.0688,0.0021,1
18.6262,-5,-80,0,0,-0.0080,0.1301,-0.0019,-63.2655,298.0206,0.2548,,,,,,,
18.6362,-7,-78,-8,-93,-0.0235,0.2715,0.0003,-63.3567,298.2774,0.2551,,,,,,,
18.6463,0,0,-8,-91,-0.0123,0.1415,0.0020,-63.4045,298.4111,0.2571,,,,,,,
18.6564,-6,-67,0,0,-0.0095,0.1090,-0.0016,-63.4413,298.5141,0.2556,,,,,,,
18.6665,0,0,-9,-85,-0.0139,0.1322,0.0019,-63.4883,298.6384,0.2575,,,,,,,
18.6765,-8,-74,-11,-95,-0.0297,0.2681,0.0004,-63.5853,298.8901,0.2578,,,,,,,
18.6866,-8,-83,0,0,-0.0127,0.1350,-0.0019,-63.6319,299.0175,0.2559,,,,,,,
18.6967,0,0,-13,-101,-0.0200,0.1570,0.0022,-63.6912,299.1643,0.2582,,,,,,,
18.7068,-7,-84,0,0,-0.0111,0.1367,-0.0020,-63.7367,299.2936,0.2562,,,,,,,
18.7169,-9,-86,-12,-104,-0.0328,0.3016,0.0003,-63.8450,299.5770,0.2565,,,,,,,
18.7269,0,0,-15,-110,-0.0231,0.1710,0.0024,-63.9109,299.7365,0.2590,,,,,,,
18.7370,-7,-88,0,0,-0.0111,0.1432,-0.0020,-63.9582,299.8721,0.2569,,,,,,,
18.7471,-8,-81,-10,-98,-0.0281,0.2841,0.0003,-64.0577,300.1397,0.2572,,,,,,,
18.7540,,,,,,,,,,,-30.2035,319.9520,0.1171,-0.2530,2.3335,0.0015,1
18.7572,0,0,-15,-106,-0.0231,0.1648,0.0024,-64.1221,300.2932,0.2596,,,,,,,
18.7672,-12,-82,0,0,-0.0191,0.1334,-0.0019,-64.1747,300.4172,0.2577,,,,,,,
18.7773,0,0,-13,-103,-0.0200,0.1601,0.0023,-64.2351,300.5669,0.2599,,,,,,,
18.7874,-11,-81,-14,-93,-0.0391,0.2764,0.0002,-64.3439,300.8239,0.2601,,,,,,,
18.7975,-9,-70,0,0,-0.0143,0.1139,-0.0016,-64.3869,300.9303,0.2585,,,,,,,
18.8075,0,0,-11,-91,-0.0170,0.1415,0.0020,-64.4396,301.0627,0.2605,,,,,,,
18.8176,-14,-72,0,0,-0.0223,0.1171,-0.0017,-64.4912,301.1702,0.2588,,,,,,,
18.8277,-12,-86,-23,-106,-0.0546,0.3047,0.0004,-64.6220,301.4508,0.2592,,,,,,,
18.8378,0,0,-21,-106,-0.0324,0.1648,0.0024,-64.6957,301.6017,0.2616,,,,,,,
18.8478,-10,-82,0,0,-0.0159,0.1334,-0.0019,-64.7455,301.7265,0.2597,,,,,,,
18.8579,0,0,-12,-104,-0.0185,0.1617,0.0023,-64.8050,301.8780,0.2620,,,,,,,
18.8680,-8,-83,-13,-102,-0.0328,0.2936,0.0003,-64.9128,302.1531,0.2623,,,,,,,
18.8781,-9,-86,0,0,-0.0143,0.1399,-0.0020,-64.9627,302.2845,0.2603,,,,,,,
18.8880,,,,,,,,,,,-31.2868,322.9329,0.1185,-0.7277,3.0871,0.0015,1
18.8882,0,0,-15,-104,-0.0231,0.1617,0.0023,-65.0269,302.4347,0.2626,,,,,,,
18.8982,-9,-82,0,0,-0.0143,0.1334,-0.0019,-65.0752,302.5599,0.2607,,,,,,,
18.9083,-6,-87,-9,-104,-0.0234,0.3032,0.0003,-65.1760,302.8468,0.2610,,,,,,,
18.9184,0,0,-7,-88,-0.0108,0.1368,0.0020,-65.2219,302.9762,0.2629,,,,,,,
18.9285,-4,-81,0,0,-0.0064,0.1318,-0.0019,-65.2622,303.1018,0.2611,,,,,,,
18.9385,0,0,-12,-107,-0.0185,0.1664,0.0024,-65.3232,303.2577,0.2634,,,,,,,
18.9486,-10,-85,-8,-97,-0.0282,0.2891,0.0002,-65.4257,303.5295,0.2636,,,,,,,
18.9587,-4,-76,0,0,-0.0064,0.1236,-0.0018,-65.4640,303.6472,0.2619,,,,,,,
18.9688,0,0,-12,-90,-0.0185,0.1399,0.0020,-65.5182,303.7775,0.2639,,,,,,,
18.9788,-10,-70,0,0,-0.0159,0.1139,-0.0016,-65.5632,303.8833,0.2622,,,,,,,
18.9889,-8,-69,-13,-94,-0.0328,0.2584,0.0005,-65.6619,304.1244,0.2627,,,,,,,
18.9990,0,0,-9,-86,-0.0139,0.1337,0.0019,-65.7101,304.2499,0.2646,,,,,,,
19.0091,-10,-81,0,0,-0.0159,0.1318,-0.0019,-65.7598,304.3729,0.2627,,,,,,,
19.0192,-9,-80,-13,-98,-0.0344,0.2825,0.0003,-65.8664,304.6368,0.2631,,,,,,,
19.0293,0,0,-12,-94,-0.0185,0.1461,0.0021,-65.9224,304.7731,0.2651,,,,,,,
19.0375,,,,,,,,,,,-31.8541,325.2511,0.1199,-0.2891,2.3690,0.0014,1
19.0394,-6,-67,0,0,-0.0095,0.1090,-0.0016,-65.9601,304.8758,0.2636,,,,,,,
19.0494,0,0,-10,-80,-0.0154,0.1244,0.0018,-66.0075,304.9918,0.2654,,,,,,,
19.0595,-13,-63,-19,-94,-0.0500,0.2486,0.0006,-66.1210,305.2186,0.2660,,,,,,,
19.0696,-16,-76,0,0,-0.0254,0.1236,-0.0018,-66.1780,305.3313,0.2642,,,,,,,
19.0797,0,0,-21,-99,-0.0324,0.1539,0.0022,-66.2496,305.4713,0.2664,,,,,,,
19.0897,-12,-79,0,0,-0.0191,0.1285,-0.0018,-66.3017,305.5903,0.2646,,,,,,,
19.0998,-14,-80,-14,-107,-0.0439,0.2965,0.0005,-66.4217,305.8650,0.2651,,,,,,,
19.1099,0,0,-14,-99,-0.0216,0.1539,0.0022,-66.4830,306.0078,0.2673,,,,,,,
19.1200,-14,-82,0,0,-0.0223,0.1334,-0.0019,-66.5396,306.1307,0.2654,,,,,,,
19.1301,0,0,-15,-97,-0.0231,0.1508,0.0022,-66.6016,306.2701,0.2675,,,,,,,
19.1401,-14,-67,-19,-108,-0.0516,0.2769,0.0008,-66.7247,306.5234,0.2684,,,,,,,
19.1502,-15,-92,0,0,-0.0239,0.1497,-0.0021,-66.7872,306.6615,0.2663,,,,,,,
19.1603,0,0,-18,-107,-0.0278,0.1664,0.0024,-66.8579,306.8146,0.2686,,,,,,,
19.1724,-9,-83,-13,-96,-0.0344,0.2843,0.0002,-66.9665,307.0796,0.2688,,,,,,,
19.1730,,,,,,,,,,,-32.9749,328.1442,0.1221,-0.7667,3.0065,0.0021,1
19.1825,-10,-75,0,0,-0.0159,0.1220,-0.0017,-67.0142,307.1930,0.2671,,,,,,,
19.1926,0,0,-18,-104,-0.0278,0.1617,0.0023,-67.0838,307.3416,0.2694,,,,,,,
19.2027,-13,-77,0,0,-0.0207,0.1253,-0.0018,-67.1370,307.4569,0.2676,,,,,,,
19.2127,-10,-82,-17,-102,-0.0421,0.2920,0.0004,-67.2548,307.7273,0.2680,,,,,,,
19.2228,0,0,-17,-103,-0.0262,0.1601,0.0023,-67.3227,307.8747,0.2703,,,,,,,
19.2329,-12,-80,0,0,-0.0191,0.1301,-0.0019,-67.3757,307.9951,0.2684,,,,,,,
19.2430,0,0,-20,-106,-0.0308,0.1648,0.0024,-67.4493,308.1457,0.2708,,,,,,,
19.2530,-15,-85,-12,-99,-0.0424,0.2922,0.0002,-67.5683,308.4159,0.2710,,,,,,,
19.2631,-10,-76,0,0,-0.0159,0.1236,-0.0018,-67.6166,308.5309,0.2692,,,,,,,
19.2732,0,0,-15,-103,-0.0231,0.1601,0.0023,-67.6817,308.6790,0.2715,,,,,,,
19.2833,-11,-81,-15,-99,-0.0406,0.2857,0.0003,-67.7975,308.9433,0.2718,,,,,,,
19.2934,-10,-75,0,0,-0.0159,0.1220,-0.0017,-67.8455,309.0566,0.2701,,,,,,,
19.3034,0,0,-15,-93,-0.0231,0.1446,0.0021,-67.9065,309.1897,0.2721,,,,,,,
19.3164,-11,-70,-17,-93,-0.0437,0.2585,0.0004,-68.0181,309.4269,0.2726,,,,,,,
19.3195,,,,,,,,,,,-33.7345,330.4048,0.1247,-0.4787,2.3362,0.0027,1
19.3265,-12,-77,0,0,-0.0191,0.1253,-0.0018,-68.0701,309.5425,0.2708,,,,,,,
19.3366,0,0,-13,-92,-0.0200,0.1430,0.0020,-68.1278,309.6749,0.2728,,,,,,,
19.3467,-9,-77,0,0,-0.0143,0.1253,-0.0018,-68.1753,309.7917,0.2710,,,,,,,
19.3568,-10,-72,-11,-98,-0.0329,0.2695,0.0005,-68.2791,310.0425,0.2715,,,,,,,
19.3668,0,0,-11,-93,-0.0170,0.1446,0.0021,-68.3344,310.1772,0.2736,,,,,,,
19.3769,-10,-71,0,0,-0.0159,0.1155,-0.0017,-68.3808,310.2842,0.2720,,,,,,,
19.3870,0,0,-13,-100,-0.0200,0.1555,0.0022,-68.4421,310.4285,0.2742,,,,,,,
19.3971,-16,-85,-13,-104,-0.0455,0.3000,0.0003,-68.5671,310.7049,0.2745,,,,,,,
19.4071,-8,-78,0,0,-0.0127,0.1269,-0.0018,-68.6137,310.8237,0.2727,,,,,,,
19.4172,0,0,-11,-88,-0.0170,0.1368,0.0020,-68.6670,310.9508,0.2747,,,,,,,
19.4273,-7,-75,-14,-99,-0.0327,0.2759,0.0005,-68.7734,311.2075,0.2751,,,,,,,
19.4374,-10,-79,0,0,-0.0159,0.1285,-0.0018,-68.8235,311.3269,0.2733,,,,,,,
19.4474,0,0,-14,-110,-0.0216,0.1710,0.0024,-68.8906,311.4857,0.2757,,,,,,,
19.4569,,,,,,,,,,,-33.1128,332.3970,0.1287,0.8647,1.8994,0.0040,1
19.4575,-8,-86,0,0,-0.0127,0.1399,-0.0020,-68.9408,311.6169,0.2737,,,,,,,
19.4676,-14,-82,-11,-97,-0.0392,0.2842,0.0002,-69.0554,311.8799,0.2740,,,,,,,
19.4777,0,0,-15,-105,-0.0231,0.1632,0.0023,-69.1220,312.0307,0.2763,,,,,,,
19.4878,-12,-83,0,0,-0.0191,0.1350,-0.0019,-69.1771,312.1555,0.2744,,,,,,,
19.4978,0,0,-15,-99,-0.0231,0.1539,0.0022,-69.2412,312.2973,0.2766,,,,,,,
19.5079,-13,-86,-16,-97,-0.0453,0.2907,0.0002,-69.3643,312.5646,0.2767,,,,,,,
19.5180,-14,-82,0,0,-0.0223,0.1334,-0.0019,-69.4220,312.6869,0.2748,,,,,,,
19.5281,0,0,-16,-111,-0.0247,0.1726,0.0025,-69.4928,312.8462,0.2773,,,,,,,
19.5381,-13,-89,0,0,-0.0207,0.1448,-0.0021,-69.5522,312.9799,0.2752,,,,,,,
19.5482,-8,-94,-10,-103,-0.0281,0.3131,0.0001,-69.6643,313.2735,0.2753,,,,,,,
19.5583,0,0,-14,-106,-0.0216,0.1648,0.0024,-69.7301,313.4262,0.2777,,,,,,,
19.5684,-16,-95,0,0,-0.0254,0.1546,-0.0022,-69.7968,313.5679,0.2755,,,,,,,
19.5784,0,0,-14,-111,-0.0216,0.1726,0.0025,-69.8647,313.7280,0.2779,,,,,,,
19.5885,-8,-86,-15,-95,-0.0359,0.2876,0.0001,-69.9781,313.9947,0.2780,,,,,,,
19.5986,-12,-76,0,0,-0.0191,0.1236,-0.0018,-70.0303,314.1084,0.2763,,,,,,,
19.6012,,,,,,,,,,,-34.0302,335.2596,0.1312,-0.5423,2.9567,0.0025,1
19.6087,0,0,-18,-101,-0.0278,0.1570,0.0022,-70.1000,314.2519,0.2785,,,,,,,
19.6188,-22,-82,0,0,-0.0350,0.1334,-0.0019,-70.1702,314.3706,0.2766,,,,,,,
19.6288,-7,-85,-15,-104,-0.0343,0.3000,0.0003,-70.2851,314.6498,0.2769,,,,,,,
19.6389,0,0,-12,-103,-0.0185,0.1601,0.0023,-70.3469,314.7987,0.2792,,,,,,,
19.6490,-11,-78,0,0,-0.0175,0.1269,-0.0018,-70.3986,314.9159,0.2774,,,,,,,
19.6592,-9,-75,-13,-92,-0.0344,0.2651,0.0003,-70.5042,315.1614,0.2777,,,,,,,
19.6693,0,0,-13,-92,-0.0200,0.1430,0.0020,-70.5629,315.2934,0.2798,,,,,,,
19.6794,-15,-71,0,0,-0.0239,0.1155,-0.0017,-70.6176,315.3978,0.2781,,,,,,,
19.6894,0,0,-14,-99,-0.0216,0.1539,0.0022,-70.6808,315.5399,0.2803,,,,,,,
19.6995,-11,-80,-14,-94,-0.0391,0.2763,0.0002,-70.7948,315.7945,0.2805,,,,,,,
19.7096,-9,-77,0,0,-0.0143,0.1253,-0.0018,-70.8431,315.9110,0.2788,,,,,,,
19.7197,0,0,-11,-93,-0.0170,0.1446,0.0021,-70.8994,316.0453,0.2808,,,,,,,
19.7298,-10,-91,0,0,-0.0159,0.1480,-0.0021,-70.9555,316.1832,0.2787,,,,,,,
19.7363,,,,,,,,,,,-34.6408,337.6469,0.1329,-0.2930,2.4467,0.0017,1
19.7399,-11,-76,-12,-91,-0.0360,0.2651,0.0003,-71.0631,316.4281,0.2790,,,,,,,
19.7499,0,0,-9,-97,-0.0139,0.1508,0.0022,-71.1181,316.5693,0.2811,,,,,,,
19.7600,-6,-80,0,0,-0.0095,0.1301,-0.0019,-71.1633,316.6917,0.2793,,,,,,,
19.7701,0,0,-11,-93,-0.0170,0.1446,0.0021,-71.2196,316.8259,0.2813,,,,,,,
19.7802,-12,-76,-13,-93,-0.0391,0.2682,0.0003,-71.3317,317.0728,0.2816,,,,,,,
19.7903,-8,-78,0,0,-0.0127,0.1269,-0.0018,-71.3791,317.1912,0.2798,,,,,,,
19.8003,0,0,-13,-102,-0.0200,0.1586,0.0023,-71.4423,317.3380,0.2821,,,,,,,
19.8104,-10,-81,0,0,-0.0159,0.1318,-0.0019,-71.4941,317.4602,0.2802,,,,,,,
19.8205,-11,-88,-13,-95,-0.0375,0.2909,0.0001,-71.6107,317.7293,0.2803,,,,,,,
19.8306,0,0,-7,-103,-0.0108,0.1601,0.0023,-71.6655,317.8801,0.2825,,,,,,,
19.8407,-6,-87,0,0,-0.0095,0.1415,-0.0020,-71.7140,318.0134,0.2805,,,,,,,
19.8508,0,0,-12,-107,-0.0185,0.1664,0.0024,-71.7780,318.1681,0.2829,,,,,,,
19.8608,-10,-89,-12,-101,-0.0344,0.3018,0.0002,-71.8953,318.4483,0.2831,,,,,,,
19.8709,-12,-80,0,0,-0.0191,0.1301,-0.0019,-71.9499,318.5680,0.2812,,,,,,,
19.8718,,,,,,,,,,,-35.1750,339.8586,0.1355,-0.2365,2.2629,0.0026,1
19.8810,0,0,-14,-98,-0.0216,0.1524,0.0022,-72.0131,318.7083,0.2834,,,,,,,
19.8911,-16,-82,0,0,-0.0254,0.1334,-0.0019,-72.0747,318.8294,0.2815,,,,,,,
19.9012,-19,-83,-19,-111,-0.0595,0.3076,0.0005,-72.2174,319.1083,0.2820,,,,,,,
19.9112,0,0,-13,-100,-0.0200,0.1555,0.0022,-72.2801,319.2520,0.2842,,,,,,,
19.9213,-9,-80,0,0,-0.0143,0.1301,-0.0019,-72.3302,319.3729,0.2824,,,,,,,
19.9314,-14,-79,-13,-98,-0.0423,0.2809,0.0003,-72.4491,319.6309,0.2827,,,,,,,
19.9415,0,0,-21,-107,-0.0324,0.1664,0.0024,-72.5268,319.7815,0.2851,,,,,,,
19.9516,-12,-90,0,0,-0.0191,0.1464,-0.0021,-72.5862,319.9167,0.2830,,,,,,,
19.9617,0,0,-12,-112,-0.0185,0.1741,0.0025,-72.6528,320.0787,0.2855,,,,,,,
19.9718,-9,-84,-14,-102,-0.0359,0.2952,0.0003,-72.7704,320.3518,0.2858,,,,,,,
19.9819,-14,-92,0,0,-0.0223,0.1497,-0.0021,-72.8338,320.4892,0.2837,,,,,,,
19.9919,0,0,-12,-110,-0.0185,0.1710,0.0024,-72.8996,320.6481,0.2861,,,,,,,
20.0020,-10,-87,0,0,-0.0159,0.1415,-0.0020,-72.9547,320.7795,0.2841,,,,,,,
20.0122,-12,-85,-13,-102,-0.0391,0.2969,0.0003,-73.0755,321.0535,0.2844,,,,,,,
20.0206,,,,,,,,,,,-36.6151,343.0709,0.1379,-0.9929,3.3774,0.0024,1
20.0222,0,0,-14,-104,-0.0216,0.1617,0.0023,-73.1418,321.2025,0.2867,,,,,,,
20.0323,-11,-85,0,0,-0.0175,0.1383,-0.0020,-73.1975,321.3303,0.2847,,,,,,,
20.0424,0,0,-11,-93,-0.0170,0.1446,0.0021,-73.2546,321.4642,0.2868,,,,,,,
20.0525,-6,-77,-12,-95,-0.0280,0.2730,0.0003,-73.3587,321.7181,0.2871,,,,,,,
20.0626,-7,-81,0,0,-0.0111,0.1318,-0.0019,-73.4066,321.8414,0.2852,,,,,,,
20.0727,0,0,-13,-100,-0.0200,0.1555,0.0022,-73.4697,321.9849,0.2874,,,,,,,
20.0827,-11,-84,0,0,-0.0175,0.1367,-0.0020,-73.5251,322.1110,0.2855,,,,,,,
20.0928,-15,-69,-12,-102,-0.0424,0.2708,0.0007,-73.6421,322.3589,0.2862,,,,,,,
20.1029,0,0,-14,-89,-0.0216,0.1384,0.0020,-73.7020,322.4855,0.2881,,,,,,,
20.1130,-10,-87,0,0,-0.0159,0.1415,-0.0020,-73.7574,322.6168,0.2861,,,,,,,
20.1231,0,0,-13,-99,-0.0200,0.1539,0.0022,-73.8202,322.7587,0.2883,,,,,,,
20.1331,-11,-75,-11,-96,-0.0345,0.2713,0.0004,-73.9304,323.0089,0.2887,,,,,,,
20.1432,-13,-84,0,0,-0.0207,0.1367,-0.0020,-73.9890,323.1341,0.2867,,,,,,,
20.1533,0,0,-13,-99,-0.0200,0.1539,0.0022,-74.0519,323.2760,0.2889,,,,,,,
20.1535,,,,,,,,,,,-36.1839,344.9418,0.1407,0.6842,1.7939,0.0028,1
20.1634,-9,-82,-10,-84,-0.0297,0.2640,-0.0000,-74.1556,323.5206,0.2889,,,,,,,
20.1735,-14,-74,0,0,-0.0223,0.1204,-0.0017,-74.2112,323.6297,0.2872,,,,,,,
20.1836,0,0,-17,-102,-0.0262,0.1586,0.0023,-74.2814,323.7743,0.2894,,,,,,,
20.1936,-19,-88,0,0,-0.0302,0.1432,-0.0020,-74.3511,323.9029,0.2874,,,,,,,
20.2037,-14,-75,-16,-98,-0.0469,0.2744,0.0004,-74.4739,324.1527,0.2878,,,,,,,
20.2138,0,0,-22,-107,-0.0339,0.1664,0.0024,-74.5539,324.3025,0.2902,,,,,,,
20.2239,-15,-74,0,0,-0.0239,0.1204,-0.0017,-74.6111,324.4111,0.2885,,,,,,,
20.2340,0,0,-19,-102,-0.0293,0.1586,0.0023,-74.6844,324.5547,0.2908,,,,,,,
20.2441,-16,-84,-17,-100,-0.0517,0.2921,0.0003,-74.8177,324.8198,0.2910,,,,,,,
20.2542,-16,-77,0,0,-0.0254,0.1253,-0.0018,-74.8779,324.9325,0.2892,,,,,,,
20.2643,0,0,-21,-103,-0.0324,0.1601,0.0023,-74.9548,325.0767,0.2915,,,,,,,
20.2744,-22,-84,0,0,-0.0350,0.1367,-0.0020,-75.0275,325.1976,0.2896,,,,,,,
20.2845,-11,-79,-16,-104,-0.0422,0.2902,0.0005,-75.1508,325.4637,0.2900,,,,,,,
20.2946,0,0,-17,-101,-0.0262,0.1570,0.0022,-75.2210,325.6065,0.2923,,,,,,,
20.3009,,,,,,,,,,,-37.5792,348.0170,0.1423,-0.9502,3.2405,0.0016,1
20.3046,-21,-85,0,0,-0.0334,0.1383,-0.0020,-75.2927,325.7294,0.2903,,,,,,,
20.3147,0,0,-22,-109,-0.0339,0.1695,0.0024,-75.3739,325.8820,0.2927,,,,,,,
20.3248,-16,-86,-19,-106,-0.0547,0.3047,0.0004,-75.5143,326.1579,0.2931,,,,,,,
20.3349,-11,-92,0,0,-0.0175,0.1497,-0.0021,-75.5742,326.2962,0.2910,,,,,,,
20.3450,0,0,-15,-109,-0.0231,0.1695,0.0024,-75.6451,326.4518,0.2934,,,,,,,
20.3551,-16,-86,0,0,-0.0254,0.1399,-0.0020,-75.7098,326.5785,0.2914,,,,,,,
20.3651,-13,-85,-19,-103,-0.0500,0.2984,0.0003,-75.8434,326.8499,0.2917,,,,,,,
20.3752,0,0,-19,-106,-0.0293,0.1648,0.0024,-75.9191,326.9993,0.2940,,,,,,,
20.3853,-16,-78,0,0,-0.0254,0.1269,-0.0018,-75.9801,327.1134,0.2922,,,,,,,
20.3954,-13,-75,-21,-99,-0.0531,0.2759,0.0005,-76.1105,327.3623,0.2927,,,,,,,
20.4055,0,0,-18,-93,-0.0278,0.1446,0.0021,-76.1789,327.4927,0.2947,,,,,,,
20.4155,-14,-70,0,0,-0.0223,0.1139,-0.0016,-76.2332,327.5952,0.2931,,,,,,,
20.4256,0,0,-20,-96,-0.0308,0.1493,0.0021,-76.3060,327.7291,0.2953,,,,,,,
20.4357,-22,-78,-23,-97,-0.0705,0.2777,0.0003,-76.4542,327.9743,0.2956,,,,,,,
20.4384,,,,,,,,,,,-37.3591,350.4276,0.1471,0.5597,2.3550,0.0048,1
20.4458,-14,-73,0,0,-0.0223,0.1188,-0.0017,-76.5100,328.0815,0.2939,,,,,,,
20.4559,0,0,-20,-93,-0.0308,0.1446,0.0021,-76.5816,328.2108,0.2960,,,,,,,
20.4659,-15,-72,0,0,-0.0239,0.1171,-0.0017,-76.6385,328.3160,0.2943,,,,,,,
20.4760,-16,-75,-20,-87,-0.0563,0.2573,0.0002,-76.7670,328.5459,0.2945,,,,,,,
20.4861,0,0,-20,-89,-0.0308,0.1384,0.0020,-76.8368,328.6693,0.2965,,,,,,,
20.4962,-16,-73,0,0,-0.0254,0.1188,-0.0017,-76.8957,328.7755,0.2948,,,,,,,
20.5063,0,0,-17,-93,-0.0262,0.1446,0.0021,-76.9630,328.9061,0.2968,,,,,,,
20.5163,-16,-74,-20,-93,-0.0563,0.2650,0.0003,-77.0943,329.1430,0.2972,,,,,,,
20.5264,-16,-72,0,0,-0.0254,0.1171,-0.0017,-77.1529,329.2476,0.2955,,,,,,,
20.5365,0,0,-14,-98,-0.0216,0.1524,0.0022,-77.2180,329.3870,0.2977,,,,,,,
20.5466,-14,-72,0,0,-0.0223,0.1171,-0.0017,-77.2736,329.4925,0.2960,,,,,,,
20.5567,-18,-74,-22,-95,-0.0626,0.2681,0.0004,-77.4117,329.7307,0.2964,,,,,,,
20.5668,0,0,-16,-97,-0.0247,0.1508,0.0022,-77.4795,329.8676,0.2985,,,,,,,
20.5768,-20,-79,0,0,-0.0318,0.1285,-0.0018,-77.5476,329.9812,0.2967,,,,,,,
20.5835,,,,,,,,,,,-38.5602,353.0485,0.1488,-0.8040,2.7686,0.0017,1
20.5869,0,0,-23,-106,-0.0355,0.1648,0.0024,-77.6298,330.1283,0.2991,,,,,,,
20.5970,-20,-76,-21,-105,-0.0642,0.2869,0.0006,-77.7758,330.3835,0.2996,,,,,,,
20.6071,-16,-81,0,0,-0.0254,0.1318,-0.0019,-77.8389,330.5020,0.2977,,,,,,,
20.6172,0,0,-19,-102,-0.0293,0.1586,0.0023,-77.9136,330.6449,0.3000,,,,,,,
20.6272,-18,-77,0,0,-0.0286,0.1253,-0.0018,-77.9778,330.7562,0.2982,,,,,,,
20.6373,-16,-69,-24,-108,-0.0625,0.2802,0.0008,-78.1199,331.0056,0.2990,,,,,,,
20.6474,0,0,-20,-102,-0.0308,0.1586,0.0023,-78.1963,331.1479,0.3013,,,,,,,
20.6575,-16,-82,0,0,-0.0254,0.1334,-0.0019,-78.2601,331.2679,0.2994,,,,,,,
20.6676,-17,-82,-21,-111,-0.0594,0.3060,0.0006,-78.4072,331.5427,0.2999,,,,,,,
20.6776,0,0,-21,-104,-0.0324,0.1617,0.0023,-78.4860,331.6875,0.3022,,,,,,,
20.6877,-8,-71,0,0,-0.0127,0.1155,-0.0017,-78.5325,331.7940,0.3006,,,,,,,
20.6978,0,0,-22,-106,-0.0339,0.1648,0.0024,-78.6139,331.9413,0.3030,,,,,,,
20.7079,-18,-81,-20,-109,-0.0595,0.3012,0.0005,-78.7606,332.2110,0.3035,,,,,,,
20.7180,-17,-81,0,0,-0.0270,0.1318,-0.0019,-78.8256,332.3287,0.3016,,,,,,,
20.7205,,,,,,,,,,,-39.6317,355.6883,0.1524,-0.6684,2.7694,0.0036,1
20.7281,0,0,-16,-105,-0.0247,0.1632,0.0023,-78.8979,332.4772,0.3039,,,,,,,
20.7381,-11,-67,0,0,-0.0175,0.1090,-0.0016,-78.9471,332.5760,0.3024,,,,,,,
20.7482,-19,-86,-18,-104,-0.0580,0.3016,0.0003,-79.0923,332.8467,0.3027,,,,,,,
20.7583,0,0,-19,-112,-0.0293,0.1741,0.0025,-79.1724,333.0040,0.3052,,,,,,,
20.7684,-9,-86,0,0,-0.0143,0.1399,-0.0020,-79.2279,333.1332,0.3032,,,,,,,
20.7785,0,0,-13,-93,-0.0200,0.1446,0.0021,-79.2904,333.2652,0.3053,,,,,,,
20.7885,-10,-74,-13,-100,-0.0359,0.2759,0.0005,-79.4076,333.5175,0.3058,,,,,,,
20.7986,-14,-91,0,0,-0.0223,0.1480,-0.0021,-79.4733,333.6520,0.3036,,,,,,,
20.8087,0,0,-16,-104,-0.0247,0.1617,0.0023,-79.5453,333.7988,0.3059,,,,,,,
20.8188,-11,-72,0,0,-0.0175,0.1171,-0.0017,-79.5972,333.9053,0.3043,,,,,,,
20.8289,-11,-71,-10,-85,-0.0329,0.2477,0.0002,-79.7028,334.1317,0.3045,,,,,,,
20.8389,0,0,-19,-98,-0.0293,0.1524,0.0022,-79.7766,334.2682,0.3067,,,,,,,
20.8490,0,0,0,0,0.0000,0.0000,0.0000,-79.7766,334.2682,0.3067,,,,,,,
20.8539,,,,,,,,,,,-39.9196,357.7830,0.1562,0.0334,2.1142,0.0038,1
20.8591,0,0,-15,-95,-0.0231,0.1477,0.0021,-79.8434,334.4020,0.3088,,,,,,,
20.8692,-11,-74,-13,-102,-0.0375,0.2790,0.0005,-79.9640,334.6563,0.3093,,,,,,,
20.8793,-12,-82,0,0,-0.0191,0.1334,-0.0019,-80.0227,334.7776,0.3074,,,,,,,
20.8894,0,0,-14,-90,-0.0216,0.1399,0.0020,-80.0857,334.9044,0.3094,,,,,,,
20.8994,-20,-160,-14,-106,-0.0534,0.4251,-0.0014,-80.2658,335.2932,0.3081,,,,,,,
20.9095,-16,-86,0,0,-0.0254,0.1399,-0.0020,-80.3323,335.4188,0.3061,,,,,,,
20.9196,0,0,-11,-99,-0.0170,0.1539,0.0022,-80.3950,335.5604,0.3083,,,,,,,
20.9297,-10,-93,0,0,-0.0159,0.1513,-0.0022,-80.4559,335.6998,0.3061,,,,,,,
20.9398,-10,-87,-11,-105,-0.0329,0.3048,0.0003,-80.5792,335.9805,0.3064,,,,,,,
20.9498,0,0,-13,-111,-0.0200,0.1726,0.0025,-80.6505,336.1389,0.3089,,,,,,,
20.9599,-14,-94,0,0,-0.0223,0.1529,-0.0022,-80.7181,336.2779,0.3067,,,,,,,
20.9700,0,0,-12,-104,-0.0185,0.1617,0.0023,-80.7847,336.4264,0.3090,,,,,,,
20.9801,-8,-89,-10,-99,-0.0281,0.2987,0.0001,-80.9024,336.7024,0.3091,,,,,,,
20.9902,-15,-89,0,0,-0.0239,0.1448,-0.0021,-80.9690,336.8331,0.3071,,,,,,,
21.0003,0,0,-17,-107,-0.0262,0.1664,0.0024,-81.0445,336.9837,0.3095,,,,,,,
21.0032,,,,,,,,,,,-40.0134,360.1986,0.1592,0.2831,2.4008,0.0030,1
21.0104,-15,-83,0,0,-0.0239,0.1350,-0.0019,-81.1082,337.1051,0.3075,,,,,,,
21.0205,-13,-90,-14,-101,-0.0423,0.3034,0.0002,-81.2404,337.3815,0.3077,,,,,,,
21.0305,0,0,-14,-106,-0.0216,0.1648,0.0024,-81.3110,337.5320,0.3100,,,,,,,
21.0406,-11,-97,0,0,-0.0175,0.1578,-0.0023,-81.3757,337.6770,0.3078,,,,,,,
21.0507,0,0,-15,-106,-0.0231,0.1648,0.0024,-81.4478,337.8270,0.3101,,,,,,,
21.0608,-10,-93,-13,-110,-0.0359,0.3223,0.0003,-81.5804,338.1229,0.3104,,,,,,,
21.0709,-10,-93,0,0,-0.0159,0.1513,-0.0022,-81.6417,338.2622,0.3082,,,,,,,
21.0810,0,0,-14,-104,-0.0216,0.1617,0.0023,-81.7115,338.4096,0.3106,,,,,,,
21.0910,-13,-97,0,0,-0.0207,0.1578,-0.0023,-81.7792,338.5537,0.3083,,,,,,,
21.1011,-10,-88,-12,-106,-0.0344,0.3080,0.0003,-81.9055,338.8366,0.3086,,,,,,,
21.1112,0,0,-14,-100,-0.0216,0.1555,0.0022,-81.9734,338.9781,0.3108,,,,,,,
21.1213,-13,-90,0,0,-0.0207,0.1464,-0.0021,-82.0378,339.1113,0.3087,,,,,,,
21.1314,-8,-77,-14,-97,-0.0343,0.2761,0.0004,-82.1544,339.3639,0.3091,,,,,,,
21.1365,,,,,,,,,,,-41.3941,363.1730,0.1608,-0.8918,3.1556,0.0016,1
21.1415,0,0,-11,-89,-0.0170,0.1384,0.0020,-82.2128,339.4905,0.3111,,,,,,,
21.1516,-9,-76,0,0,-0.0143,0.1236,-0.0018,-82.2641,339.6038,0.3093,,,,,,,
21.1616,0,0,-14,-90,-0.0216,0.1399,0.0020,-82.3274,339.7305,0.3113,,,,,,,
21.1717,-16,-81,-16,-96,-0.0501,0.2810,0.0002,-82.4612,339.9826,0.3116,,,,,,,
21.1818,-12,-84,0,0,-0.0191,0.1367,-0.0020,-82.5212,340.1069,0.3096,,,,,,,
21.1919,0,0,-12,-95,-0.0185,0.1477,0.0021,-82.5839,340.2419,0.3117,,,,,,,
21.2020,-10,-89,0,0,-0.0159,0.1448,-0.0021,-82.6433,340.3749,0.3097,,,,,,,
21.2121,-5,-93,-11,-102,-0.0249,0.3099,0.0001,-82.7615,340.6624,0.3098,,,,,,,
21.2222,0,0,-9,-98,-0.0139,0.1524,0.0022,-82.8213,340.8033,0.3119,,,,,,,
21.2322,-2,-81,0,0,-0.0032,0.1318,-0.0019,-82.8647,340.9277,0.3101,,,,,,,
21.2423,0,0,-9,-92,-0.0139,0.1430,0.0020,-82.9217,341.0597,0.3121,,,,,,,
21.2524,-9,-79,-10,-91,-0.0297,0.2700,0.0002,-83.0329,341.3075,0.3123,,,,,,,
21.2625,-7,-71,0,0,-0.0111,0.1155,-0.0017,-83.0789,341.4140,0.3106,,,,,,,
21.2726,0,0,-10,-93,-0.0154,0.1446,0.0021,-83.1379,341.5469,0.3127,,,,,,,
21.2827,-12,-84,0,0,-0.0191,0.1367,-0.0020,-83.1980,341.6711,0.3107,,,,,,,
21.2867,,,,,,,,,,,-41.5817,365.4581,0.1639,0.1806,2.2856,0.0032,1
21.2928,-15,-84,-13,-113,-0.0439,0.3123,0.0006,-83.3354,341.9551,0.3113,,,,,,,
21.3029,0,0,-19,-110,-0.0293,0.1710,0.0024,-83.4158,342.1088,0.3137,,,,,,,
21.3130,-9,-91,0,0,-0.0143,0.1480,-0.0021,-83.4750,342.2453,0.3116,,,,,,,
21.3230,0,0,-11,-105,-0.0170,0.1632,0.0023,-83.5414,342.3954,0.3140,,,,,,,
21.3331,-13,-88,-14,-109,-0.0423,0.3126,0.0004,-83.6782,342.6796,0.3143,,,,,,,
21.3432,-14,-89,0,0,-0.0223,0.1448,-0.0021,-83.7440,342.8105,0.3123,,,,,,,
21.3533,0,0,-13,-109,-0.0200,0.1695,0.0024,-83.8153,342.9655,0.3147,,,,,,,
21.3634,-10,-93,0,0,-0.0159,0.1513,-0.0022,-83.8771,343.1046,0.3125,,,,,,,
21.3735,-13,-96,-12,-109,-0.0392,0.3256,0.0002,-84.0145,343.4024,0.3127,,,,,,,
21.3836,0,0,-9,-104,-0.0139,0.1617,0.0023,-84.0777,343.5519,0.3150,,,,,,,
21.3936,-5,-88,0,0,-0.0080,0.1432,-0.0020,-84.1294,343.6856,0.3130,,,,,,,
21.4037,-6,-99,-8,-107,-0.0219,0.3274,0.0001,-84.2511,343.9904,0.3131,,,,,,,
21.4138,0,0,-15,-112,-0.0231,0.1741,0.0025,-84.3269,344.1488,0.3155,,,,,,,
21.4179,,,,,,,,,,,-42.5856,367.6342,0.1651,-0.6353,2.3108,0.0011,1
21.4239,-14,-94,0,0,-0.0223,0.1529,-0.0022,-84.3954,344.2873,0.3134,,,,,,,
21.4340,0,0,-16,-109,-0.0247,0.1695,0.0024,-84.4713,344.4409,0.3158,,,,,,,
21.4441,-11,-85,-16,-106,-0.0422,0.3031,0.0004,-84.6055,344.7158,0.3162,,,,,,,
21.4542,-14,-84,0,0,-0.0223,0.1367,-0.0020,-84.6691,344.8389,0.3142,,,,,,,
21.4642,0,0,-17,-101,-0.0262,0.1570,0.0022,-84.7427,344.9800,0.3165,,,,,,,
21.4743,-12,-87,0,0,-0.0191,0.1415,-0.0020,-84.8048,345.1087,0.3144,,,,,,,
21.4844,-13,-87,-13,-103,-0.0407,0.3017,0.0003,-84.9368,345.3829,0.3147,,,,,,,
21.4945,0,0,-11,-101,-0.0170,0.1570,0.0022,-85.0017,345.5269,0.3169,,,,,,,
21.5046,-1,-89,0,0,-0.0016,0.1448,-0.0021,-85.0482,345.6641,0.3149,,,,,,,
21.5147,0,0,-6,-93,-0.0093,0.1446,0.0021,-85.1019,345.7986,0.3169,,,,,,,
21.5248,-3,-84,-8,-103,-0.0171,0.2968,0.0003,-85.2107,346.0753,0.3173,,,,,,,
21.5349,-11,-92,0,0,-0.0175,0.1497,-0.0021,-85.2739,346.2121,0.3151,,,,,,,
21.5450,0,0,-12,-105,-0.0185,0.1632,0.0023,-85.3423,346.3615,0.3175,,,,,,,
21.5550,-12,-79,0,0,-0.0191,0.1285,-0.0018,-85.4004,346.4777,0.3156,,,,,,,
21.5577,,,,,,,,,,,-42.2732,370.1552,0.1689,0.7224,2.4354,0.0039,1
21.5651,-12,-87,-14,-105,-0.0407,0.3048,0.0003,-85.5337,346.7548,0.3159,,,,,,,
21.5752,0,0,-17,-93,-0.0262,0.1446,0.0021,-85.6037,346.8840,0.3180,,,,,,,
21.5853,-12,-87,0,0,-0.0191,0.1415,-0.0020,-85.6659,347.0125,0.3160,,,,,,,
21.5955,0,0,-9,-102,-0.0139,0.1586,0.0023,-85.7286,347.1589,0.3183,,,,,,,
21.6056,-11,-90,-15,-102,-0.0406,0.3050,0.0002,-85.8626,347.4358,0.3184,,,,,,,
21.6157,-9,-76,0,0,-0.0143,0.1236,-0.0018,-85.9148,347.5488,0.3167,,,,,,,
21.6257,0,0,-10,-77,-0.0154,0.1197,0.0017,-85.9669,347.6577,0.3184,,,,,,,
21.6358,-7,-73,-9,-90,-0.0250,0.2587,0.0003,-86.0716,347.8956,0.3187,,,,,,,
21.6459,-14,-89,0,0,-0.0223,0.1448,-0.0021,-86.1380,348.0262,0.3166,,,,,,,
21.6560,0,0,-11,-103,-0.0170,0.1601,0.0023,-86.2041,348.1730,0.3189,,,,,,,
21.6661,-5,-84,0,0,-0.0080,0.1367,-0.0020,-86.2544,348.3003,0.3169,,,,,,,
21.6762,-14,-88,-13,-100,-0.0423,0.2986,0.0002,-86.3877,348.5709,0.3171,,,,,,,
21.6863,0,0,-11,-97,-0.0170,0.1508,0.0022,-86.4510,348.7088,0.3193,,,,,,,
21.6963,-10,-97,0,0,-0.0159,0.1578,-0.0023,-86.5155,348.8537,0.3170,,,,,,,
21.7011,,,,,,,,,,,-43.4168,373.0188,0.1702,-0.6458,3.0151,0.0013,1
21.7064,0,0,-9,-108,-0.0139,0.1679,0.0024,-86.5812,349.0089,0.3194,,,,,,,
21.7165,-3,-90,-14,-102,-0.0264,0.3050,0.0002,-86.7020,349.2902,0.3196,,,,,,,
21.7266,-13,-85,0,0,-0.0207,0.1383,-0.0020,-86.7650,349.4150,0.3176,,,,,,,
21.7367,0,0,-12,-105,-0.0185,0.1632,0.0023,-86.8337,349.5642,0.3199,,,,,,,
21.7468,-11,-87,0,0,-0.0175,0.1415,-0.0020,-86.8947,349.6932,0.3179,,,,,,,
21.7568,-13,-94,-11,-104,-0.0376,0.3146,0.0001,-87.0288,349.9802,0.3180,,,,,,,
21.7669,0,0,-17,-104,-0.0262,0.1617,0.0023,-87.1044,350.1255,0.3204,,,,,,,
21.7770,-18,-88,0,0,-0.0286,0.1432,-0.0020,-87.1766,350.2525,0.3183,,,,,,,
21.7871,0,0,-15,-104,-0.0231,0.1617,0.0023,-87.2493,350.3987,0.3206,,,,,,,
21.7972,-13,-92,-14,-110,-0.0423,0.3207,0.0003,-87.3905,350.6897,0.3209,,,,,,,
21.8073,-14,-85,0,0,-0.0223,0.1383,-0.0020,-87.4551,350.8140,0.3190,,,,,,,
21.8174,0,0,-15,-106,-0.0231,0.1648,0.0024,-87.5290,350.9631,0.3213,,,,,,,
21.8274,-10,-86,0,0,-0.0159,0.1399,-0.0020,-87.5881,351.0909,0.3193,,,,,,,
21.8375,-7,-99,-11,-95,-0.0281,0.3088,-0.0002,-87.7117,351.3753,0.3191,,,,,,,
21.8386,,,,,,,,,,,-43.7953,375.1778,0.1725,-0.0073,2.1919,0.0023,1
21.8476,0,0,-10,-109,-0.0154,0.1695,0.0024,-87.7797,351.5313,0.3215,,,,,,,
21.8577,-7,-97,0,0,-0.0111,0.1578,-0.0023,-87.8399,351.6775,0.3193,,,,,,,
21.8678,-8,-79,-8,-95,-0.0251,0.2762,0.0003,-87.9505,351.9319,0.3196,,,,,,,
21.8779,0,0,-14,-98,-0.0216,0.1524,0.0022,-88.0190,352.0697,0.3217,,,,,,,
21.8880,-5,-104,0,0,-0.0080,0.1692,-0.0024,-88.0798,352.2278,0.3193,,,,,,,
21.8980,0,0,-8,-113,-0.0123,0.1757,0.0025,-88.1469,352.3906,0.3218,,,,,,,
21.9081,-4,-91,-9,-98,-0.0202,0.3004,0.0001,-88.2611,352.6692,0.3219,,,,,,,
21.9182,-4,-79,0,0,-0.0064,0.1285,-0.0018,-88.3077,352.7892,0.3201,,,,,,,
21.9283,0,0,-11,-90,-0.0170,0.1399,0.0020,-88.3680,352.9166,0.3221,,,,,,,
21.9384,-9,-82,0,0,-0.0143,0.1334,-0.0019,-88.4237,353.0387,0.3201,,,,,,,
21.9485,-4,-91,-9,-90,-0.0202,0.2880,-0.0001,-88.5335,353.3056,0.3200,,,,,,,
21.9585,0,0,-9,-98,-0.0139,0.1524,0.0022,-88.5947,353.4458,0.3222,,,,,,,
21.9686,-10,-91,0,0,-0.0159,0.1480,-0.0021,-88.6566,353.5813,0.3201,,,,,,,
21.9787,0,0,-11,-96,-0.0170,0.1493,0.0021,-88.7198,353.7176,0.3222,,,,,,,
21.9833,,,,,,,,,,,-45.2195,378.2880,0.1727,-0.8694,3.3084,0.0002,1
21.9888,-4,-89,-7,-100,-0.0172,0.3003,0.0002,-88.8311,353.9969,0.3224,,,,,,,
21.9989,-5,-83,0,0,-0.0080,0.1350,-0.0019,-88.8813,354.1225,0.3204,,,,,,,
22.0090,0,0,-8,-97,-0.0123,0.1508,0.0022,-88.9407,354.2617,0.3226,,,,,,,
22.0191,-11,-87,0,0,-0.0175,0.1415,-0.0020,-89.0020,354.3905,0.3206,,,,,,,
22.0292,-6,-86,-11,-105,-0.0265,0.3032,0.0003,-89.1228,354.6698,0.3209,,,,,,,
22.0393,0,0,-13,-100,-0.0200,0.1555,0.0022,-89.1910,354.8110,0.3231,,,,,,,
22.0494,-9,-86,0,0,-0.0143,0.1399,-0.0020,-89.2489,354.9391,0.3211,,,,,,,
22.0596,-7,-91,-12,-105,-0.0296,0.3113,0.0002,-89.3753,355.2251,0.3214,,,,,,,
22.0697,0,0,-14,-104,-0.0216,0.1617,0.0023,-89.4470,355.3717,0.3237,,,,,,,
22.0798,-12,-87,0,0,-0.0191,0.1415,-0.0020,-89.5100,355.4998,0.3216,,,,,,,
22.0899,0,0,-16,-105,-0.0247,0.1632,0.0023,-89.5852,355.6468,0.3240,,,,,,,
22.1000,-19,-85,-16,-100,-0.0549,0.2938,0.0002,-89.7307,355.9078,0.3242,,,,,,,
22.1101,-8,-74,0,0,-0.0127,0.1204,-0.0017,-89.7811,356.0179,0.3225,,,,,,,
22.1199,,,,,,,,,,,-45.9661,381.0283,0.1749,-0.2646,2.8278,0.0022,1
22.1201,0,0,-12,-102,-0.0185,0.1586,0.0023,-89.8490,356.1624,0.3248,,,,,,,
22.1302,-8,-89,0,0,-0.0127,0.1448,-0.0021,-89.9072,356.2956,0.3227,,,,,,,
22.1403,-11,-97,-12,-114,-0.0360,0.3350,0.0003,-90.0476,356.6019,0.3230,,,,,,,
22.1504,0,0,0,0,0.0000,0.0000,0.0000,-90.0476,356.6019,0.3230,,,,,,,
22.1605,-6,-92,0,0,-0.0095,0.1497,-0.0021,-90.1040,356.7409,0.3208,,,,,,,
22.1706,0,0,-10,-109,-0.0154,0.1695,0.0024,-90.1723,356.8968,0.3233,,,,,,,
22.1807,-15,-94,-13,-107,-0.0439,0.3193,0.0002,-90.3153,357.1856,0.3234,,,,,,,
22.1907,-6,-89,0,0,-0.0095,0.1448,-0.0021,-90.3703,357.3199,0.3214,,,,,,,
22.2008,0,0,-14,-205,-0.0216,0.3187,0.0046,-90.4921,357.6152,0.3259,,,,,,,
22.2109,-10,-86,0,0,-0.0159,0.1399,-0.0020,-90.5518,357.7427,0.3239,,,,,,,
22.2210,-4,-88,-10,-94,-0.0218,0.2893,0.0000,-90.6646,358.0100,0.3240,,,,,,,
22.2311,0,0,-9,-87,-0.0139,0.1353,0.0019,-90.7209,358.1338,0.3259,,,,,,,
22.2412,-5,-77,0,0,-0.0080,0.1253,-0.0018,-90.7684,358.2499,0.3241,,,,,,,
22.2512,0,0,-10,-99,-0.0154,0.1539,0.0022,-90.8322,358.3909,0.3263,,,,,,,
22.2613,-10,-82,-12,-111,-0.0344,0.3060,0.0006,-90.9630,358.6696,0.3269,,,,,,,
22.2664,,,,,,,,,,,-46.5012,383.5995,0.1765,-0.0794,2.6251,0.0016,1
22.2714,-6,-89,0,0,-0.0095,0.1448,-0.0021,-91.0184,358.8038,0.3248,,,,,,,
22.2815,0,0,-5,-85,-0.0077,0.1322,0.0019,-91.0680,358.9265,0.3267,,,,,,,
22.2916,-3,-83,-8,-106,-0.0171,0.2998,0.0004,-91.1805,359.2050,0.3271,,,,,,,
22.3017,-3,-93,0,0,-0.0048,0.1513,-0.0022,-91.2334,359.3467,0.3250,,,,,,,
22.3118,0,0,-7,-99,-0.0108,0.1539,0.0022,-91.2930,359.4891,0.3272,,,,,,,
22.3218,0,-79,0,0,0.0000,0.1285,-0.0018,-91.3342,359.6108,0.3253,,,,,,,
22.3319,-6,-82,-6,-89,-0.0188,0.2718,0.0001,-91.4388,359.8624,0.3254,,,,,,,
22.3420,0,0,-9,-102,-0.0139,0.1586,0.0023,-91.5029,360.0081,0.3277,,,,,,,
22.3521,-6,-84,0,0,-0.0095,0.1367,-0.0020,-91.5557,360.1345,0.3257,,,,,,,
22.3622,0,0,-1,-88,-0.0015,0.1368,0.0020,-91.6011,360.2636,0.3277,,,,,,,
22.3723,0,-79,-3,-92,-0.0046,0.2716,0.0002,-91.6929,360.5192,0.3279,,,,,,,
22.3824,-5,-81,0,0,-0.0080,0.1318,-0.0019,-91.7428,360.6414,0.3260,,,,,,,
22.3924,0,0,-12,-107,-0.0185,0.1664,0.0024,-91.8137,360.7930,0.3284,,,,,,,
22.4015,,,,,,,,,,,-46.8972,385.4546,0.1778,-0.0642,1.8958,0.0013,1
22.4025,-10,-82,0,0,-0.0159,0.1334,-0.0019,-91.8717,360.9142,0.3265,,,,,,,
22.4126,-10,-88,-12,-105,-0.0344,0.3064,0.0003,-92.0026,361.1934,0.3267,,,,,,,
22.4227,0,0,-11,-110,-0.0170,0.1710,0.0024,-92.0737,361.3498,0.3292,,,,,,,
22.4328,-10,-91,0,0,-0.0159,0.1480,-0.0021,-92.1365,361.4848,0.3271,,,,,,,
22.4429,0,0,-11,-103,-0.0170,0.1601,0.0023,-92.2042,361.6310,0.3294,,,,,,,
22.4530,-9,-92,-8,-108,-0.0266,0.3176,0.0003,-92.3322,361.9228,0.3296,,,,,,,
22.4631,-9,-97,0,0,-0.0143,0.1578,-0.0023,-92.3966,362.0676,0.3274,,,,,,,
22.4731,0,0,-11,-100,-0.0170,0.1555,0.0022,-92.4628,362.2093,0.3296,,,,,,,
22.4832,-5,-87,0,0,-0.0080,0.1415,-0.0020,-92.5160,362.3407,0.3276,,,,,,,
22.4933,-6,-90,-5,-94,-0.0173,0.2926,-0.0000,-92.6265,362.6121,0.3276,,,,,,,
22.5034,0,0,-12,-104,-0.0185,0.1617,0.0023,-92.6962,362.7592,0.3299,,,,,,,
22.5135,-10,-100,0,0,-0.0159,0.1627,-0.0023,-92.7638,362.9080,0.3275,,,,,,,
22.5237,-9,-84,-12,-108,-0.0328,0.3046,0.0004,-92.8929,363.1858,0.3280,,,,,,,
22.5338,0,0,-16,-105,-0.0247,0.1632,0.0023,-92.9690,363.3323,0.3303,,,,,,,
22.5372,,,,,,,,,,,-48.1049,389.2972,0.1777,-0.5089,3.9956,-0.0001,1
22.5439,-10,-83,0,0,-0.0159,0.1350,-0.0019,-93.0277,363.4550,0.3284,,,,,,,
22.5539,0,0,-13,-93,-0.0200,0.1446,0.0021,-93.0935,363.5853,0.3305,,,,,,,
22.5640,-3,-58,-13,-105,-0.0248,0.2576,0.0010,-93.2007,363.8209,0.3314,,,,,,,
22.5741,-11,-92,0,0,-0.0175,0.1497,-0.0021,-93.2658,363.9568,0.3293,,,,,,,
22.5842,0,0,-12,-105,-0.0185,0.1632,0.0023,-93.3362,364.1052,0.3316,,,,,,,
22.5943,-11,-81,0,0,-0.0175,0.1318,-0.0019,-93.3956,364.2241,0.3298,,,,,,,
22.6045,2,-89,-8,-95,-0.0092,0.2925,0.0000,-93.4990,364.4979,0.3298,,,,,,,
22.6146,0,0,-3,-93,-0.0046,0.1446,0.0021,-93.5503,364.6332,0.3319,,,,,,,
22.6247,-5,-90,0,0,-0.0080,0.1464,-0.0021,-93.6054,364.7690,0.3298,,,,,,,
22.6348,0,0,-8,-100,-0.0123,0.1555,0.0022,-93.6676,364.9121,0.3320,,,,,,,
22.6449,-7,-83,-6,-96,-0.0204,0.2843,0.0002,-93.7795,365.1742,0.3322,,,,,,,
22.6549,-4,-76,0,0,-0.0064,0.1236,-0.0018,-93.8258,365.2890,0.3304,,,,,,,
22.6650,0,0,-8,-96,-0.0123,0.1493,0.0021,-93.8860,365.4262,0.3326,,,,,,,
22.6751,-7,-85,0,0,-0.0111,0.1383,-0.0020,-93.9415,365.5533,0.3306,,,,,,,
22.6852,-3,-85,-10,-96,-0.0202,0.2875,0.0002,-94.0540,365.8187,0.3307,,,,,,,
22.6855,,,,,,,,,,,-47.8871,390.6004,0.1803,0.4447,1.2442,0.0026,1
22.6953,0,0,-7,-98,-0.0108,0.1524,0.0022,-94.1138,365.9592,0.3329,,,,,,,
22.7053,-9,-87,0,0,-0.0143,0.1415,-0.0020,-94.1735,366.0884,0.3309,,,,,,,
22.7154,0,0,-10,-94,-0.0154,0.1461,0.0021,-94.2357,366.2215,0.3330,,,,,,,
22.7255,-8,-88,-7,-92,-0.0235,0.2862,-0.0000,-94.3515,366.4843,0.3330,,,,,,,
22.7356,-6,-81,0,0,-0.0095,0.1318,-0.0019,-94.4034,366.6058,0.3311,,,,,,,
22.7457,0,0,-6,-98,-0.0093,0.1524,0.0022,-94.4619,366.7468,0.3333,,,,,,,
22.7557,-6,-96,-8,-106,-0.0219,0.3210,0.0001,-94.5876,367.0429,0.3334,,,,,,,
22.7658,-6,-93,0,0,-0.0095,0.1513,-0.0022,-94.6460,367.1829,0.3312,,,,,,,
22.7759,0,0,-11,-103,-0.0170,0.1601,0.0023,-94.7142,367.3287,0.3335,,,,,,,
22.7860,-8,-96,0,0,-0.0127,0.1562,-0.0022,-94.7772,367.4722,0.3313,,,,,,,
22.7961,-9,-92,-14,-112,-0.0359,0.3238,0.0003,-94.9166,367.7667,0.3316,,,,,,,
22.8062,0,0,-9,-103,-0.0139,0.1601,0.0023,-94.9820,367.9135,0.3339,,,,,,,
22.8163,-8,-83,0,0,-0.0127,0.1350,-0.0019,-95.0382,368.0369,0.3320,,,,,,,
22.8192,,,,,,,,,,,-49.9592,394.1227,0.1816,-1.4068,3.8369,0.0013,1
22.8264,0,0,-12,-104,-0.0185,0.1617,0.0023,-95.1085,368.1837,0.3343,,,,,,,
22.8364,-12,-90,-15,-109,-0.0422,0.3159,0.0003,-95.2521,368.4682,0.3346,,,,,,,
22.8465,-11,-96,0,0,-0.0175,0.1562,-0.0022,-95.3198,368.6101,0.3324,,,,,,,
22.8566,0,0,-9,-97,-0.0139,0.1508,0.0022,-95.3822,368.7480,0.3346,,,,,,,
22.8667,-4,-85,0,0,-0.0064,0.1383,-0.0020,-95.4335,368.8766,0.3326,,,,,,,
22.8768,-12,-98,-12,-109,-0.0376,0.3289,0.0001,-95.5765,369.1752,0.3327,,,,,,,
22.8869,0,0,-12,-109,-0.0185,0.1695,0.0024,-95.6495,369.3292,0.3352,,,,,,,
22.8969,-8,-94,0,0,-0.0127,0.1529,-0.0022,-95.7116,369.4695,0.3330,,,,,,,
22.9070,0,0,-8,-98,-0.0123,0.1524,0.0022,-95.7733,369.6094,0.3352,,,,,,,
22.9171,-8,-89,-10,-111,-0.0281,0.3174,0.0004,-95.9043,369.8999,0.3355,,,,,,,
22.9272,-10,-98,0,0,-0.0159,0.1594,-0.0023,-95.9716,370.0452,0.3333,,,,,,,
22.9373,0,0,-10,-110,-0.0154,0.1710,0.0024,-96.0423,370.2017,0.3357,,,,,,,
22.9473,-7,-92,0,0,-0.0111,0.1497,-0.0021,-96.1020,370.3394,0.3336,,,,,,,
22.9574,-10,-82,-14,-93,-0.0375,0.2780,0.0002,-96.2285,370.5898,0.3337,,,,,,,
22.9665,,,,,,,,,,,-49.9093,396.3160,0.1835,0.4452,2.1482,0.0019,1
22.9675,0,0,-10,-104,-0.0154,0.1617,0.0023,-96.2962,370.7375,0.3360,,,,,,,
22.9776,-8,-83,0,0,-0.0127,0.1350,-0.0019,-96.3526,370.8608,0.3341,,,,,,,
22.9877,-9,-71,-12,-91,-0.0328,0.2570,0.0004,-96.4679,371.0928,0.3345,,,,,,,
22.9977,0,0,-16,-95,-0.0247,0.1477,0.0021,-96.5399,371.2241,0.3366,,,,,,,
23.0078,-12,-79,0,0,-0.0191,0.1285,-0.0018,-96.6002,371.3392,0.3348,,,,,,,
23.0180,0,0,-8,-99,-0.0123,0.1539,0.0022,-96.6626,371.4804,0.3370,,,,,,,
23.0280,-4,-91,-2,-96,-0.0094,0.2973,0.0000,-96.7698,371.7579,0.3370,,,,,,,
23.0381,-3,-87,0,0,-0.0048,0.1415,-0.0020,-96.8210,371.8899,0.3350,,,,,,,
23.0482,0,0,-6,-94,-0.0093,0.1461,0.0021,-96.8779,372.0249,0.3370,,,,,,,
23.0583,-1,-88,0,0,-0.0016,0.1432,-0.0020,-96.9266,372.1595,0.3350,,,,,,,
23.0684,-1,-86,-12,-100,-0.0201,0.2954,0.0002,-97.0427,372.4319,0.3352,,,,,,,
23.0784,0,0,-1,-92,-0.0015,0.1430,0.0020,-97.0914,372.5664,0.3373,,,,,,,
23.0885,-4,-85,0,0,-0.0064,0.1383,-0.0020,-97.1430,372.6948,0.3353,,,,,,,
23.0986,0,0,-8,-94,-0.0123,0.1461,0.0021,-97.2029,372.8287,0.3374,,,,,,,
23.1009,,,,,,,,,,,-50.6106,399.1267,0.1846,-0.1767,2.8915,0.0011,1
23.1087,-7,-85,-12,-96,-0.0296,0.2875,0.0002,-97.3260,373.0902,0.3375,,,,,,,
23.1188,-6,-78,0,0,-0.0095,0.1269,-0.0018,-97.3770,373.2068,0.3357,,,,,,,
23.1289,0,0,-12,-95,-0.0185,0.1477,0.0021,-97.4432,373.3401,0.3378,,,,,,,
23.1389,-10,-80,0,0,-0.0159,0.1301,-0.0019,-97.5013,373.4577,0.3360,,,,,,,
23.1490,-7,-85,-12,-97,-0.0296,0.2891,0.0002,-97.6246,373.7208,0.3362,,,,,,,
23.1591,0,0,-12,-97,-0.0185,0.1508,0.0022,-97.6919,373.8570,0.3383,,,,,,,
23.1692,-16,-78,0,0,-0.0254,0.1269,-0.0018,-97.7580,373.9684,0.3365,,,,,,,
23.1793,0,0,-10,-95,-0.0154,0.1477,0.0021,-97.8214,374.1026,0.3386,,,,,,,
23.1893,-7,-84,-11,-100,-0.0281,0.2921,0.0003,-97.9450,374.3688,0.3389,,,,,,,
23.1994,-3,-92,0,0,-0.0048,0.1497,-0.0021,-97.9991,374.5084,0.3367,,,,,,,
23.2095,0,0,-6,-102,-0.0093,0.1586,0.0023,-98.0604,374.6550,0.3390,,,,,,,
23.2197,-10,-93,0,0,-0.0159,0.1513,-0.0022,-98.1256,374.7925,0.3368,,,,,,,
23.2298,-3,-96,-9,-107,-0.0186,0.3225,0.0001,-98.2498,375.0907,0.3370,,,,,,,
23.2399,0,0,-12,-105,-0.0185,0.1632,0.0023,-98.3214,375.2386,0.3393,,,,,,,
23.2499,-10,-83,0,0,-0.0159,0.1350,-0.0019,-98.3812,375.3607,0.3374,,,,,,,
23.2500,,,,,,,,,,,-50.8269,401.2649,0.1871,0.1800,2.1416,0.0025,1
23.2600,-9,-87,-13,-95,-0.0344,0.2892,0.0001,-98.5094,375.6222,0.3375,,,,,,,
23.2701,0,0,-10,-96,-0.0154,0.1493,0.0021,-98.5735,375.7579,0.3396,,,,,,,
23.2802,-4,-94,0,0,-0.0064,0.1529,-0.0022,-98.6303,375.9000,0.3374,,,,,,,
23.2903,0,0,-11,-104,-0.0170,0.1617,0.0023,-98.7000,376.0469,0.3397,,,,,,,
23.3003,-9,-92,-13,-96,-0.0344,0.2989,-0.0000,-98.8320,376.3173,0.3397,,,,,,,
23.3104,-9,-85,0,0,-0.0143,0.1383,-0.0020,-98.8915,376.4430,0.3378,,,,,,,
23.3205,0,0,-13,-97,-0.0200,0.1508,0.0022,-98.9605,376.5785,0.3399,,,,,,,
23.3306,-7,-81,0,0,-0.0111,0.1318,-0.0019,-99.0148,376.6991,0.3380,,,,,,,
23.3407,-7,-89,-9,-92,-0.0250,0.2878,-0.0000,-99.1339,376.9624,0.3380,,,,,,,
23.3507,0,0,-8,-101,-0.0123,0.1570,0.0022,-99.1977,377.1063,0.3402,,,,,,,
23.3608,-3,-88,0,0,-0.0048,0.1432,-0.0020,-99.2499,377.2398,0.3382,,,,,,,
23.3709,0,0,-10,-100,-0.0154,0.1555,0.0022,-99.3161,377.3812,0.3404,,,,,,,
23.3810,-5,-94,-7,-93,-0.0187,0.2975,-0.0001,-99.4331,377.6554,0.3403,,,,,,,
23.3831,,,,,,,,,,,-52.4337,404.4075,0.1877,-0.9942,3.3867,0.0006,1
23.3911,0,-92,0,0,0.0000,0.1497,-0.0021,-99.4829,377.7966,0.3382,,,,,,,
23.4012,0,0,-4,-90,-0.0062,0.1399,0.0020,-99.5353,377.9265,0.3402,,,,,,,
23.4112,-2,-78,0,0,-0.0032,0.1269,-0.0018,-99.5805,378.0451,0.3383,,,,,,,
23.4213,-6,-94,-9,-91,-0.0234,0.2944,-0.0002,-99.7003,378.3150,0.3382,,,,,,,
23.4314,0,0,-9,-92,-0.0139,0.1430,0.0020,-99.7610,378.4453,0.3402,,,,,,,
23.4415,-3,-83,0,0,-0.0048,0.1350,-0.0019,-99.8104,378.5710,0.3383,,,,,,,
23.4516,0,0,-6,-90,-0.0093,0.1399,0.0020,-99.8657,378.6999,0.3403,,,,,,,
23.4616,-5,-74,-7,-87,-0.0187,0.2557,0.0002,-99.9688,378.9346,0.3405,,,,,,,
23.4717,-3,-83,0,0,-0.0048,0.1350,-0.0019,-100.0182,379.0604,0.3386,,,,,,,
23.4818,0,0,-9,-94,-0.0139,0.1461,0.0021,-100.0800,379.1935,0.3407,,,,,,,
23.4919,-7,-89,-9,-96,-0.0250,0.2940,0.0001,-100.2018,379.4623,0.3407,,,,,,,
23.5020,-5,-85,0,0,-0.0080,0.1383,-0.0020,-100.2554,379.5901,0.3388,,,,,,,
23.5120,0,0,-10,-89,-0.0154,0.1384,0.0020,-100.3161,379.7154,0.3407,,,,,,,
23.5193,,,,,,,,,,,-52.4490,406.6570,0.1892,0.4048,2.2128,0.0015,1
23.5221,-8,-80,0,0,-0.0127,0.1301,-0.0019,-100.3714,379.8339,0.3389,,,,,,,
23.5322,-7,-95,-9,-98,-0.0250,0.3069,-0.0000,-100.4971,380.1150,0.3388,,,,,,,
23.5423,0,0,-11,-106,-0.0170,0.1648,0.0024,-100.5680,380.2647,0.3412,,,,,,,
23.5523,-13,-95,0,0,-0.0207,0.1546,-0.0022,-100.6391,380.4035,0.3390,,,,,,,
23.5625,0,0,-10,-102,-0.0154,0.1586,0.0023,-100.7065,380.5479,0.3413,,,,,,,
23.5725,-3,-86,-10,-95,-0.0202,0.2876,0.0001,-100.8218,380.8121,0.3414,,,,,,,
23.5826,-6,-95,0,0,-0.0095,0.1546,-0.0022,-100.8824,380.9546,0.3392,,,,,,,
23.5927,0,0,-10,-102,-0.0154,0.1586,0.0023,-100.9498,381.0990,0.3414,,,,,,,
23.6028,-14,-86,0,0,-0.0223,0.1399,-0.0020,-101.0175,381.2234,0.3394,,,,,,,
23.6129,-7,-75,-11,-98,-0.0281,0.2744,0.0004,-101.1354,381.4728,0.3399,,,,,,,
23.6229,0,0,-12,-85,-0.0185,0.1322,0.0019,-101.1970,381.5911,0.3417,,,,,,,
23.6330,-8,-97,0,0,-0.0127,0.1578,-0.0023,-101.2617,381.7356,0.3395,,,,,,,
23.6431,0,0,-7,-109,-0.0108,0.1695,0.0024,-101.3285,381.8918,0.3419,,,,,,,
23.6532,-8,-85,-14,-100,-0.0343,0.2938,0.0002,-101.4594,382.1570,0.3422,,,,,,,
23.6633,-9,-85,0,0,-0.0143,0.1383,-0.0020,-101.5192,382.2825,0.3402,,,,,,,
23.6666,,,,,,,,,,,-51.7739,408.7171,0.1913,1.0505,1.8964,0.0021,1
23.6733,0,0,-8,-99,-0.0123,0.1539,0.0022,-101.5823,382.4234,0.3424,,,,,,,
23.6834,-5,-85,0,0,-0.0080,0.1383,-0.0020,-101.6361,382.5511,0.3404,,,,,,,
23.6935,-6,-101,-9,-109,-0.0234,0.3338,0.0001,-101.7696,382.8579,0.3405,,,,,,,
23.7036,0,0,-3,-94,-0.0046,0.1461,0.0021,-101.8229,382.9940,0.3426,,,,,,,
23.7137,-3,-77,0,0,-0.0048,0.1253,-0.0018,-101.8694,383.1105,0.3408,,,,,,,
23.7237,-9,-89,-12,-99,-0.0328,0.2987,0.0001,-102.0002,383.3810,0.3409,,,,,,,
23.7338,0,0,-4,-94,-0.0062,0.1461,0.0021,-102.0550,383.5166,0.3430,,,,,,,
23.7439,-1,-88,0,0,-0.0016,0.1432,-0.0020,-102.1045,383.6510,0.3410,,,,,,,
23.7540,0,0,-3,-91,-0.0046,0.1415,0.0020,-102.1563,383.7827,0.3430,,,,,,,
23.7641,-3,-79,-11,-92,-0.0217,0.2716,0.0002,-102.2681,384.0311,0.3432,,,,,,,
23.7741,-6,-89,0,0,-0.0095,0.1448,-0.0021,-102.3257,384.1643,0.3411,,,,,,,
23.7842,0,0,-7,-98,-0.0108,0.1524,0.0022,-102.3870,384.3042,0.3433,,,,,,,
23.7943,-2,-87,0,0,-0.0032,0.1415,-0.0020,-102.4375,384.4365,0.3413,,,,,,,
23.8021,,,,,,,,,,,-53.7346,411.8531,0.1929,-1.3288,3.4516,0.0016,1
23.8044,-5,-87,-6,-95,-0.0172,0.2892,0.0001,-102.5505,384.7033,0.3414,,,,,,,
23.8145,0,0,-9,-90,-0.0139,0.1399,0.0020,-102.6105,384.8304,0.3434,,,,,,,
23.8246,-3,-89,0,0,-0.0048,0.1448,-0.0021,-102.6636,384.9652,0.3413,,,,,,,
23.8346,0,0,-7,-88,-0.0108,0.1368,0.0020,-102.7197,385.0905,0.3432,,,,,,,
23.8447,-3,-88,-4,-105,-0.0109,0.3064,0.0003,-102.8332,385.3753,0.3435,,,,,,,
23.8548,-4,-91,0,0,-0.0064,0.1480,-0.0021,-102.8889,385.5126,0.3414,,,,,,,
23.8649,0,0,-7,-95,-0.0108,0.1477,0.0021,-102.9487,385.6481,0.3435,,,,,,,
23.8750,-3,-71,0,0,-0.0048,0.1155,-0.0017,-102.9920,385.7553,0.3419,,,,,,,
23.8850,-3,-83,-5,-84,-0.0125,0.2656,-0.0001,-103.0928,386.0014,0.3418,,,,,,,
23.8951,0,0,-11,-101,-0.0170,0.1570,0.0022,-103.1616,386.1436,0.3441,,,,,,,
23.9052,-5,-94,0,0,-0.0080,0.1529,-0.0022,-103.2205,386.2849,0.3419,,,,,,,
23.9153,0,0,-7,-100,-0.0108,0.1555,0.0022,-103.2829,386.4277,0.3441,,,,,,,
23.9254,-10,-80,-16,-93,-0.0406,0.2747,0.0002,-103.4138,386.6727,0.3443,,,,,,,
23.9354,-13,-84,0,0,-0.0207,0.1367,-0.0020,-103.4793,386.7944,0.3423,,,,,,,
23.9455,0,0,-11,-96,-0.0170,0.1493,0.0021,-103.5455,386.9292,0.3445,,,,,,,
23.9489,,,,,,,,,,,-53.8356,414.3517,0.1924,0.3799,2.4716,-0.0005,1
23.9556,-4,-89,0,0,-0.0064,0.1448,-0.0021,-103.6003,387.0634,0.3424,,,,,,,
23.9657,-6,-91,-9,-109,-0.0234,0.3175,0.0003,-103.7290,387.3546,0.3427,,,,,,,
23.9758,0,0,-10,-102,-0.0154,0.1586,0.0023,-103.7969,387.4987,0.3450,,,,,,,
23.9859,-11,-85,0,0,-0.0175,0.1383,-0.0020,-103.8601,387.6230,0.3430,,,,,,,
23.9959,-3,-91,-8,-95,-0.0171,0.2957,-0.0000,-103.9756,387.8958,0.3430,,,,,,,
24.0060,0,0,-5,-105,-0.0077,0.1632,0.0023,-104.0380,388.0468,0.3453,,,,,,,
24.0161,-10,-91,0,0,-0.0159,0.1480,-0.0021,-104.1029,388.1808,0.3432,,,,,,,
24.0262,0,0,-12,-112,-0.0185,0.1741,0.0025,-104.1791,388.3385,0.3457,,,,,,,
24.0363,-6,-97,-11,-103,-0.0265,0.3179,0.0000,-104.3118,388.6286,0.3457,,,,,,,
24.0464,-9,-87,0,0,-0.0143,0.1415,-0.0020,-104.3731,388.7570,0.3437,,,,,,,
24.0565,0,0,-11,-107,-0.0170,0.1664,0.0024,-104.4453,388.9078,0.3461,,,,,,,
24.0666,-8,-93,0,0,-0.0127,0.1513,-0.0022,-104.5085,389.0459,0.3439,,,,,,,
24.0766,-4,-88,-10,-105,-0.0218,0.3064,0.0003,-104.6323,389.3270,0.3442,,,,,,,
24.0864,,,,,,,,,,,-54.1007,416.1023,0.1957,0.0745,1.7689,0.0033,1
24.0867,0,0,-12,-100,-0.0185,0.1555,0.0022,-104.7024,389.4671,0.3464,,,,,,,
24.0968,-12,-92,0,0,-0.0191,0.1497,-0.0021,-104.7710,389.6014,0.3443,,,,,,,
24.1069,0,0,-11,-103,-0.0170,0.1601,0.0023,-104.8412,389.7464,0.3466,,,,,,,
24.1170,-7,-86,-7,-96,-0.0219,0.2892,0.0001,-104.9600,390.0109,0.3467,,,,,,,
24.1270,-7,-73,0,0,-0.0111,0.1188,-0.0017,-105.0108,390.1188,0.3450,,,,,,,
24.1371,0,0,-9,-103,-0.0139,0.1601,0.0023,-105.0782,390.2648,0.3473,,,,,,,
24.1472,-13,-99,0,0,-0.0207,0.1611,-0.0023,-105.1523,390.4093,0.3450,,,,,,,
24.1573,3,-85,-9,-105,-0.0091,0.3015,0.0004,-105.2629,390.6899,0.3454,,,,,,,
24.1674,0,0,-2,-92,-0.0031,0.1430,0.0020,-105.3143,390.8234,0.3474,,,,,,,
24.1775,0,-76,0,0,0.0000,0.1236,-0.0018,-105.3563,390.9397,0.3456,,,,,,,
24.1875,0,0,-5,-97,-0.0077,0.1508,0.0022,-105.4148,391.0789,0.3478,,,,,,,
24.1976,-9,-88,-6,-101,-0.0236,0.3002,0.0002,-105.5393,391.3531,0.3480,,,,,,,
24.2077,-4,-84,0,0,-0.0064,0.1367,-0.0020,-105.5918,391.4794,0.3460,,,,,,,
24.2178,0,0,-4,-95,-0.0062,0.1477,0.0021,-105.6478,391.6162,0.3482,,,,,,,
24.2191,,,,,,,,,,,-55.1839,419.1655,0.1960,-0.4667,3.2154,0.0003,1
24.2279,-4,-87,-12,-100,-0.0249,0.2970,0.0002,-105.7725,391.8869,0.3484,,,,,,,
24.2380,-7,-87,0,0,-0.0111,0.1415,-0.0020,-105.8312,392.0162,0.3463,,,,,,,
24.2481,0,0,-6,-91,-0.0093,0.1415,0.0020,-105.8880,392.1461,0.3484,,,,,,,
24.2581,-4,-85,0,0,-0.0064,0.1383,-0.0020,-105.9411,392.2740,0.3464,,,,,,,
24.2682,-7,-91,-10,-101,-0.0266,0.3051,0.0001,-106.0697,392.5519,0.3465,,,,,,,
24.2783,0,0,-10,-103,-0.0154,0.1601,0.0023,-106.1387,392.6972,0.3488,,,,,,,
24.2884,-5,-91,0,0,-0.0080,0.1480,-0.0021,-106.1966,392.8337,0.3467,,,,,,,
24.2984,0,0,-6,-104,-0.0093,0.1617,0.0023,-106.2605,392.9825,0.3490,,,,,,,
24.3085,-7,-91,-9,-118,-0.0250,0.3315,0.0005,-106.3974,393.2855,0.3495,,,,,,,
24.3186,-4,-93,0,0,-0.0064,0.1513,-0.0022,-106.4550,393.4255,0.3473,,,,,,,
24.3287,0,0,-8,-98,-0.0123,0.1524,0.0022,-106.5186,393.5645,0.3495,,,,,,,
24.3388,-9,-90,0,0,-0.0143,0.1464,-0.0021,-106.5821,393.6972,0.3474,,,,,,,
24.3488,-11,-86,-10,-101,-0.0329,0.2969,0.0002,-106.7142,393.9652,0.3477,,,,,,,
24.3589,0,0,-15,-116,-0.0231,0.1804,0.0026,-106.7976,394.1268,0.3502,,,,,,,
24.3669,,,,,,,,,,,-55.3849,421.8901,0.1973,0.3335,2.7116,0.0013,1
24.3690,-10,-84,0,0,-0.0159,0.1367,-0.0020,-106.8593,394.2498,0.3483,,,,,,,
24.3791,0,0,-15,-99,-0.0231,0.1539,0.0022,-106.9337,394.3865,0.3505,,,,,,,
24.3892,-11,-81,-18,-95,-0.0453,0.2795,0.0002,-107.0722,394.6334,0.3507,,,,,,,
24.3992,-12,-80,0,0,-0.0191,0.1301,-0.0019,-107.1347,394.7491,0.3489,,,,,,,
24.4093,0,0,-11,-106,-0.0170,0.1648,0.0024,-107.2072,394.8981,0.3512,,,,,,,
24.4194,-9,-87,0,0,-0.0143,0.1415,-0.0020,-107.2692,395.0262,0.3492,,,,,,,
24.4295,-9,-84,-14,-107,-0.0359,0.3030,0.0004,-107.4066,395.2986,0.3496,,,,,,,
24.4396,0,0,-11,-103,-0.0170,0.1601,0.0023,-107.4776,395.4431,0.3519,,,,,,,
24.4496,-8,-86,0,0,-0.0127,0.1399,-0.0020,-107.5376,395.5701,0.3499,,,,,,,
24.4597,0,0,-11,-102,-0.0170,0.1586,0.0023,-107.6081,395.7132,0.3522,,,,,,,
24.4698,-7,-84,-11,-117,-0.0281,0.3186,0.0006,-107.7444,396.0025,0.3528,,,,,,,
24.4799,-8,-93,0,0,-0.0127,0.1513,-0.0022,-107.8085,396.1402,0.3506,,,,,,,
24.4900,0,0,-10,-100,-0.0154,0.1555,0.0022,-107.8765,396.2808,0.3529,,,,,,,
24.5001,-10,-79,-9,-95,-0.0298,0.2762,0.0003,-108.0000,396.5297,0.3531,,,,,,,
24.5016,,,,,,,,,,,-57.2466,424.6695,0.1981,-1.2807,3.0904,0.0007,1
24.5101,-9,-78,0,0,-0.0143,0.1269,-0.0018,-108.0572,396.6439,0.3513,,,,,,,
24.5202,0,0,-13,-104,-0.0200,0.1617,0.0023,-108.1318,396.7887,0.3536,,,,,,,
24.5303,-7,-80,0,0,-0.0111,0.1301,-0.0019,-108.1872,396.9070,0.3518,,,,,,,
24.5404,-8,-73,-11,-94,-0.0297,0.2649,0.0004,-108.3064,397.1454,0.3522,,,,,,,
24.5505,0,0,-9,-96,-0.0139,0.1493,0.0021,-108.3711,397.2807,0.3543,,,,,,,
24.5605,-9,-83,0,0,-0.0143,0.1350,-0.0019,-108.4312,397.4024,0.3524,,,,,,,
24.5706,0,0,-10,-107,-0.0154,0.1664,0.0024,-108.5033,397.5531,0.3548,,,,,,,
24.5807,0,-95,-3,-97,-0.0046,0.3054,-0.0001,-108.6137,397.8379,0.3547,,,,,,,
24.5908,-5,-85,0,0,-0.0080,0.1383,-0.0020,-108.6691,397.9648,0.3527,,,,,,,
24.6009,0,0,-8,-103,-0.0123,0.1601,0.0023,-108.7361,398.1108,0.3550,,,,,,,
24.6109,-10,-85,0,0,-0.0159,0.1383,-0.0020,-108.7990,398.2350,0.3530,,,,,,,
24.6210,-2,-89,-11,-104,-0.0201,0.3065,0.0002,-108.9239,398.5156,0.3533,,,,,,,
24.6311,0,0,-5,-96,-0.0077,0.1493,0.0021,-108.9829,398.6529,0.3554,,,,,,,
24.6412,-3,-74,0,0,-0.0048,0.1204,-0.0017,-109.0292,398.7641,0.3537,,,,,,,
24.6490,,,,,,,,,,,-57.7933,427.6452,0.1998,0.0495,3.0251,0.0018,1
24.6513,0,0,-11,-103,-0.0170,0.1601,0.0023,-109.1007,398.9084,0.3560,,,,,,,
24.6613,-9,-84,-10,-101,-0.0297,0.2937,0.0003,-109.2310,399.1733,0.3563,,,,,,,
24.6714,-10,-84,0,0,-0.0159,0.1367,-0.0020,-109.2934,399.2959,0.3543,,,,,,,
24.6815,0,0,-12,-108,-0.0185,0.1679,0.0024,-109.3692,399.4468,0.3567,,,,,,,
24.6916,-9,-79,0,0,-0.0143,0.1285,-0.0018,-109.4274,399.5623,0.3549,,,,,,,
24.7017,-9,-86,-15,-104,-0.0374,0.3016,0.0003,-109.5673,399.8321,0.3552,,,,,,,
24.7117,0,0,-9,-97,-0.0139,0.1508,0.0022,-109.6330,399.9686,0.3573,,,,,,,
24.7218,-10,-84,0,0,-0.0159,0.1367,-0.0020,-109.6955,400.0911,0.3554,,,,,,,
24.7319,-7,-81,-12,-108,-0.0296,0.2997,0.0005,-109.8277,400.3617,0.3559,,,,,,,
24.7420,0,0,-10,-107,-0.0154,0.1664,0.0024,-109.9003,400.5122,0.3583,,,,,,,
24.7521,-3,-85,0,0,-0.0048,0.1383,-0.0020,-109.9531,400.6401,0.3563,,,,,,,
24.7621,0,0,-8,-110,-0.0123,0.1710,0.0024,-110.0245,400.7960,0.3588,,,,,,,
24.7722,-5,-84,-14,-114,-0.0295,0.3139,0.0006,-110.1625,401.0795,0.3593,,,,,,,
24.7823,-10,-91,0,0,-0.0159,0.1480,-0.0021,-110.2293,401.2126,0.3572,,,,,,,
24.7849,,,,,,,,,,,-57.7945,429.7058,0.2024,0.4079,2.0198,0.0026,1
24.7924,0,0,-13,-106,-0.0200,0.1648,0.0024,-110.3058,401.3599,0.3596,,,,,,,
24.8025,-10,-83,0,0,-0.0159,0.1350,-0.0019,-110.3681,401.4807,0.3576,,,,,,,
24.8126,-11,-87,-11,-95,-0.0345,0.2892,0.0001,-110.5017,401.7396,0.3577,,,,,,,
24.8226,0,0,-13,-111,-0.0200,0.1726,0.0025,-110.5811,401.8941,0.3602,,,,,,,
24.8327,-9,-88,0,0,-0.0143,0.1432,-0.0020,-110.6448,402.0231,0.3582,,,,,,,
24.8428,0,0,-17,-95,-0.0262,0.1477,0.0021,-110.7213,402.1522,0.3603,,,,,,,
24.8529,-12,-72,-15,-88,-0.0422,0.2540,0.0003,-110.8503,402.3749,0.3605,,,,,,,
24.8629,-15,-78,0,0,-0.0239,0.1269,-0.0018,-110.9173,402.4853,0.3587,,,,,,,
24.8730,0,0,-11,-104,-0.0170,0.1617,0.0023,-110.9901,402.6307,0.3610,,,,,,,
24.8831,1,-80,0,0,0.0016,0.1301,-0.0019,-111.0345,402.7530,0.3592,,,,,,,
24.8932,-1,-75,-4,-89,-0.0078,0.2604,0.0002,-111.1333,402.9941,0.3594,,,,,,,
24.9033,0,0,-9,-92,-0.0139,0.1430,0.0020,-111.1967,403.1230,0.3615,,,,,,,
24.9134,-6,-85,0,0,-0.0095,0.1383,-0.0020,-111.2544,403.2491,0.3595,,,,,,,
24.9234,0,0,-9,-101,-0.0139,0.1570,0.0022,-111.3228,403.3911,0.3617,,,,,,,
24.9313,,,,,,,,,,,-58.1187,432.5624,0.2035,0.2567,2.8635,0.0011,1
24.9335,-2,-88,-5,-97,-0.0109,0.2940,0.0001,-111.4371,403.6622,0.3618,,,,,,,
24.9436,0,0,0,0,0.0000,0.0000,0.0000,-111.4371,403.6622,0.3618,,,,,,,
24.9537,0,0,-9,-93,-0.0139,0.1446,0.0021,-111.5014,403.7924,0.3639,,,,,,,
24.9637,-1,-83,0,0,-0.0016,0.1350,-0.0019,-111.5508,403.9181,0.3620,,,,,,,
24.9738,-6,-75,-9,-90,-0.0234,0.2619,0.0003,-111.6655,404.1548,0.3622,,,,,,,
24.9839,0,0,-9,-104,-0.0139,0.1617,0.0023,-111.7359,404.3010,0.3645,,,,,,,
24.9940,-8,-165,0,0,-0.0127,0.2684,-0.0038,-111.8430,404.5474,0.3607,,,,,,,
25.0041,-2,-74,-9,-91,-0.0171,0.2619,0.0003,-111.9515,404.7864,0.3610,,,,,,,
25.0142,0,0,-8,-79,-0.0123,0.1228,0.0018,-112.0065,404.8969,0.3628,,,,,,,
25.0243,-5,-78,0,0,-0.0080,0.1269,-0.0018,-112.0588,405.0128,0.3609,,,,,,,
25.0344,0,0,-10,-103,-0.0154,0.1601,0.0023,-112.1300,405.1571,0.3632,,,,,,,
25.0444,-10,-80,-11,-109,-0.0329,0.2996,0.0006,-112.2672,405.4254,0.3638,,,,,,,
25.0545,-7,-81,0,0,-0.0111,0.1318,-0.0019,-112.3244,405.5447,0.3619,,,,,,,
25.0646,0,0,-13,-104,-0.0200,0.1617,0.0023,-112.4006,405.6887,0.3642,,,,,,,
25.0681,,,,,,,,,,,-59.1952,434.8338,0.2058,-0.5951,2.4421,0.0023,1
25.0747,-12,-81,0,0,-0.0191,0.1318,-0.0019,-112.4653,405.8051,0.3623,,,,,,,
25.0848,-8,-91,-12,-107,-0.0312,0.3144,0.0003,-112.6059,406.0880,0.3626,,,,,,,
25.0949,0,0,-10,-105,-0.0154,0.1632,0.0023,-112.6784,406.2351,0.3649,,,,,,,
25.1049,-9,-91,0,0,-0.0143,0.1480,-0.0021,-112.7445,406.3683,0.3628,,,,,,,
25.1150,0,0,-13,-104,-0.0200,0.1617,0.0023,-112.8208,406.5123,0.3651,,,,,,,
25.1251,-6,-85,-10,-97,-0.0250,0.2891,0.0002,-112.9474,406.7734,0.3653,,,,,,,
25.1352,-5,-79,0,0,-0.0080,0.1285,-0.0018,-113.0006,406.8907,0.3635,,,,,,,
25.1453,0,0,-9,-99,-0.0139,0.1539,0.0022,-113.0684,407.0295,0.3657,,,,,,,
25.1553,-3,-92,0,0,-0.0048,0.1497,-0.0021,-113.1263,407.1676,0.3635,,,,,,,
25.1654,-12,-81,-13,-113,-0.0391,0.3075,0.0006,-113.2722,407.4411,0.3642,,,,,,,
25.1755,0,0,-13,-94,-0.0200,0.1461,0.0021,-113.3432,407.5704,0.3662,,,,,,,
25.1856,-8,-78,0,0,-0.0127,0.1269,-0.0018,-113.4004,407.6844,0.3644,,,,,,,
25.1957,0,0,-14,-95,-0.0216,0.1477,0.0021,-113.4733,407.8146,0.3665,,,,,,,
25.2012,,,,,,,,,,,-60.4168,437.6285,0.2062,-0.6246,2.9854,0.0004,1
25.2058,-9,-84,-13,-110,-0.0344,0.3077,0.0005,-113.6157,408.0895,0.3670,,,,,,,
25.2158,-7,-97,0,0,-0.0111,0.1578,-0.0023,-113.6826,408.2329,0.3648,,,,,,,
25.2259,0,0,-10,-103,-0.0154,0.1601,0.0023,-113.7543,408.3769,0.3671,,,,,,,
25.2360,-3,-88,-10,-96,-0.0202,0.2924,0.0001,-113.8781,408.6426,0.3672,,,,,,,
25.2461,-7,-86,0,0,-0.0111,0.1399,-0.0020,-113.9386,408.7692,0.3652,,,,,,,
25.2562,0,0,-2,-90,-0.0031,0.1399,0.0020,-113.9916,408.8988,0.3672,,,,,,,
25.2663,-1,-79,0,0,-0.0016,0.1285,-0.0018,-114.0391,409.0182,0.3653,,,,,,,
25.2763,-2,-84,-3,-99,-0.0078,0.2906,0.0002,-114.1502,409.2868,0.3656,,,,,,,
25.2864,0,0,-10,-96,-0.0154,0.1493,0.0021,-114.2181,409.4206,0.3677,,,,,,,
25.2965,-6,-84,0,0,-0.0095,0.1367,-0.0020,-114.2760,409.5448,0.3657,,,,,,,
25.3066,0,0,-9,-92,-0.0139,0.1430,0.0020,-114.3403,409.6733,0.3678,,,,,,,
25.3167,-3,-75,-9,-89,-0.0186,0.2604,0.0002,-114.4513,409.9096,0.3680,,,,,,,
25.3268,-11,-82,0,0,-0.0175,0.1334,-0.0019,-114.5155,410.0278,0.3661,,,,,,,
25.3369,0,0,-13,-94,-0.0200,0.1461,0.0021,-114.5867,410.1570,0.3682,,,,,,,
25.3470,-9,-73,0,0,-0.0143,0.1188,-0.0017,-114.6427,410.2627,0.3665,,,,,,,
25.3510,,,,,,,,,,,-60.5417,439.5041,0.2086,0.2618,1.8614,0.0023,1
25.3571,-8,-82,-11,-86,-0.0297,0.2671,0.0000,-114.7661,410.5014,0.3665,,,,,,,
25.3671,0,0,-6,-93,-0.0093,0.1446,0.0021,-114.8267,410.6331,0.3686,,,,,,,
25.3772,-6,-82,0,0,-0.0095,0.1334,-0.0019,-114.8836,410.7541,0.3667,,,,,,,
25.3873,0,0,-6,-88,-0.0093,0.1368,0.0020,-114.9414,410.8785,0.3686,,,,,,,
25.3974,-2,-80,-5,-97,-0.0109,0.2810,0.0003,-115.0528,411.1366,0.3689,,,,,,,
25.4075,-4,-89,0,0,-0.0064,0.1448,-0.0021,-115.1108,411.2694,0.3669,,,,,,,
25.4175,0,0,-8,-103,-0.0123,0.1601,0.0023,-115.1800,411.4144,0.3691,,,,,,,
25.4276,-5,-89,0,0,-0.0080,0.1448,-0.0021,-115.2395,411.5466,0.3671,,,,,,,
25.4377,-7,-83,-11,-103,-0.0281,0.2952,0.0004,-115.3717,411.8120,0.3674,,,,,,,
25.4478,0,0,-11,-102,-0.0170,0.1586,0.0023,-115.4446,411.9539,0.3697,,,,,,,
25.4579,-16,-70,0,0,-0.0254,0.1139,-0.0016,-115.5094,412.0509,0.3681,,,,,,,
25.4680,-8,-81,-12,-98,-0.0312,0.2841,0.0003,-115.6408,412.3048,0.3684,,,,,,,
25.4781,0,0,-14,-98,-0.0216,0.1524,0.0022,-115.7160,412.4390,0.3705,,,,,,,
25.4841,,,,,,,,,,,-60.9635,441.9680,0.2104,0.0975,2.4978,0.0018,1
25.4882,-11,-82,0,0,-0.0175,0.1334,-0.0019,-115.7805,412.5571,0.3686,,,,,,,
25.4983,0,0,-11,-109,-0.0170,0.1695,0.0024,-115.8576,412.7090,0.3711,,,,,,,
25.5084,-11,-87,-17,-100,-0.0437,0.2970,0.0002,-116.0060,412.9699,0.3713,,,,,,,
25.5184,-4,-82,0,0,-0.0064,0.1334,-0.0019,-116.0602,413.0920,0.3694,,,,,,,
25.5285,0,0,-7,-88,-0.0108,0.1368,0.0020,-116.1198,413.2156,0.3713,,,,,,,
25.5386,-7,-88,0,0,-0.0111,0.1432,-0.0020,-116.1820,413.3451,0.3693,,,,,,,
25.5487,-11,-91,-12,-115,-0.0360,0.3268,0.0004,-116.3336,413.6368,0.3697,,,,,,,
25.5588,0,0,-11,-107,-0.0170,0.1664,0.0024,-116.4097,413.7857,0.3721,,,,,,,
25.5688,-5,-82,0,0,-0.0080,0.1334,-0.0019,-116.4655,413.9072,0.3702,,,,,,,
25.5789,0,0,-12,-97,-0.0185,0.1508,0.0022,-116.5375,414.0410,0.3723,,,,,,,
25.5890,-18,-75,-8,-107,-0.0410,0.2884,0.0006,-116.6806,414.2947,0.3730,,,,,,,
25.5991,-7,-91,0,0,-0.0111,0.1480,-0.0021,-116.7448,414.4286,0.3708,,,,,,,
25.6092,0,0,-11,-110,-0.0170,0.1710,0.0024,-116.8227,414.5817,0.3733,,,,,,,
25.6192,-4,-84,0,0,-0.0064,0.1367,-0.0020,-116.8784,414.7067,0.3713,,,,,,,
25.6293,-4,-77,-11,-97,-0.0233,0.2761,0.0004,-117.0003,414.9555,0.3717,,,,,,,
25.6314,,,,,,,,,,,-62.6167,444.6896,0.2104,-1.0482,3.0069,-0.0000,1
25.6394,0,0,-9,-93,-0.0139,0.1446,0.0021,-117.0659,415.0851,0.3738,,,,,,,
25.6495,-4,-74,0,0,-0.0064,0.1204,-0.0017,-117.1157,415.1949,0.3720,,,,,,,
25.6596,0,0,-8,-98,-0.0123,0.1524,0.0022,-117.1827,415.3323,0.3742,,,,,,,
25.6697,-15,-75,-10,-105,-0.0393,0.2853,0.0006,-117.3236,415.5834,0.3748,,,,,,,
25.6797,-5,-85,0,0,-0.0080,0.1383,-0.0020,-117.3815,415.7092,0.3728,,,,,,,
25.6898,0,0,-8,-97,-0.0123,0.1508,0.0022,-117.4481,415.8451,0.3750,,,,,,,
25.6999,-5,-79,0,0,-0.0080,0.1285,-0.0018,-117.5025,415.9618,0.3732,,,,,,,
25.7100,-2,-93,-8,-94,-0.0155,0.2974,-0.0001,-117.6253,416.2331,0.3731,,,,,,,
25.7200,0,0,-4,-93,-0.0062,0.1446,0.0021,-117.6839,416.3655,0.3751,,,,,,,
25.7301,-3,-78,0,0,-0.0048,0.1269,-0.0018,-117.7348,416.4818,0.3733,,,,,,,
25.7402,-1,-74,-2,-93,-0.0047,0.2650,0.0003,-117.8358,416.7269,0.3737,,,,,,,
25.7503,0,0,-6,-107,-0.0093,0.1664,0.0024,-117.9053,416.8783,0.3761,,,,,,,
25.7604,-3,-84,0,0,-0.0048,0.1367,-0.0020,-117.9598,417.0037,0.3741,,,,,,,
25.7681,,,,,,,,,,,-62.2435,447.0490,0.2131,0.8577,2.2294,0.0027,1
25.7705,0,0,-8,-92,-0.0123,0.1430,0.0020,-118.0237,417.1322,0.3761,,,,,,,
25.7805,-3,-69,-9,-93,-0.0186,0.2568,0.0005,-118.1355,417.3643,0.3766,,,,,,,
25.7907,-5,-62,0,0,-0.0080,0.1009,-0.0014,-118.1799,417.4552,0.3752,,,,,,,
25.8008,0,0,-12,-106,-0.0185,0.1648,0.0024,-118.2577,417.6016,0.3775,,,,,,,
25.8108,-9,-83,0,0,-0.0143,0.1350,-0.0019,-118.3206,417.7219,0.3756,,,,,,,
25.8209,-10,-74,-13,-99,-0.0359,0.2743,0.0005,-118.4547,417.9639,0.3761,,,,,,,
25.8310,0,0,-16,-91,-0.0247,0.1415,0.0020,-118.5298,418.0864,0.3781,,,,,,,
25.8411,-11,-87,0,0,-0.0175,0.1415,-0.0020,-118.5982,418.2115,0.3761,,,,,,,
25.8512,0,0,-13,-114,-0.0200,0.1772,0.0025,-118.6821,418.3689,0.3786,,,,,,,
25.8613,-11,-93,-12,-99,-0.0360,0.3052,0.0000,-118.8284,418.6392,0.3786,,,,,,,
25.8713,-10,-85,0,0,-0.0159,0.1383,-0.0020,-118.8941,418.7619,0.3767,,,,,,,
25.8814,0,0,-11,-105,-0.0170,0.1632,0.0023,-118.9701,418.9074,0.3790,,,,,,,
25.8915,-9,-92,0,0,-0.0143,0.1497,-0.0021,-119.0387,419.0412,0.3769,,,,,,,
25.9007,,,,,,,,,,,-63.8045,449.7716,0.2134,-0.9499,2.9911,0.0003,1
25.9016,-3,-78,-9,-101,-0.0186,0.2839,0.0004,-119.1605,419.2983,0.3773,,,,,,,
25.9117,0,0,-9,-104,-0.0139,0.1617,0.0023,-119.2332,419.4434,0.3796,,,,,,,
25.9217,-9,-88,0,0,-0.0143,0.1432,-0.0020,-119.2994,419.5712,0.3776,,,,,,,
25.9318,0,0,-15,-107,-0.0231,0.1664,0.0024,-119.3824,419.7172,0.3799,,,,,,,
25.9419,-11,-95,-11,-97,-0.0345,0.3054,-0.0001,-119.5276,419.9880,0.3799,,,,,,,
25.9520,-7,-85,0,0,-0.0111,0.1383,-0.0020,-119.5891,420.1123,0.3779,,,,,,,
25.9621,0,0,-13,-100,-0.0200,0.1555,0.0022,-119.6653,420.2494,0.3801,,,,,,,
25.9722,-10,-80,-9,-101,-0.0298,0.2872,0.0004,-119.7995,420.5050,0.3805,,,,,,,
25.9823,-7,-84,0,0,-0.0111,0.1367,-0.0020,-119.8605,420.6278,0.3786,,,,,,,
25.9924,0,0,-11,-95,-0.0170,0.1477,0.0021,-119.9310,420.7587,0.3807,,,,,,,
26.0025,-7,-79,0,0,-0.0111,0.1285,-0.0018,-119.9890,420.8739,0.3788,,,,,,,
26.0126,-7,-82,-9,-97,-0.0250,0.2842,0.0002,-120.1173,421.1287,0.3791,,,,,,,
26.0227,0,0,-7,-94,-0.0108,0.1461,0.0021,-120.1816,421.2604,0.3812,,,,,,,
26.0328,-2,-85,0,0,-0.0032,0.1383,-0.0020,-120.2359,421.3876,0.3792,,,,,,,
26.0429,0,0,-3,-93,-0.0046,0.1446,0.0021,-120.2938,421.5202,0.3813,,,,,,,
26.0495,,,,,,,,,,,-63.8590,452.0799,0.2152,0.4356,2.2675,0.0018,1
26.0530,-5,-84,-9,-96,-0.0218,0.2859,0.0002,-120.4205,421.7774,0.3814,,,,,,,
26.0630,-5,-88,0,0,-0.0080,0.1432,-0.0020,-120.4810,421.9074,0.3794,,,,,,,
26.0731,0,0,-8,-101,-0.0123,0.1570,0.0022,-120.5508,422.0486,0.3816,,,,,,,
26.0832,-13,-73,0,0,-0.0207,0.1188,-0.0017,-120.6141,422.1512,0.3799,,,,,,,
26.0933,-10,-72,-5,-91,-0.0236,0.2586,0.0003,-120.7320,422.3826,0.3803,,,,,,,
26.1034,0,0,-6,-90,-0.0093,0.1399,0.0020,-120.7927,422.5090,0.3823,,,,,,,
26.1135,-3,-75,0,0,-0.0048,0.1220,-0.0017,-120.8425,422.6205,0.3805,,,,,,,
26.1235,0,0,-1,-89,-0.0015,0.1384,0.0020,-120.8955,422.7484,0.3825,,,,,,,
26.1336,0,-84,-11,-97,-0.0170,0.2875,0.0002,-121.0185,423.0087,0.3827,,,,,,,
26.1437,-3,-80,0,0,-0.0048,0.1301,-0.0019,-121.0715,423.1277,0.3809,,,,,,,
26.1538,0,0,-4,-96,-0.0062,0.1493,0.0021,-121.1328,423.2639,0.3830,,,,,,,
26.1639,-1,-77,0,0,-0.0016,0.1253,-0.0018,-121.1810,423.3796,0.3812,,,,,,,
26.1740,-2,-86,-4,-85,-0.0093,0.2721,-0.0001,-121.2909,423.6286,0.3811,,,,,,,
26.1841,0,0,-7,-109,-0.0108,0.1695,0.0024,-121.3641,423.7818,0.3835,,,,,,,
26.1847,,,,,,,,,,,-64.3836,454.5622,0.2162,0.0176,2.5370,0.0010,1
26.1941,-10,-100,0,0,-0.0159,0.1627,-0.0023,-121.4396,423.9268,0.3812,,,,,,,
26.2043,-2,-83,-9,-100,-0.0171,0.2905,0.0003,-121.5635,424.1901,0.3815,,,,,,,
26.2145,0,0,-11,-97,-0.0170,0.1508,0.0022,-121.6355,424.3237,0.3836,,,,,,,
26.2246,-4,-83,0,0,-0.0064,0.1350,-0.0019,-121.6919,424.4466,0.3817,,,,,,,
26.2347,0,0,-10,-96,-0.0154,0.1493,0.0021,-121.7619,424.5793,0.3838,,,,,,,
26.2448,-9,-79,0,0,-0.0143,0.1285,-0.0018,-121.8232,424.6931,0.3820,,,,,,,
26.2549,-9,-70,0,0,-0.0143,0.1139,-0.0016,-121.8789,424.7935,0.3804,,,,,,,
26.2650,0,0,-10,-104,-0.0154,0.1617,0.0023,-121.9534,424.9379,0.3827,,,,,,,
26.2751,-8,-56,0,0,-0.0127,0.0911,-0.0013,-121.9991,425.0176,0.3814,,,,,,,
26.2851,-4,-65,-11,-100,-0.0233,0.2612,0.0007,-122.1181,425.2514,0.3821,,,,,,,
26.2952,0,0,-21,-180,-0.0324,0.2799,0.0040,-122.2530,425.4987,0.3861,,,,,,,
26.3053,-13,-78,0,0,-0.0207,0.1269,-0.0018,-122.3198,425.6085,0.3843,,,,,,,
26.3154,0,0,-17,-106,-0.0262,0.1648,0.0024,-122.4061,425.7514,0.3866,,,,,,,
26.3255,-13,-87,-10,-97,-0.0361,0.2923,0.0001,-122.5498,426.0085,0.3868,,,,,,,
26.3323,,,,,,,,,,,-64.7242,457.1723,0.2184,0.2274,2.6224,0.0022,1
26.3356,-7,-82,0,0,-0.0111,0.1334,-0.0019,-122.6103,426.1279,0.3849,,,,,,,
26.3456,0,0,-11,-99,-0.0170,0.1539,0.0022,-122.6839,426.2642,0.3871,,,,,,,
26.3557,-11,-85,0,0,-0.0175,0.1383,-0.0020,-122.7522,426.3857,0.3851,,,,,,,
26.3658,-7,-89,-12,-109,-0.0296,0.3143,0.0004,-122.8978,426.6658,0.3854,,,,,,,
26.3759,0,0,-8,-97,-0.0123,0.1508,0.0022,-122.9661,426.8008,0.3876,,,,,,,
26.3860,-5,-85,0,0,-0.0080,0.1383,-0.0020,-123.0256,426.9259,0.3856,,,,,,,
26.3963,0,0,-8,-106,-0.0123,0.1648,0.0024,-123.0992,427.0739,0.3880,,,,,,,
26.4064,-2,-86,-5,-83,-0.0109,0.2690,-0.0002,-123.2110,427.3187,0.3878,,,,,,,
26.4165,-1,-71,0,0,-0.0016,0.1155,-0.0017,-123.2560,427.4251,0.3862,,,,,,,
26.4265,0,0,-4,-82,-0.0062,0.1275,0.0018,-123.3099,427.5408,0.3880,,,,,,,
26.4366,-4,-76,-10,-109,-0.0218,0.2931,0.0007,-123.4410,427.8038,0.3886,,,,,,,
26.4467,-7,-86,0,0,-0.0111,0.1399,-0.0020,-123.5042,427.9292,0.3866,,,,,,,
26.4568,0,0,-5,-81,-0.0077,0.1259,0.0018,-123.5589,428.0428,0.3884,,,,,,,
26.4665,,,,,,,,,,,-64.7937,458.9188,0.2199,0.3106,1.7201,0.0015,1
26.4669,-7,-74,0,0,-0.0111,0.1204,-0.0017,-123.6147,428.1501,0.3867,,,,,,,
26.4770,-7,-85,-14,-88,-0.0327,0.2751,-0.0000,-123.7488,428.3925,0.3867,,,,,,,
26.4870,0,0,-8,-105,-0.0123,0.1632,0.0023,-123.8220,428.5390,0.3890,,,,,,,
26.4971,-1,-91,0,0,-0.0016,0.1480,-0.0021,-123.8794,428.6754,0.3869,,,,,,,
26.5072,0,0,-3,-85,-0.0046,0.1322,0.0019,-123.9337,428.7960,0.3888,,,,,,,
26.5173,-1,-85,-5,-99,-0.0093,0.2922,0.0002,-124.0531,429.0629,0.3890,,,,,,,
26.5274,-8,-93,0,0,-0.0127,0.1513,-0.0022,-124.1221,429.1981,0.3869,,,,,,,
26.5375,0,0,-5,-96,-0.0077,0.1493,0.0021,-124.1857,429.3334,0.3890,,,,,,,
26.5475,-4,-86,0,0,-0.0064,0.1399,-0.0020,-124.2445,429.4605,0.3870,,,,,,,
26.5576,-3,-90,-1,-94,-0.0063,0.2926,-0.0000,-124.3608,429.7290,0.3870,,,,,,,
26.5677,0,0,-12,-103,-0.0185,0.1601,0.0023,-124.4385,429.8702,0.3893,,,,,,,
26.5778,-8,-88,0,0,-0.0127,0.1432,-0.0020,-124.5045,429.9979,0.3872,,,,,,,
26.5879,0,0,-10,-96,-0.0154,0.1493,0.0021,-124.5753,430.1302,0.3894,,,,,,,
26.5980,-8,-79,-9,-98,-0.0266,0.2809,0.0003,-124.7066,430.3800,0.3897,,,,,,,
26.6080,-8,-89,0,0,-0.0127,0.1448,-0.0021,-124.7732,430.5092,0.3876,,,,,,,
26.6137,,,,,,,,,,,-66.1401,461.3905,0.2205,-0.7748,2.7059,0.0006,1
26.6181,0,0,-14,-106,-0.0216,0.1648,0.0024,-124.8557,430.6535,0.3900,,,,,,,
26.6284,-8,-83,-9,-99,-0.0266,0.2889,0.0003,-124.9902,430.9106,0.3903,,,,,,,
26.6385,-11,-89,0,0,-0.0175,0.1448,-0.0021,-125.0613,431.0379,0.3882,,,,,,,
26.6485,0,0,-13,-113,-0.0200,0.1757,0.0025,-125.1466,431.1928,0.3907,,,,,,,
26.6586,-11,-95,0,0,-0.0175,0.1546,-0.0022,-125.2214,431.3292,0.3885,,,,,,,
26.6687,-4,-86,-8,-108,-0.0187,0.3078,0.0004,-125.3554,431.6069,0.3889,,,,,,,
26.6788,0,0,-9,-90,-0.0139,0.1399,0.0020,-125.4214,431.7311,0.3909,,,,,,,
26.6889,-8,-73,0,0,-0.0127,0.1188,-0.0017,-125.4783,431.8361,0.3892,,,,,,,
26.6989,0,0,-13,-101,-0.0200,0.1570,0.0022,-125.5566,431.9737,0.3914,,,,,,,
26.7090,-10,-98,-8,-103,-0.0282,0.3196,0.0000,-125.7047,432.2583,0.3915,,,,,,,
26.7191,-9,-85,0,0,-0.0143,0.1383,-0.0020,-125.7705,432.3807,0.3895,,,,,,,
26.7292,0,0,-12,-102,-0.0185,0.1586,0.0023,-125.8480,432.5203,0.3917,,,,,,,
26.7393,-10,-83,0,0,-0.0159,0.1350,-0.0019,-125.9142,432.6391,0.3898,,,,,,,
26.7494,-12,-82,-15,-97,-0.0422,0.2842,0.0002,-126.0613,432.8859,0.3901,,,,,,,
26.7512,,,,,,,,,,,-66.8672,464.0660,0.2229,-0.1244,2.7697,0.0024,1
26.7594,0,0,-8,-96,-0.0123,0.1493,0.0021,-126.1296,433.0192,0.3922,,,,,,,
26.7695,-9,-82,0,0,-0.0143,0.1334,-0.0019,-126.1937,433.1371,0.3903,,,,,,,
26.7796,0,0,-15,-95,-0.0231,0.1477,0.0021,-126.2714,433.2648,0.3924,,,,,,,
26.7897,-12,-77,-11,-90,-0.0360,0.2652,0.0002,-126.4061,433.4960,0.3926,,,,,,,
26.7998,-6,-81,0,0,-0.0095,0.1318,-0.0019,-126.4652,433.6142,0.3907,,,,,,,
26.8099,0,0,-8,-90,-0.0123,0.1399,0.0020,-126.5301,433.7388,0.3927,,,,,,,
26.8199,-7,-88,0,0,-0.0111,0.1432,-0.0020,-126.5950,433.8669,0.3907,,,,,,,
26.8300,-4,-91,-8,-108,-0.0187,0.3160,0.0003,-126.7327,434.1519,0.3910,,,,,,,
26.8401,0,0,-4,-86,-0.0062,0.1337,0.0019,-126.7894,434.2731,0.3929,,,,,,,
26.8502,0,-84,0,0,0.0000,0.1367,-0.0020,-126.8416,434.3994,0.3909,,,,,,,
26.8604,-8,-93,-4,-95,-0.0189,0.2990,-0.0001,-126.9730,434.6687,0.3909,,,,,,,
26.8705,0,0,-11,-99,-0.0170,0.1539,0.0022,-127.0475,434.8044,0.3931,,,,,,,
26.8805,-6,-83,0,0,-0.0095,0.1350,-0.0019,-127.1079,434.9256,0.3911,,,,,,,
26.8839,,,,,,,,,,,-67.5597,466.6005,0.2234,-0.1150,2.6249,0.0005,1
26.8906,0,0,-7,-91,-0.0108,0.1415,0.0020,-127.1720,435.0522,0.3932,,,,,,,
26.9007,-7,-81,-8,-103,-0.0235,0.2919,0.0004,-127.3055,435.3128,0.3936,,,,,,,
26.9108,-10,-87,0,0,-0.0159,0.1415,-0.0020,-127.3744,435.4375,0.3915,,,,,,,
26.9209,0,0,-8,-97,-0.0123,0.1508,0.0022,-127.4435,435.5721,0.3937,,,,,,,
26.9310,-13,-68,0,0,-0.0207,0.1106,-0.0016,-127.5049,435.6664,0.3921,,,,,,,
26.9410,-9,-74,-10,-84,-0.0297,0.2510,0.0001,-127.6283,435.8869,0.3923,,,,,,,
26.9511,0,0,-10,-99,-0.0154,0.1539,0.0022,-127.7016,436.0232,0.3945,,,,,,,
26.9612,-6,-83,0,0,-0.0095,0.1350,-0.0019,-127.7622,436.1442,0.3925,,,,,,,
26.9713,0,0,-8,-100,-0.0123,0.1555,0.0022,-127.8332,436.2831,0.3948,,,,,,,
26.9814,-3,-84,-8,-98,-0.0171,0.2890,0.0002,-127.9602,436.5433,0.3950,,,,,,,
26.9915,-8,-81,0,0,-0.0127,0.1318,-0.0019,-128.0225,436.6601,0.3931,,,,,,,
27.0016,0,0,-11,-101,-0.0170,0.1570,0.0022,-128.0985,436.7986,0.3953,,,,,,,
27.0117,-11,-89,0,0,-0.0175,0.1448,-0.0021,-128.1703,436.9255,0.3933,,,,,,,
27.0218,-4,-80,-7,-98,-0.0172,0.2825,0.0003,-128.2944,437.1799,0.3936,,,,,,,
27.0319,0,0,-10,-98,-0.0154,0.1524,0.0022,-128.3672,437.3146,0.3958,,,,,,,
27.0320,,,,,,,,,,,-68.2060,469.1615,0.2252,-0.0628,2.6406,0.0018,1
27.0420,-9,-84,0,0,-0.0143,0.1367,-0.0020,-128.4330,437.4352,0.3938,,,,,,,
27.0521,0,0,-14,-107,-0.0216,0.1664,0.0024,-128.5169,437.5805,0.3962,,,,,,,
27.0622,-8,-95,-10,-102,-0.0281,0.3131,0.0001,-128.6638,437.8585,0.3963,,,,,,,
27.0723,-8,-82,0,0,-0.0127,0.1334,-0.0019,-128.7269,437.9767,0.3943,,,,,,,
27.0823,0,0,-11,-106,-0.0170,0.1648,0.0024,-128.8060,438.1222,0.3967,,,,,,,
27.0924,-7,-88,-11,-91,-0.0281,0.2846,-0.0000,-128.9419,438.3739,0.3967,,,,,,,
27.1025,-7,-78,0,0,-0.0111,0.1269,-0.0018,-129.0011,438.4867,0.3949,,,,,,,
27.1126,0,0,-11,-95,-0.0170,0.1477,0.0021,-129.0737,438.6165,0.3970,,,,,,,
27.1227,-10,-92,0,0,-0.0159,0.1497,-0.0021,-129.1461,438.7484,0.3948,,,,,,,
27.1328,-6,-85,-11,-109,-0.0265,0.3078,0.0004,-129.2890,439.0223,0.3953,,,,,,,
27.1429,0,0,-11,-97,-0.0170,0.1508,0.0022,-129.3629,439.1548,0.3974,,,,,,,
27.1529,-9,-81,0,0,-0.0143,0.1318,-0.0019,-129.4270,439.2709,0.3956,,,,,,,
27.1630,0,0,-8,-98,-0.0123,0.1524,0.0022,-129.4972,439.4066,0.3977,,,,,,,
27.1671,,,,,,,,,,,-69.6372,471.8504,0.2260,-0.7946,2.9406,0.0008,1
27.1731,-3,-91,-9,-105,-0.0186,0.3113,0.0002,-129.6350,439.6864,0.3979,,,,,,,
27.1832,-8,-85,0,0,-0.0127,0.1383,-0.0020,-129.7002,439.8090,0.3960,,,,,,,
27.1933,0,0,-8,-95,-0.0123,0.1477,0.0021,-129.7687,439.9404,0.3981,,,,,,,
27.2034,-4,-74,0,0,-0.0064,0.1204,-0.0017,-129.8211,440.0490,0.3964,,,,,,,
27.2135,-5,-83,-8,-92,-0.0203,0.2781,0.0001,-129.9472,440.2977,0.3965,,,,,,,
27.2235,0,0,-8,-91,-0.0123,0.1415,0.0020,-130.0134,440.4233,0.3985,,,,,,,
27.2336,-6,-81,0,0,-0.0095,0.1318,-0.0019,-130.0732,440.5411,0.3966,,,,,,,
27.2437,0,0,-7,-91,-0.0108,0.1415,0.0020,-130.1379,440.6674,0.3986,,,,,,,
27.2538,-7,-75,-10,-90,-0.0266,0.2619,0.0003,-130.2641,440.8985,0.3989,,,,,,,
27.2639,-7,-81,0,0,-0.0111,0.1318,-0.0019,-130.3254,441.0157,0.3970,,,,,,,
27.2739,0,0,-9,-94,-0.0139,0.1461,0.0021,-130.3949,441.1450,0.3991,,,,,,,
27.2840,-9,-75,0,0,-0.0143,0.1220,-0.0017,-130.4554,441.2519,0.3974,,,,,,,
27.2941,-2,-83,-4,-89,-0.0093,0.2734,0.0000,-130.5698,441.5004,0.3974,,,,,,,
27.3042,0,0,-5,-88,-0.0077,0.1368,0.0020,-130.6300,441.6235,0.3994,,,,,,,
27.3143,-4,-89,0,0,-0.0064,0.1448,-0.0021,-130.6920,441.7545,0.3973,,,,,,,
27.3146,,,,,,,,,,,-70.1939,474.2117,0.2281,-0.0134,2.4261,0.0021,1
27.3244,-5,-82,-8,-94,-0.0203,0.2795,0.0002,-130.8189,442.0044,0.3975,,,,,,,
27.3345,0,0,-6,-105,-0.0093,0.1632,0.0023,-130.8908,442.1513,0.3998,,,,,,,
27.3446,-4,-85,0,0,-0.0064,0.1383,-0.0020,-130.9504,442.2762,0.3978,,,,,,,
27.3547,0,0,-8,-100,-0.0123,0.1555,0.0022,-131.0221,442.4147,0.4000,,,,,,,
27.3648,-4,-80,-7,-96,-0.0172,0.2794,0.0003,-131.1468,442.6654,0.4003,,,,,,,
27.3749,-9,-89,0,0,-0.0143,0.1448,-0.0021,-131.2163,442.7932,0.3983,,,,,,,
27.3850,0,0,-11,-107,-0.0170,0.1664,0.0024,-131.2966,442.9399,0.4006,,,,,,,
27.3950,-10,-85,0,0,-0.0159,0.1383,-0.0020,-131.3650,443.0611,0.3987,,,,,,,
27.4051,-9,-79,-11,-96,-0.0313,0.2778,0.0003,-131.5017,443.3049,0.3990,,,,,,,
27.4152,0,0,-10,-97,-0.0154,0.1508,0.0022,-131.5747,443.4378,0.4011,,,,,,,
27.4253,-9,-78,0,0,-0.0143,0.1269,-0.0018,-131.6373,443.5491,0.3993,,,,,,,
27.4354,0,0,-15,-102,-0.0231,0.1586,0.0023,-131.7204,443.6861,0.4016,,,,,,,
27.4455,-11,-91,-10,-104,-0.0329,0.3097,0.0002,-131.8718,443.9583,0.4018,,,,,,,
27.4493,,,,,,,,,,,-69.9779,476.0969,0.2296,0.6367,1.7875,0.0015,1
27.4555,-6,-79,0,0,-0.0095,0.1285,-0.0018,-131.9307,444.0729,0.3999,,,,,,,
27.4656,0,0,-10,-88,-0.0154,0.1368,0.0020,-131.9983,444.1929,0.4019,,,,,,,
27.4757,-8,-72,0,0,-0.0127,0.1171,-0.0017,-132.0557,444.2958,0.4002,,,,,,,
27.4858,-8,-86,-9,-100,-0.0266,0.2954,0.0002,-132.1954,444.5574,0.4004,,,,,,,
27.4959,0,0,-10,-104,-0.0154,0.1617,0.0023,-132.2727,444.7002,0.4027,,,,,,,
27.5060,-8,-89,0,0,-0.0127,0.1448,-0.0021,-132.3411,444.8285,0.4007,,,,,,,
27.5161,0,0,-10,-101,-0.0154,0.1570,0.0022,-132.4167,444.9670,0.4029,,,,,,,
27.5261,-7,-87,-10,-103,-0.0266,0.3017,0.0003,-132.5594,445.2341,0.4032,,,,,,,
27.5362,-5,-83,0,0,-0.0080,0.1350,-0.0019,-132.6196,445.3552,0.4012,,,,,,,
27.5463,0,0,-8,-86,-0.0123,0.1337,0.0019,-132.6833,445.4735,0.4032,,,,,,,
27.5564,-6,-82,-12,-100,-0.0280,0.2889,0.0003,-132.8224,445.7282,0.4035,,,,,,,
27.5665,-9,-86,0,0,-0.0143,0.1399,-0.0020,-132.8904,445.8513,0.4015,,,,,,,
27.5766,0,0,-12,-94,-0.0185,0.1461,0.0021,-132.9647,445.9785,0.4036,,,,,,,
27.5844,,,,,,,,,,,-71.0645,479.0854,0.2299,-0.3778,3.1574,0.0002,1
27.5867,-9,-69,0,0,-0.0143,0.1123,-0.0016,-133.0219,446.0762,0.4020,,,,,,,
27.5967,-1,-82,-2,-81,-0.0047,0.2593,-0.0001,-133.1276,446.3130,0.4018,,,,,,,
27.6068,0,0,-8,-96,-0.0123,0.1493,0.0021,-133.1975,446.4455,0.4040,,,,,,,
27.6169,-2,-90,0,0,-0.0032,0.1464,-0.0021,-133.2578,446.5789,0.4019,,,,,,,
27.6270,0,0,-4,-93,-0.0062,0.1446,0.0021,-133.3202,446.7095,0.4040,,,,,,,
27.6371,-5,-80,-7,-87,-0.0187,0.2654,0.0001,-133.4418,446.9462,0.4040,,,,,,,
27.6472,-1,-84,0,0,-0.0016,0.1367,-0.0020,-133.4968,447.0713,0.4021,,,,,,,
27.6572,0,0,-8,-91,-0.0123,0.1415,0.0020,-133.5637,447.1966,0.4041,,,,,,,
27.6673,-2,-80,0,0,-0.0032,0.1301,-0.0019,-133.6177,447.3150,0.4022,,,,,,,
27.6774,0,-75,-2,-87,-0.0031,0.2573,0.0002,-133.7212,447.5506,0.4024,,,,,,,
27.6875,0,0,-8,-83,-0.0123,0.1290,0.0018,-133.7832,447.6644,0.4043,,,,,,,
27.6976,-3,-80,0,0,-0.0048,0.1301,-0.0019,-133.8387,447.7822,0.4024,,,,,,,
27.7076,0,0,-8,-85,-0.0123,0.1322,0.0019,-133.9019,447.8989,0.4043,,,,,,,
27.7177,-4,-71,-9,-79,-0.0202,0.2383,0.0001,-134.0143,448.1101,0.4044,,,,,,,
27.7278,-6,-72,0,0,-0.0095,0.1171,-0.0017,-134.0691,448.2141,0.4027,,,,,,,
27.7308,,,,,,,,,,,-72.0113,481.1309,0.2307,-0.4559,2.2074,0.0008,1
27.7379,0,0,-7,-84,-0.0108,0.1306,0.0019,-134.1303,448.3299,0.4046,,,,,,,
27.7480,-4,-75,0,0,-0.0064,0.1220,-0.0017,-134.1841,448.4396,0.4029,,,,,,,
27.7580,-2,-78,-7,-83,-0.0140,0.2559,0.0000,-134.2973,448.6696,0.4029,,,,,,,
27.7681,0,0,-7,-94,-0.0108,0.1461,0.0021,-134.3646,448.7998,0.4050,,,,,,,
27.7782,-4,-82,0,0,-0.0064,0.1334,-0.0019,-134.4229,448.9199,0.4031,,,,,,,
27.7884,0,0,-13,-100,-0.0200,0.1555,0.0022,-134.5025,449.0550,0.4053,,,,,,,
27.7985,-11,-78,-9,-94,-0.0314,0.2730,0.0003,-134.6390,449.2935,0.4056,,,,,,,
27.8085,-6,-84,0,0,-0.0095,0.1367,-0.0020,-134.7016,449.4154,0.4036,,,,,,,
27.8186,0,0,-9,-99,-0.0139,0.1539,0.0022,-134.7749,449.5514,0.4058,,,,,,,
27.8287,-7,-93,-9,-97,-0.0250,0.3021,-0.0000,-134.9172,449.8191,0.4058,,,,,,,
27.8388,-5,-85,0,0,-0.0080,0.1383,-0.0020,-134.9790,449.9431,0.4038,,,,,,,
27.8489,0,0,-4,-84,-0.0062,0.1306,0.0019,-135.0361,450.0607,0.4057,,,,,,,
27.8589,-5,-70,0,0,-0.0080,0.1139,-0.0016,-135.0882,450.1622,0.4041,,,,,,,
27.8667,,,,,,,,,,,-72.4622,483.4667,0.2314,0.0951,2.3770,0.0008,1
27.8690,-3,-74,-11,-83,-0.0217,0.2494,0.0001,-135.2063,450.3830,0.4042,,,,,,,
27.8791,0,0,-6,-87,-0.0093,0.1353,0.0019,-135.2681,450.5037,0.4061,,,,,,,
27.8892,-9,-81,0,0,-0.0143,0.1318,-0.0019,-135.3332,450.6192,0.4042,,,,,,,
27.8993,0,0,-10,-100,-0.0154,0.1555,0.0022,-135.4087,450.7560,0.4065,,,,,,,
27.9093,-10,-80,-15,-90,-0.0390,0.2701,0.0001,-135.5513,450.9886,0.4066,,,,,,,
27.9194,-11,-78,0,0,-0.0175,0.1269,-0.0018,-135.6175,451.0983,0.4048,,,,,,,
27.9295,0,0,-10,-100,-0.0154,0.1555,0.0022,-135.6930,451.2350,0.4070,,,,,,,
27.9396,-5,-81,0,0,-0.0080,0.1318,-0.0019,-135.7524,451.3530,0.4051,,,,,,,
27.9497,-9,-82,-10,-95,-0.0297,0.2811,0.0002,-135.8905,451.5996,0.4053,,,,,,,
27.9597,0,0,-13,-98,-0.0200,0.1524,0.0022,-135.9692,451.7316,0.4075,,,,,,,
27.9698,-9,-86,0,0,-0.0143,0.1399,-0.0020,-136.0376,451.8545,0.4055,,,,,,,
27.9799,0,0,-10,-95,-0.0154,0.1477,0.0021,-136.1102,451.9840,0.4076,,,,,,,
27.9900,-3,-79,-5,-83,-0.0125,0.2576,0.0000,-136.2238,452.2155,0.4076,,,,,,,
28.0001,-23,-47,0,0,-0.0366,0.0765,-0.0011,-136.2876,452.2713,0.4065,,,,,,,
28.0102,0,0,-10,-93,-0.0154,0.1446,0.0021,-136.3591,452.3979,0.4086,,,,,,,
28.0175,,,,,,,,,,,-73.4540,485.5691,0.2342,-0.4831,2.2739,0.0027,1
28.0203,-8,-79,0,0,-0.0127,0.1285,-0.0018,-136.4217,452.5108,0.4068,,,,,,,
28.0304,-5,-74,-8,-94,-0.0203,0.2665,0.0004,-136.5459,452.7476,0.4071,,,,,,,
28.0405,0,0,-2,-84,-0.0031,0.1306,0.0019,-136.6005,452.8662,0.4090,,,,,,,
28.0506,-3,-74,0,0,-0.0048,0.1204,-0.0017,-136.6527,452.9748,0.4073,,,,,,,
28.0607,-1,-77,-6,-78,-0.0108,0.2465,-0.0001,-136.7603,453.1969,0.4072,,,,,,,
28.0708,0,0,-6,-84,-0.0093,0.1306,0.0019,-136.8206,453.3131,0.4091,,,,,,,
28.0809,-6,-77,0,0,-0.0095,0.1253,-0.0018,-136.8791,453.4243,0.4073,,,,,,,
28.0909,0,0,-6,-85,-0.0093,0.1322,0.0019,-136.9401,453.5419,0.4092,,,,,,,
28.1010,-1,-74,-2,-84,-0.0047,0.2510,0.0001,-137.0442,453.7703,0.4093,,,,,,,
28.1111,-4,-66,0,0,-0.0064,0.1074,-0.0015,-137.0927,453.8663,0.4078,,,,,,,
28.1212,0,0,-7,-79,-0.0108,0.1228,0.0018,-137.1514,453.9748,0.4095,,,,,,,
28.1313,-1,-75,0,0,-0.0016,0.1220,-0.0017,-137.2014,454.0861,0.4078,,,,,,,
28.1413,-3,-80,-6,-91,-0.0140,0.2716,0.0002,-137.3220,454.3299,0.4080,,,,,,,
28.1491,,,,,,,,,,,-73.8334,487.4968,0.2345,0.0782,1.9632,0.0004,1
28.1514,0,0,-6,-94,-0.0093,0.1461,0.0021,-137.3886,454.4603,0.4101,,,,,,,
28.1615,-2,-82,0,0,-0.0032,0.1334,-0.0019,-137.4446,454.5814,0.4081,,,,,,,
28.1716,0,0,-4,-84,-0.0062,0.1306,0.0019,-137.5022,454.6988,0.4100,,,,,,,
28.1817,-6,-69,-9,-92,-0.0234,0.2553,0.0004,-137.6255,454.9236,0.4105,,,,,,,
28.1918,-7,-85,0,0,-0.0111,0.1383,-0.0020,-137.6908,455.0460,0.4085,,,,,,,
28.2019,0,0,-9,-93,-0.0139,0.1446,0.0021,-137.7611,455.1731,0.4105,,,,,,,
28.2119,-8,-75,0,0,-0.0127,0.1220,-0.0017,-137.8213,455.2799,0.4088,,,,,,,
28.2220,-6,-78,-9,-84,-0.0234,0.2575,0.0001,-137.9452,455.5069,0.4089,,,,,,,
28.2321,0,0,-10,-88,-0.0154,0.1368,0.0020,-138.0138,455.6262,0.4108,,,,,,,
28.2422,-10,-83,0,0,-0.0159,0.1350,-0.0019,-138.0822,455.7438,0.4089,,,,,,,
28.2523,0,0,-14,-95,-0.0216,0.1477,0.0021,-138.1609,455.8706,0.4110,,,,,,,
28.2624,-8,-73,-9,-89,-0.0266,0.2571,0.0003,-138.2881,456.0957,0.4113,,,,,,,
28.2725,-8,-76,0,0,-0.0127,0.1236,-0.0018,-138.3490,456.2040,0.4095,,,,,,,
28.2825,0,0,-11,-92,-0.0170,0.1430,0.0020,-138.4217,456.3284,0.4115,,,,,,,
28.2926,-5,-86,-8,-89,-0.0203,0.2783,-0.0000,-138.5516,456.5753,0.4115,,,,,,,
28.2971,,,,,,,,,,,-74.3954,490.0947,0.2354,0.0571,2.6574,0.0009,1
28.3027,-7,-72,0,0,-0.0111,0.1171,-0.0017,-138.6086,456.6783,0.4099,,,,,,,
28.3128,0,0,-6,-88,-0.0093,0.1368,0.0020,-138.6717,456.8000,0.4118,,,,,,,
28.3229,-6,-74,0,0,-0.0095,0.1204,-0.0017,-138.7285,456.9065,0.4101,,,,,,,
28.3330,-4,-81,-6,-88,-0.0156,0.2686,0.0001,-138.8499,457.1466,0.4102,,,,,,,
28.3431,0,0,-6,-85,-0.0093,0.1322,0.0019,-138.9112,457.2641,0.4120,,,,,,,
28.3531,-2,-77,0,0,-0.0032,0.1253,-0.0018,-138.9642,457.3776,0.4103,,,,,,,
28.3632,0,0,-7,-95,-0.0108,0.1477,0.0021,-139.0332,457.5087,0.4124,,,,,,,
28.3733,-5,-82,-4,-82,-0.0141,0.2609,-0.0001,-139.1507,457.7421,0.4123,,,,,,,
28.3834,-4,-73,0,0,-0.0064,0.1188,-0.0017,-139.2040,457.8484,0.4106,,,,,,,
28.3935,0,0,-6,-83,-0.0093,0.1290,0.0018,-139.2641,457.9630,0.4124,,,,,,,
28.4036,-4,-72,0,0,-0.0064,0.1171,-0.0017,-139.3168,458.0678,0.4108,,,,,,,
28.4136,-1,-76,-5,-81,-0.0093,0.2496,0.0000,-139.4250,458.2929,0.4108,,,,,,,
28.4237,0,0,-5,-79,-0.0077,0.1228,0.0018,-139.4812,458.4023,0.4125,,,,,,,
28.4322,,,,,,,,,,,-74.3728,492.3199,0.2370,0.5411,2.1585,0.0016,1
28.4338,-3,-72,0,0,-0.0048,0.1171,-0.0017,-139.5324,458.5078,0.4109,,,,,,,
28.4439,0,0,-1,-89,-0.0015,0.1384,0.0020,-139.5892,458.6340,0.4128,,,,,,,
28.4540,-3,-68,-5,-83,-0.0125,0.2397,0.0003,-139.6968,458.8485,0.4131,,,,,,,
28.4641,-1,-81,0,0,-0.0016,0.1318,-0.0019,-139.7511,458.9686,0.4112,,,,,,,
28.4741,0,0,-7,-92,-0.0108,0.1430,0.0020,-139.8183,459.0953,0.4133,,,,,,,
28.4842,-1,-78,0,0,-0.0016,0.1269,-0.0018,-139.8706,459.2109,0.4115,,,,,,,
28.4943,1,-80,-2,-85,-0.0015,0.2623,0.0000,-139.9769,459.4507,0.4115,,,,,,,
28.5044,0,0,-2,-88,-0.0031,0.1368,0.0020,-140.0345,459.5749,0.4134,,,,,,,
28.5145,0,-78,0,0,0.0000,0.1269,-0.0018,-140.0854,459.6911,0.4116,,,,,,,
28.5247,-4,-79,-5,-95,-0.0141,0.2762,0.0003,-140.2089,459.9386,0.4119,,,,,,,
28.5348,0,0,-1,-84,-0.0015,0.1306,0.0019,-140.2627,460.0576,0.4138,,,,,,,
28.5449,0,-66,0,0,0.0000,0.1074,-0.0015,-140.3058,460.1560,0.4122,,,,,,,
28.5550,0,0,-3,-89,-0.0046,0.1384,0.0020,-140.3656,460.2808,0.4142,,,,,,,
28.5651,-1,-77,-6,-88,-0.0108,0.2621,0.0002,-140.4810,460.5164,0.4144,,,,,,,
28.5664,,,,,,,,,,,-75.0296,494.3873,0.2376,-0.1529,2.1639,0.0005,1
28.5752,-7,-76,0,0,-0.0111,0.1236,-0.0018,-140.5409,460.6251,0.4126,,,,,,,
28.5852,0,0,-11,-90,-0.0170,0.1399,0.0020,-140.6127,460.7464,0.4146,,,,,,,
28.5953,-4,-75,0,0,-0.0064,0.1220,-0.0017,-140.6675,460.8556,0.4129,,,,,,,
28.6054,-6,-76,-9,-91,-0.0234,0.2651,0.0003,-140.7954,461.0890,0.4131,,,,,,,
28.6155,0,0,-5,-87,-0.0077,0.1353,0.0019,-140.8569,461.2098,0.4151,,,,,,,
28.6256,0,-79,0,0,0.0000,0.1285,-0.0018,-140.9086,461.3274,0.4132,,,,,,,
28.6357,0,0,-5,-89,-0.0077,0.1384,0.0020,-140.9713,461.4510,0.4152,,,,,,,
28.6457,-3,-85,-2,-95,-0.0079,0.2860,0.0001,-141.0939,461.7095,0.4153,,,,,,,
28.6558,-6,-74,0,0,-0.0095,0.1204,-0.0017,-141.1511,461.8159,0.4136,,,,,,,
28.6659,0,0,-5,-95,-0.0077,0.1477,0.0021,-141.2177,461.9479,0.4157,,,,,,,
28.6760,0,-80,0,0,0.0000,0.1301,-0.0019,-141.2701,462.0670,0.4139,,,,,,,
28.6861,-4,-70,-4,-90,-0.0125,0.2538,0.0004,-141.3837,462.2944,0.4142,,,,,,,
28.6962,0,0,-7,-88,-0.0108,0.1368,0.0020,-141.4488,462.4152,0.4162,,,,,,,
28.7062,-12,-77,0,0,-0.0191,0.1253,-0.0018,-141.5168,462.5221,0.4144,,,,,,,
28.7143,,,,,,,,,,,-76.1418,496.9347,0.2378,-0.4815,2.7376,0.0003,1
28.7163,0,0,-12,-95,-0.0185,0.1477,0.0021,-141.5933,462.6498,0.4165,,,,,,,
28.7264,-6,-78,-10,-96,-0.0250,0.2762,0.0003,-141.7279,462.8922,0.4168,,,,,,,
28.7365,-10,-75,0,0,-0.0159,0.1220,-0.0017,-141.7918,462.9974,0.4151,,,,,,,
28.7466,0,0,-13,-89,-0.0200,0.1384,0.0020,-141.8660,463.1159,0.4171,,,,,,,
28.7567,-9,-74,-10,-91,-0.0297,0.2619,0.0003,-141.9993,463.3432,0.4174,,,,,,,
28.7668,-4,-72,0,0,-0.0064,0.1171,-0.0017,-142.0525,463.4478,0.4157,,,,,,,
28.7768,0,0,-12,-93,-0.0185,0.1446,0.0021,-142.1280,463.5725,0.4178,,,,,,,
28.7869,-5,-78,0,0,-0.0080,0.1269,-0.0018,-142.1866,463.6853,0.4159,,,,,,,
28.7970,-5,-80,-9,-93,-0.0218,0.2747,0.0002,-142.3176,463.9278,0.4161,,,,,,,
28.8071,0,0,-3,-87,-0.0046,0.1353,0.0019,-142.3766,464.0496,0.4181,,,,,,,
28.8172,-1,-67,0,0,-0.0016,0.1090,-0.0016,-142.4223,464.1486,0.4165,,,,,,,
28.8273,0,0,-2,-75,-0.0031,0.1166,0.0017,-142.4724,464.2539,0.4182,,,,,,,
28.8374,0,-77,1,-93,0.0015,0.2699,0.0003,-142.5806,464.5011,0.4185,,,,,,,
28.8475,-2,-87,0,0,-0.0032,0.1415,-0.0020,-142.6409,464.6292,0.4164,,,,,,,
28.8496,,,,,,,,,,,-77.5005,499.2849,0.2385,-0.7668,2.6041,0.0007,1
28.8576,0,0,-5,-90,-0.0077,0.1399,0.0020,-142.7046,464.7540,0.4184,,,,,,,
28.8677,-5,-61,0,0,-0.0080,0.0992,-0.0014,-142.7522,464.8415,0.4170,,,,,,,
28.8778,-2,-67,-3,-83,-0.0078,0.2380,0.0003,-142.8558,465.0560,0.4173,,,,,,,
28.8879,0,0,-7,-89,-0.0108,0.1384,0.0020,-142.9218,465.1780,0.4193,,,,,,,
28.8980,-4,-82,0,0,-0.0064,0.1334,-0.0019,-142.9818,465.2973,0.4174,,,,,,,
28.9081,0,0,-3,-83,-0.0046,0.1290,0.0018,-143.0385,465.4134,0.4192,,,,,,,
28.9181,-1,-71,-8,-81,-0.0139,0.2414,0.0001,-143.1495,465.6282,0.4194,,,,,,,
28.9282,-3,-71,0,0,-0.0048,0.1155,-0.0017,-143.2008,465.7318,0.4177,,,,,,,
28.9383,0,0,-6,-88,-0.0093,0.1368,0.0020,-143.2649,465.8531,0.4197,,,,,,,
28.9485,-1,-89,0,0,-0.0016,0.1448,-0.0021,-143.3252,465.9847,0.4176,,,,,,,
28.9586,-1,-69,-1,-81,-0.0031,0.2382,0.0002,-143.4247,466.2012,0.4178,,,,,,,
28.9687,0,0,0,-71,0.0000,0.1104,0.0016,-143.4696,466.3020,0.4194,,,,,,,
28.9787,1,-75,0,0,0.0016,0.1220,-0.0017,-143.5177,466.4141,0.4176,,,,,,,
28.9890,2,-80,0,-84,0.0032,0.2607,0.0000,-143.6205,466.6538,0.4176,,,,,,,
28.9977,,,,,,,,,,,-77.5657,501.3782,0.2401,0.4313,2.0495,0.0015,1
28.9991,0,0,-2,-96,-0.0031,0.1493,0.0021,-143.6840,466.7889,0.4198,,,,,,,
29.0092,-3,-84,0,0,-0.0048,0.1367,-0.0020,-143.7440,466.9118,0.4178,,,,,,,
29.0194,0,0,-8,-93,-0.0123,0.1446,0.0021,-143.8141,467.0389,0.4199,,,,,,,
29.0294,-3,-83,-8,-96,-0.0171,0.2843,0.0002,-143.9456,467.2915,0.4201,,,,,,,
29.0395,0,0,0,0,0.0000,0.0000,0.0000,-143.9456,467.2915,0.4201,,,,,,,
29.0496,0,0,-10,-93,-0.0154,0.1446,0.0021,-144.0188,467.4171,0.4222,,,,,,,
29.0597,-2,-65,0,0,-0.0032,0.1057,-0.0015,-144.0649,467.5123,0.4206,,,,,,,
29.0698,-7,-77,-10,-92,-0.0266,0.2683,0.0003,-144.1988,467.7464,0.4209,,,,,,,
29.0799,0,0,-8,-92,-0.0123,0.1430,0.0020,-144.2686,467.8718,0.4229,,,,,,,
29.0899,-11,-159,0,0,-0.0175,0.2587,-0.0037,-144.3903,468.1007,0.4193,,,,,,,
29.1000,0,0,-7,-80,-0.0108,0.1244,0.0018,-144.4509,468.2099,0.4210,,,,,,,
29.1101,-5,-71,-3,-80,-0.0126,0.2399,0.0001,-144.5604,468.4237,0.4212,,,,,,,
29.1202,-2,-79,0,0,-0.0032,0.1285,-0.0018,-144.6158,468.5397,0.4193,,,,,,,
29.1303,0,0,-4,-90,-0.0062,0.1399,0.0020,-144.6785,468.6650,0.4213,,,,,,,
29.1314,,,,,,,,,,,-77.3749,503.6726,0.2415,0.7308,2.1833,0.0014,1
29.1404,0,-80,0,0,0.0000,0.1301,-0.0019,-144.7316,468.7838,0.4195,,,,,,,
29.1505,-7,-85,-9,-93,-0.0250,0.2829,0.0001,-144.8697,469.0319,0.4195,,,,,,,
29.1605,0,0,-8,-96,-0.0123,0.1493,0.0021,-144.9419,469.1631,0.4217,,,,,,,
29.1706,-6,-82,0,0,-0.0095,0.1334,-0.0019,-145.0051,469.2810,0.4198,,,,,,,
29.1807,-7,-82,-8,-90,-0.0235,0.2733,0.0001,-145.1379,469.5210,0.4199,,,,,,,
29.1908,0,0,-6,-92,-0.0093,0.1430,0.0020,-145.2048,469.6478,0.4219,,,,,,,
29.2009,-5,-83,0,0,-0.0080,0.1350,-0.0019,-145.2672,469.7678,0.4200,,,,,,,
29.2110,0,0,-12,-89,-0.0185,0.1384,0.0020,-145.3407,469.8865,0.4220,,,,,,,
29.2211,-5,-80,-6,-84,-0.0172,0.2607,0.0000,-145.4631,470.1174,0.4220,,,,,,,
29.2311,-2,-73,0,0,-0.0032,0.1188,-0.0017,-145.5146,470.2245,0.4203,,,,,,,
29.2412,0,0,-2,-76,-0.0031,0.1182,0.0017,-145.5657,470.3310,0.4220,,,,,,,
29.2513,-4,-70,0,0,-0.0064,0.1139,-0.0016,-145.6181,470.4324,0.4203,,,,,,,
29.2614,-3,-48,-7,-78,-0.0156,0.1994,0.0006,-145.7137,470.6080,0.4209,,,,,,,
29.2715,0,0,-8,-79,-0.0123,0.1228,0.0018,-145.7752,470.7150,0.4227,,,,,,,
29.2781,,,,,,,,,,,-78.9980,506.5710,0.2413,-0.8830,3.2024,-0.0001,1
29.2816,-3,-74,0,0,-0.0048,0.1204,-0.0017,-145.8289,470.8229,0.4210,,,,,,,
29.2917,0,0,-1,-81,-0.0015,0.1259,0.0018,-145.8818,470.9371,0.4228,,,,,,,
29.3018,-2,-70,-1,-75,-0.0047,0.2305,0.0000,-145.9807,471.1454,0.4228,,,,,,,
29.3118,-4,-66,0,0,-0.0064,0.1074,-0.0015,-146.0305,471.2407,0.4213,,,,,,,
29.3219,0,0,0,-74,0.0000,0.1151,0.0016,-146.0776,471.3457,0.4229,,,,,,,
29.3320,2,-82,0,0,0.0032,0.1334,-0.0019,-146.1294,471.4687,0.4210,,,,,,,
29.3421,0,-76,1,-90,0.0015,0.2636,0.0002,-146.2357,471.7099,0.4213,,,,,,,
29.3522,0,0,1,-89,0.0015,0.1384,0.0020,-146.2910,471.8367,0.4232,,,,,,,
29.3624,-1,-82,0,0,-0.0016,0.1334,-0.0019,-146.3471,471.9577,0.4213,,,,,,,
29.3725,0,0,-1,-76,-0.0015,0.1182,0.0017,-146.3970,472.0649,0.4230,,,,,,,
29.3826,0,-68,-3,-81,-0.0046,0.2366,0.0002,-146.4983,472.2787,0.4232,,,,,,,
29.3927,-1,-67,0,0,-0.0016,0.1090,-0.0016,-146.5445,472.3775,0.4217,,,,,,,
29.4028,0,0,-2,-83,-0.0031,0.1290,0.0018,-146.6002,472.4939,0.4235,,,,,,,
29.4129,-1,-80,-2,-82,-0.0047,0.2576,-0.0000,-146.7103,472.7268,0.4235,,,,,,,
29.4136,,,,,,,,,,,-79.4644,508.5623,0.2414,0.0230,2.0450,0.0001,1
29.4230,-4,-82,0,0,-0.0064,0.1334,-0.0019,-146.7708,472.8459,0.4216,,,,,,,
29.4331,0,0,-14,-90,-0.0216,0.1399,0.0020,-146.8479,472.9647,0.4236,,,,,,,
29.4432,-7,-75,0,0,-0.0111,0.1220,-0.0017,-146.9081,473.0714,0.4218,,,,,,,
29.4532,0,-78,-6,-88,-0.0093,0.2637,0.0001,-147.0245,473.3082,0.4220,,,,,,,
29.4633,0,0,-3,-87,-0.0046,0.1353,0.0019,-147.0843,473.4296,0.4239,,,,,,,
29.4734,0,-71,0,0,0.0000,0.1155,-0.0017,-147.1317,473.5350,0.4223,,,,,,,
29.4835,0,0,-5,-89,-0.0077,0.1384,0.0020,-147.1956,473.6580,0.4242,,,,,,,
29.4936,-3,-73,-4,-93,-0.0109,0.2634,0.0004,-147.3140,473.8934,0.4246,,,,,,,
29.5037,-1,-81,0,0,-0.0016,0.1318,-0.0019,-147.3696,474.0129,0.4227,,,,,,,
29.5137,0,0,-2,-90,-0.0031,0.1399,0.0020,-147.4300,474.1392,0.4247,,,,,,,
29.5238,-2,-83,0,0,-0.0032,0.1350,-0.0019,-147.4884,474.2610,0.4228,,,,,,,
29.5339,-7,-85,-6,-92,-0.0204,0.2813,0.0001,-147.6224,474.5092,0.4229,,,,,,,
29.5440,0,0,-13,-98,-0.0200,0.1524,0.0022,-147.7033,474.6398,0.4250,,,,,,,
29.5495,,,,,,,,,,,-79.8591,510.9151,0.2422,0.1793,2.3789,0.0007,1
29.5541,-9,-78,0,0,-0.0143,0.1269,-0.0018,-147.7686,474.7495,0.4232,,,,,,,
29.5642,0,0,-8,-97,-0.0123,0.1508,0.0022,-147.8419,474.8819,0.4254,,,,,,,
29.5743,-4,-75,-13,-92,-0.0264,0.2651,0.0003,-147.9754,475.1124,0.4257,,,,,,,
29.5844,-8,-83,0,0,-0.0127,0.1350,-0.0019,-148.0426,475.2302,0.4237,,,,,,,
29.5945,0,0,-8,-92,-0.0123,0.1430,0.0020,-148.1128,475.3554,0.4258,,,,,,,
29.6048,-4,-68,0,0,-0.0064,0.1106,-0.0016,-148.1642,475.4536,0.4242,,,,,,,
29.6148,-4,-79,-7,-86,-0.0172,0.2622,0.0001,-148.2878,475.6855,0.4243,,,,,,,
29.6249,0,0,-6,-88,-0.0093,0.1368,0.0020,-148.3527,475.8063,0.4262,,,,,,,
29.6350,-2,-81,0,0,-0.0032,0.1318,-0.0019,-148.4100,475.9251,0.4244,,,,,,,
29.6451,0,-74,-2,-87,-0.0031,0.2557,0.0002,-148.5180,476.1568,0.4246,,,,,,,
29.6552,0,0,-2,-76,-0.0031,0.1182,0.0017,-148.5696,476.2631,0.4263,,,,,,,
29.6653,-1,-77,0,0,-0.0016,0.1253,-0.0018,-148.6228,476.3766,0.4245,,,,,,,
29.6754,0,0,0,-87,0.0000,0.1353,0.0019,-148.6786,476.4998,0.4264,,,,,,,
29.6855,2,-79,-1,-91,0.0016,0.2700,0.0002,-148.7888,476.7463,0.4266,,,,,,,
29.6955,0,-80,0,0,0.0000,0.1301,-0.0019,-148.8425,476.8648,0.4247,,,,,,,
29.6966,,,,,,,,,,,-80.6000,512.7119,0.2426,-0.2884,1.9221,0.0004,1
29.7056,0,0,-9,-86,-0.0139,0.1337,0.0019,-148.9104,476.9809,0.4266,,,,,,,
29.7157,-2,-76,0,0,-0.0032,0.1236,-0.0018,-148.9643,477.0921,0.4249,,,,,,,
29.7258,-3,-76,-8,-85,-0.0171,0.2558,0.0001,-149.0854,477.3181,0.4250,,,,,,,
29.7359,0,0,-1,-78,-0.0015,0.1213,0.0017,-149.1369,477.4279,0.4267,,,,,,,
29.7460,-1,-64,0,0,-0.0016,0.1041,-0.0015,-149.1814,477.5221,0.4252,,,,,,,
29.7561,0,0,-6,-78,-0.0093,0.1213,0.0017,-149.2399,477.6287,0.4270,,,,,,,
29.7661,-1,-66,-5,-76,-0.0093,0.2255,0.0002,-149.3418,477.8301,0.4271,,,,,,,
29.7762,-3,-65,0,0,-0.0048,0.1057,-0.0015,-149.3899,477.9244,0.4256,,,,,,,
29.7863,0,0,-5,-81,-0.0077,0.1259,0.0018,-149.4490,478.0359,0.4274,,,,,,,
29.7964,-2,-73,0,0,-0.0032,0.1188,-0.0017,-149.5010,478.1427,0.4257,,,,,,,
29.8065,0,-74,-1,-83,-0.0015,0.2494,0.0001,-149.6054,478.3692,0.4258,,,,,,,
29.8166,0,0,-2,-88,-0.0031,0.1368,0.0020,-149.6649,478.4925,0.4278,,,,,,,
29.8266,-1,-78,0,0,-0.0016,0.1269,-0.0018,-149.7189,478.6073,0.4260,,,,,,,
29.8324,,,,,,,,,,,-81.1509,515.9377,0.2431,0.2401,3.2637,0.0005,1
29.8368,-1,-81,-6,-83,-0.0108,0.2608,-0.0000,-149.8365,478.8404,0.4259,,,,,,,
29.8469,0,0,-2,-91,-0.0031,0.1415,0.0020,-149.8979,478.9679,0.4280,,,,,,,
29.8570,-2,-76,0,0,-0.0032,0.1236,-0.0018,-149.9520,479.0791,0.4262,,,,,,,
29.8671,0,0,-1,-88,-0.0015,0.1368,0.0020,-150.0101,479.2030,0.4282,,,,,,,
29.8772,-2,-71,-2,-73,-0.0063,0.2290,-0.0000,-150.1109,479.4087,0.4281,,,,,,,
29.8872,1,-67,0,0,0.0016,0.1090,-0.0016,-150.1546,479.5086,0.4266,,,,,,,
29.8973,0,0,0,-82,0.0000,0.1275,0.0018,-150.2075,479.6246,0.4284,,,,,,,
29.9074,0,-77,0,0,0.0000,0.1253,-0.0018,-150.2594,479.7386,0.4266,,,,,,,
29.9175,-2,-78,-1,-89,-0.0047,0.2653,0.0002,-150.3735,479.9781,0.4268,,,,,,,
29.9276,0,0,-5,-84,-0.0077,0.1306,0.0019,-150.4347,480.0938,0.4286,,,,,,,
29.9377,-3,-71,0,0,-0.0048,0.1155,-0.0017,-150.4869,480.1969,0.4270,,,,,,,
29.9478,0,0,-8,-85,-0.0123,0.1322,0.0019,-150.5530,480.3120,0.4289,,,,,,,
29.9578,-3,-71,-2,-81,-0.0079,0.2414,0.0001,-150.6606,480.5283,0.4290,,,,,,,
29.9679,1,-71,0,0,0.0016,0.1155,-0.0017,-150.7071,480.6340,0.4274,,,,,,,
29.9780,0,0,2,-71,0.0031,0.1104,0.0016,-150.7501,480.7357,0.4289,,,,,,,
29.9786,,,,,,,,,,,-81.6345,517.3245,0.2432,-0.1354,1.4625,0.0001,1
29.9881,2,-72,0,0,0.0032,0.1171,-0.0017,-150.7958,480.8436,0.4273,,,,,,,
29.9982,1,-77,-1,-79,0.0000,0.2481,-0.0000,-150.8986,481.0694,0.4272,,,,,,,
30.0083,0,0,-1,-88,-0.0015,0.1368,0.0020,-150.9568,481.1933,0.4292,,,,,,,
30.0184,3,-83,0,0,0.0048,0.1350,-0.0019,-151.0085,481.3181,0.4273,,,,,,,
30.0285,0,0,-1,-80,-0.0015,0.1244,0.0018,-151.0616,481.4306,0.4290,,,,,,,
30.0386,-1,-73,1,-78,-0.0000,0.2400,0.0000,-151.1615,481.6488,0.4291,,,,,,,
30.0487,4,-75,0,0,0.0064,0.1220,-0.0017,-151.2064,481.7625,0.4273,,,,,,,
30.0588,0,0,2,-79,0.0031,0.1228,0.0018,-151.2546,481.8755,0.4291,,,,,,,
30.0693,5,-73,3,-80,0.0126,0.2431,0.0001,-151.3443,482.1018,0.4292,,,,,,,
30.0794,3,-73,0,0,0.0048,0.1188,-0.0017,-151.3893,482.2118,0.4275,,,,,,,
30.0894,0,0,0,-83,0.0000,0.1290,0.0018,-151.4429,482.3292,0.4293,,,,,,,
30.1003,0,-75,0,0,0.0000,0.1220,-0.0017,-151.4936,482.4402,0.4276,,,,,,,
30.1104,-2,-75,-4,-82,-0.0093,0.2495,0.0001,-151.6055,482.6634,0.4276,,,,,,,
30.1140,,,,,,,,,,,-82.2206,519.5160,0.2436,-0.0410,2.2681,0.0004,1
30.1205,0,0,-7,-89,-0.0108,0.1384,0.0020,-151.6729,482.7847,0.4296,,,,,,,
30.1306,-4,-76,0,0,-0.0064,0.1236,-0.0018,-151.7300,482.8946,0.4279,,,,,,,
30.1407,0,0,-5,-85,-0.0077,0.1322,0.0019,-151.7920,483.0115,0.4297,,,,,,,
30.1515,-1,-77,1,-77,-0.0000,0.2450,-0.0001,-151.8941,483.2342,0.4297,,,,,,,
30.1616,1,-77,0,0,0.0016,0.1253,-0.0018,-151.9447,483.3488,0.4279,,,,,,,
30.1717,0,0,1,-88,0.0015,0.1368,0.0020,-152.0002,483.4739,0.4298,,,,,,,
30.1817,1,-78,-1,-93,0.0000,0.2715,0.0003,-152.1134,483.7207,0.4301,,,,,,,
30.1918,3,-75,0,0,0.0048,0.1220,-0.0017,-152.1598,483.8336,0.4283,,,,,,,
30.2019,0,0,2,-81,0.0031,0.1259,0.0018,-152.2094,483.9494,0.4301,,,,,,,
30.2119,0,-72,0,0,0.0000,0.1171,-0.0017,-152.2582,484.0559,0.4285,,,,,,,
30.2220,-6,-81,-4,-83,-0.0157,0.2608,-0.0000,-152.3808,484.2866,0.4284,,,,,,,
30.2321,0,0,-6,-99,-0.0093,0.1539,0.0022,-152.4533,484.4227,0.4306,,,,,,,
30.2422,-1,-83,0,0,-0.0016,0.1350,-0.0019,-152.5110,484.5448,0.4287,,,,,,,
30.2522,0,0,-7,-87,-0.0108,0.1353,0.0019,-152.5772,484.6633,0.4306,,,,,,,
30.2614,,,,,,,,,,,-82.8871,522.2807,0.2430,0.0200,2.8439,-0.0007,1
30.2623,-2,-59,-12,-82,-0.0217,0.2235,0.0005,-152.6902,484.8573,0.4311,,,,,,,
30.2724,-12,-67,0,0,-0.0191,0.1090,-0.0016,-152.7530,484.9484,0.4295,,,,,,,
30.2825,0,0,-8,-90,-0.0123,0.1399,0.0020,-152.8226,485.0704,0.4315,,,,,,,
30.2925,-8,-81,0,0,-0.0127,0.1318,-0.0019,-152.8892,485.1848,0.4296,,,,,,,
30.3026,-3,-85,-11,-101,-0.0217,0.2953,0.0003,-153.0320,485.4442,0.4299,,,,,,,
30.3127,0,0,-10,-92,-0.0154,0.1430,0.0020,-153.1058,485.5678,0.4319,,,,,,,
30.3228,-3,-77,0,0,-0.0048,0.1253,-0.0018,-153.1624,485.6796,0.4302,,,,,,,
30.3328,-2,-78,-5,-96,-0.0109,0.2762,0.0003,-153.2875,485.9260,0.4305,,,,,,,
30.3429,0,0,0,0,0.0000,0.0000,0.0000,-153.2875,485.9260,0.4305,,,,,,,
30.3530,0,-81,0,0,0.0000,0.1318,-0.0019,-153.3424,486.0458,0.4286,,,,,,,
30.3631,0,0,-1,-81,-0.0015,0.1259,0.0018,-153.3962,486.1597,0.4304,,,,,,,
30.3731,-2,-86,-6,-100,-0.0124,0.2954,0.0002,-153.5308,486.4229,0.4306,,,,,,,
30.3832,-9,-83,0,0,-0.0143,0.1350,-0.0019,-153.6001,486.5397,0.4287,,,,,,,
30.3933,0,0,-17,-201,-0.0262,0.3125,0.0045,-153.7544,486.8127,0.4332,,,,,,,
30.3967,,,,,,,,,,,-84.2053,524.2222,0.2431,-0.8124,2.2016,0.0001,1
30.4034,-6,-81,0,0,-0.0095,0.1318,-0.0019,-153.8183,486.9284,0.4313,,,,,,,
30.4134,-4,-82,-7,-94,-0.0172,0.2795,0.0002,-153.9508,487.1751,0.4315,,,,,,,
30.4235,0,0,-6,-95,-0.0093,0.1477,0.0021,-154.0211,487.3053,0.4336,,,,,,,
30.4336,-7,-79,0,0,-0.0111,0.1285,-0.0018,-154.0851,487.4174,0.4317,,,,,,,
30.4437,0,0,-10,-95,-0.0154,0.1477,0.0021,-154.1610,487.5450,0.4338,,,,,,,
30.4537,-6,-81,-8,-92,-0.0219,0.2748,0.0002,-154.2964,487.7851,0.4340,,,,,,,
30.4638,-3,-80,0,0,-0.0048,0.1301,-0.0019,-154.3553,487.9013,0.4321,,,,,,,
30.4739,0,0,-2,-86,-0.0031,0.1337,0.0019,-154.4143,488.0213,0.4340,,,,,,,
30.4840,1,-73,0,0,0.0016,0.1188,-0.0017,-154.4627,488.1298,0.4323,,,,,,,
30.4940,2,-82,1,-83,0.0047,0.2624,-0.0001,-154.5683,488.3701,0.4323,,,,,,,
30.5041,0,0,0,-89,0.0000,0.1384,0.0020,-154.6264,488.4957,0.4343,,,,,,,
30.5142,0,-78,0,0,0.0000,0.1269,-0.0018,-154.6797,488.6108,0.4325,,,,,,,
30.5243,0,0,-2,-90,-0.0031,0.1399,0.0020,-154.7413,488.7365,0.4345,,,,,,,
30.5321,,,,,,,,,,,-84.0040,526.8987,0.2450,0.8398,2.5494,0.0019,1
30.5343,-1,-80,-2,-92,-0.0047,0.2732,0.0002,-154.8605,488.9823,0.4346,,,,,,,
30.5445,-1,-81,0,0,-0.0016,0.1318,-0.0019,-154.9174,489.1012,0.4328,,,,,,,
30.5545,0,0,-1,-88,-0.0015,0.1368,0.0020,-154.9762,489.2247,0.4347,,,,,,,
30.5646,0,-73,0,0,0.0000,0.1188,-0.0017,-155.0262,489.3325,0.4330,,,,,,,
30.5747,-1,-78,0,-85,-0.0016,0.2590,0.0001,-155.1363,489.5670,0.4331,,,,,,,
30.5848,0,0,-3,-91,-0.0046,0.1415,0.0020,-155.2000,489.6934,0.4351,,,,,,,
30.5948,-2,-73,0,0,-0.0032,0.1188,-0.0017,-155.2529,489.7998,0.4334,,,,,,,
30.6049,-1,-74,-3,-86,-0.0062,0.2541,0.0002,-155.3653,490.0278,0.4336,,,,,,,
30.6150,0,0,-1,-85,-0.0015,0.1322,0.0019,-155.4223,490.1470,0.4355,,,,,,,
30.6251,-1,-80,0,0,-0.0016,0.1301,-0.0019,-155.4785,490.2644,0.4336,,,,,,,
30.6352,0,0,-4,-92,-0.0062,0.1430,0.0020,-155.5444,490.3915,0.4357,,,,,,,
30.6452,-2,-66,-6,-94,-0.0124,0.2535,0.0006,-155.6627,490.6161,0.4362,,,,,,,
30.6553,-1,-84,0,0,-0.0016,0.1367,-0.0020,-155.7217,490.7393,0.4343,,,,,,,
30.6654,0,0,-5,-95,-0.0077,0.1477,0.0021,-155.7910,490.8700,0.4364,,,,,,,
30.6755,-2,-80,0,0,-0.0032,0.1301,-0.0019,-155.8488,490.9867,0.4345,,,,,,,
30.6786,,,,,,,,,,,-83.9274,528.8918,0.2450,0.5578,1.9150,-0.0001,1
30.6855,-1,-88,-7,-99,-0.0124,0.2971,0.0002,-155.9851,491.2509,0.4347,,,,,,,
30.6956,0,0,-11,-99,-0.0170,0.1539,0.0022,-156.0655,491.3833,0.4369,,,,,,,
30.7057,-10,-76,0,0,-0.0159,0.1236,-0.0018,-156.1321,491.4886,0.4351,,,,,,,
30.7158,0,0,-12,-92,-0.0185,0.1430,0.0020,-156.2093,491.6105,0.4372,,,,,,,
30.7258,-8,-80,-8,-98,-0.0251,0.2825,0.0003,-156.3516,491.8558,0.4375,,,,,,,
30.7359,-8,-78,0,0,-0.0127,0.1269,-0.0018,-156.4168,491.9654,0.4357,,,,,,,
30.7460,0,0,-8,-90,-0.0123,0.1399,0.0020,-156.4872,492.0870,0.4377,,,,,,,
30.7561,-6,-75,0,0,-0.0095,0.1220,-0.0017,-156.5474,492.1935,0.4359,,,,,,,
30.7661,-9,-74,-13,-89,-0.0344,0.2588,0.0003,-156.6879,492.4135,0.4362,,,,,,,
30.7762,0,0,-10,-94,-0.0154,0.1461,0.0021,-156.7637,492.5394,0.4383,,,,,,,
30.7863,-6,-83,0,0,-0.0095,0.1350,-0.0019,-156.8296,492.6577,0.4363,,,,,,,
30.7964,0,0,-1,-96,-0.0015,0.1493,0.0021,-156.8942,492.7922,0.4385,,,,,,,
30.8064,-5,-75,-12,-93,-0.0265,0.2666,0.0003,-157.0314,493.0224,0.4388,,,,,,,
30.8150,,,,,,,,,,,-84.9092,531.7252,0.2463,-0.2652,2.9869,0.0013,1
30.8165,-6,-86,0,0,-0.0095,0.1399,-0.0020,-157.0993,493.1450,0.4368,,,,,,,
30.8266,0,0,-7,-95,-0.0108,0.1477,0.0021,-157.1717,493.2742,0.4389,,,,,,,
30.8367,-3,-83,0,0,-0.0048,0.1350,-0.0019,-157.2333,493.3945,0.4370,,,,,,,
30.8468,-3,-83,-8,-93,-0.0171,0.2796,0.0001,-157.3671,493.6406,0.4371,,,,,,,
30.8568,0,0,-8,-93,-0.0123,0.1446,0.0021,-157.4397,493.7663,0.4392,,,,,,,
30.8669,-3,-79,0,0,-0.0048,0.1285,-0.0018,-157.4985,493.8807,0.4373,,,,,,,
30.8770,-1,-75,-6,-82,-0.0108,0.2495,0.0001,-157.6140,494.1021,0.4374,,,,,,,
30.8871,0,0,-4,-93,-0.0062,0.1446,0.0021,-157.6810,494.2304,0.4395,,,,,,,
30.8972,-3,-88,0,0,-0.0048,0.1432,-0.0020,-157.7461,494.3580,0.4374,,,,,,,
30.9072,0,0,-4,-95,-0.0062,0.1477,0.0021,-157.8144,494.4891,0.4395,,,,,,,
30.9173,-3,-77,-4,-88,-0.0109,0.2621,0.0002,-157.9358,494.7216,0.4397,,,,,,,
30.9274,-3,-76,0,0,-0.0048,0.1236,-0.0018,-157.9927,494.8315,0.4379,,,,,,,
30.9375,0,0,-8,-86,-0.0123,0.1337,0.0019,-158.0607,494.9473,0.4399,,,,,,,
30.9476,-2,-86,0,0,-0.0032,0.1399,-0.0020,-158.1230,495.0726,0.4379,,,,,,,
30.9577,-3,-77,-1,-101,-0.0063,0.2823,0.0005,-158.2485,495.3255,0.4383,,,,,,,
30.9624,,,,,,,,,,,-86.0301,533.7341,0.2468,-0.5973,2.2216,0.0005,1
30.9677,0,0,-8,-79,-0.0123,0.1228,0.0018,-158.3118,495.4315,0.4401,,,,,,,
30.9778,-6,-80,0,0,-0.0095,0.1301,-0.0019,-158.3758,495.5452,0.4382,,,,,,,
30.9879,0,0,-6,-92,-0.0093,0.1430,0.0020,-158.4450,495.6707,0.4402,,,,,,,
30.9980,-3,-86,-6,-100,-0.0140,0.2954,0.0002,-158.5836,495.9320,0.4405,,,,,,,
31.0081,-1,-79,0,0,-0.0016,0.1285,-0.0018,-158.6397,496.0476,0.4386,,,,,,,
31.0182,0,0,-5,-90,-0.0077,0.1399,0.0020,-158.7063,496.1709,0.4406,,,,,,,
31.0283,-5,-82,0,0,-0.0080,0.1334,-0.0019,-158.7702,496.2883,0.4387,,,,,,,
31.0384,-9,-84,-12,-100,-0.0328,0.2921,0.0003,-158.9241,496.5388,0.4390,,,,,,,
31.0485,0,0,-7,-90,-0.0108,0.1399,0.0020,-158.9935,496.6608,0.4410,,,,,,,
31.0586,-9,-64,0,0,-0.0143,0.1041,-0.0015,-159.0508,496.7489,0.4395,,,,,,,
31.0687,0,0,-8,-86,-0.0123,0.1337,0.0019,-159.1189,496.8646,0.4414,,,,,,,
31.0787,-13,-77,-13,-98,-0.0407,0.2776,0.0004,-159.2744,497.0981,0.4418,,,,,,,
31.0888,-8,-85,0,0,-0.0127,0.1383,-0.0020,-159.3449,497.2178,0.4398,,,,,,,
31.0972,,,,,,,,,,,-86.3418,536.0822,0.2478,0.2715,2.3531,0.0010,1
31.0989,0,0,-8,-95,-0.0123,0.1477,0.0021,-159.4191,497.3461,0.4419,,,,,,,
31.1090,-5,-79,-10,-93,-0.0234,0.2731,0.0002,-159.5571,497.5830,0.4422,,,,,,,
31.1191,-7,-85,0,0,-0.0111,0.1383,-0.0020,-159.6262,497.7032,0.4402,,,,,,,
31.1292,0,0,-11,-98,-0.0170,0.1524,0.0022,-159.7066,497.8338,0.4424,,,,,,,
31.1392,-5,-85,0,0,-0.0080,0.1383,-0.0020,-159.7729,497.9554,0.4404,,,,,,,
31.1493,-4,-84,-9,-95,-0.0202,0.2844,0.0002,-159.9124,498.2040,0.4406,,,,,,,
31.1594,0,0,-9,-98,-0.0139,0.1524,0.0022,-159.9901,498.3358,0.4427,,,,,,,
31.1695,-8,-81,0,0,-0.0127,0.1318,-0.0019,-160.0579,498.4495,0.4408,,,,,,,
31.1796,0,0,-13,-95,-0.0200,0.1477,0.0021,-160.1392,498.5744,0.4430,,,,,,,
31.1897,-8,-79,-8,-88,-0.0251,0.2653,0.0001,-160.2756,498.8034,0.4431,,,,,,,
31.1998,-9,-79,0,0,-0.0143,0.1285,-0.0018,-160.3435,498.9135,0.4412,,,,,,,
31.2099,0,0,-15,-98,-0.0231,0.1524,0.0022,-160.4296,499.0413,0.4434,,,,,,,
31.2199,-16,-81,0,0,-0.0254,0.1318,-0.0019,-160.5091,499.1494,0.4415,,,,,,,
31.2300,-7,-63,-11,-88,-0.0281,0.2393,0.0005,-160.6368,499.3538,0.4420,,,,,,,
31.2335,,,,,,,,,,,-87.3184,538.5878,0.2498,-0.3322,2.6686,0.0020,1
31.2401,0,0,-9,-74,-0.0139,0.1151,0.0016,-160.6986,499.4518,0.4437,,,,,,,
31.2502,-8,-69,0,0,-0.0127,0.1123,-0.0016,-160.7582,499.5477,0.4421,,,,,,,
31.2603,0,0,-10,-89,-0.0154,0.1384,0.0020,-160.8315,499.6662,0.4440,,,,,,,
31.2704,-7,-87,-9,-94,-0.0250,0.2877,0.0001,-160.9776,499.9152,0.4441,,,,,,,
31.2805,-3,-78,0,0,-0.0048,0.1269,-0.0018,-161.0364,500.0278,0.4423,,,,,,,
31.2906,0,0,-8,-90,-0.0123,0.1399,0.0020,-161.1075,500.1489,0.4443,,,,,,,
31.3006,-6,-82,0,0,-0.0095,0.1334,-0.0019,-161.1734,500.2653,0.4424,,,,,,,
31.3107,-1,-85,-8,-98,-0.0139,0.2906,0.0002,-161.3104,500.5220,0.4426,,,,,,,
31.3208,0,0,-1,-79,-0.0015,0.1228,0.0018,-161.3645,500.6323,0.4443,,,,,,,
31.3309,-4,-76,0,0,-0.0064,0.1236,-0.0018,-161.4233,500.7412,0.4426,,,,,,,
31.3410,-7,-81,-2,-91,-0.0142,0.2733,0.0001,-161.5532,500.9821,0.4427,,,,,,,
31.3511,0,0,-5,-94,-0.0077,0.1461,0.0021,-161.6229,501.1107,0.4448,,,,,,,
31.3612,-4,-63,0,0,-0.0064,0.1025,-0.0015,-161.6727,501.2006,0.4433,,,,,,,
31.3713,0,0,-2,-80,-0.0031,0.1244,0.0018,-161.7289,501.3115,0.4451,,,,,,,
31.3799,,,,,,,,,,,-89.0002,541.0446,0.2498,-1.0222,2.7963,0.0000,1
31.3813,-1,-77,-4,-88,-0.0078,0.2621,0.0002,-161.8488,501.5447,0.4453,,,,,,,
31.3914,-4,-75,0,0,-0.0064,0.1220,-0.0017,-161.9070,501.6522,0.4435,,,,,,,
31.4015,0,0,-9,-81,-0.0139,0.1259,0.0018,-161.9737,501.7599,0.4453,,,,,,,
31.4116,-5,-71,0,0,-0.0080,0.1155,-0.0017,-162.0305,501.8608,0.4437,,,,,,,
31.4217,-4,-81,-7,-84,-0.0172,0.2624,-0.0000,-162.1586,502.0904,0.4437,,,,,,,
31.4318,0,0,-3,-92,-0.0046,0.1430,0.0020,-162.2243,502.2175,0.4457,,,,,,,
31.4419,-2,-77,0,0,-0.0032,0.1253,-0.0018,-162.2811,502.3292,0.4439,,,,,,,
31.4519,0,0,-7,-86,-0.0108,0.1337,0.0019,-162.3484,502.4453,0.4458,,,,,,,
31.4620,-2,-73,-4,-88,-0.0093,0.2556,0.0003,-162.4671,502.6718,0.4461,,,,,,,
31.4721,0,-76,0,0,0.0000,0.1236,-0.0018,-162.5203,502.7834,0.4443,,,,,,,
31.4822,0,0,-1,-87,-0.0015,0.1353,0.0019,-162.5800,502.9048,0.4463,,,,,,,
31.4923,1,-83,0,0,0.0016,0.1350,-0.0019,-162.6367,503.0274,0.4443,,,,,,,
31.5024,-4,-82,-5,-98,-0.0141,0.2858,0.0003,-162.7723,503.2793,0.4446,,,,,,,
31.5125,0,0,-12,-92,-0.0185,0.1430,0.0020,-162.8506,503.4004,0.4466,,,,,,,
31.5164,,,,,,,,,,,-89.1888,542.4302,0.2519,0.1597,1.3892,0.0021,1
31.5225,-7,-81,0,0,-0.0111,0.1318,-0.0019,-162.9175,503.5145,0.4448,,,,,,,
31.5326,0,0,-9,-94,-0.0139,0.1461,0.0021,-162.9930,503.6404,0.4468,,,,,,,
31.5427,-7,-86,-5,-90,-0.0188,0.2798,0.0000,-163.1309,503.8846,0.4468,,,,,,,
31.5528,-9,-76,0,0,-0.0143,0.1236,-0.0018,-163.1972,503.9900,0.4451,,,,,,,
31.5629,0,0,-9,-90,-0.0139,0.1399,0.0020,-163.2700,504.1102,0.4471,,,,,,,
31.5730,-8,-76,-10,-100,-0.0281,0.2791,0.0005,-163.4161,504.3497,0.4475,,,,,,,
31.5831,-6,-85,0,0,-0.0095,0.1383,-0.0020,-163.4845,504.4703,0.4456,,,,,,,
31.5932,0,0,-7,-94,-0.0108,0.1461,0.0021,-163.5573,504.5975,0.4476,,,,,,,
31.6033,-7,-83,0,0,-0.0111,0.1350,-0.0019,-163.6257,504.7144,0.4457,,,,,,,
31.6134,-4,-84,-8,-100,-0.0187,0.2921,0.0003,-163.7685,504.9700,0.4460,,,,,,,
31.6235,0,0,-11,-89,-0.0170,0.1384,0.0020,-163.8436,505.0874,0.4480,,,,,,,
31.6335,-5,-75,0,0,-0.0080,0.1220,-0.0017,-163.9036,505.1940,0.4462,,,,,,,
31.6436,0,0,-4,-94,-0.0062,0.1461,0.0021,-163.9723,505.3231,0.4483,,,,,,,
31.6537,-5,-83,-11,-99,-0.0249,0.2889,0.0003,-164.1201,505.5727,0.4486,,,,,,,
31.6625,,,,,,,,,,,-89.1402,545.4151,0.2528,0.7911,2.8785,0.0009,1
31.6638,-6,-82,0,0,-0.0095,0.1334,-0.0019,-164.1864,505.6888,0.4467,,,,,,,
31.6739,0,0,-7,-88,-0.0108,0.1368,0.0020,-164.2554,505.8075,0.4486,,,,,,,
31.6840,-2,-68,0,0,-0.0032,0.1106,-0.0016,-164.3061,505.9058,0.4470,,,,,,,
31.6941,-3,-79,-2,-79,-0.0079,0.2513,-0.0001,-164.4219,506.1291,0.4470,,,,,,,
31.7041,0,0,-5,-94,-0.0077,0.1461,0.0021,-164.4921,506.2574,0.4491,,,,,,,
31.7142,-5,-76,0,0,-0.0080,0.1236,-0.0018,-164.5529,506.3654,0.4473,,,,,,,
31.7243,0,0,-9,-82,-0.0139,0.1275,0.0018,-164.6206,506.4743,0.4491,,,,,,,
31.7344,-6,-69,-7,-81,-0.0203,0.2382,0.0002,-164.7424,506.6800,0.4493,,,,,,,
31.7445,0,-82,0,0,0.0000,0.1334,-0.0019,-164.8002,506.8003,0.4474,,,,,,,
31.7546,0,0,-6,-94,-0.0093,0.1461,0.0021,-164.8719,506.9279,0.4495,,,,,,,
31.7647,-3,-74,0,0,-0.0048,0.1204,-0.0017,-164.9284,507.0344,0.4478,,,,,,,
31.7747,-1,-78,-5,-84,-0.0093,0.2575,0.0001,-165.0483,507.2624,0.4478,,,,,,,
31.7848,0,0,-1,-93,-0.0015,0.1446,0.0021,-165.1124,507.3920,0.4499,,,,,,,
31.7949,-1,-80,0,0,-0.0016,0.1301,-0.0019,-165.1703,507.5086,0.4480,,,,,,,
31.7967,,,,,,,,,,,-89.6062,547.6184,0.2534,0.0998,2.2498,0.0006,1
31.8052,-2,-80,-6,-95,-0.0124,0.2779,0.0003,-165.3019,507.7536,0.4483,,,,,,,
31.8152,0,0,1,-86,0.0015,0.1337,0.0019,-165.3586,507.8747,0.4502,,,,,,,
31.8253,0,-76,0,0,0.0000,0.1236,-0.0018,-165.4123,507.9861,0.4484,,,,,,,
31.8354,0,0,-7,-87,-0.0108,0.1353,0.0019,-165.4808,508.1032,0.4504,,,,,,,
31.8455,-2,-80,-4,-96,-0.0093,0.2794,0.0003,-165.6109,508.3507,0.4506,,,,,,,
31.8555,-6,-83,0,0,-0.0095,0.1350,-0.0019,-165.6781,508.4682,0.4487,,,,,,,
31.8656,0,0,-9,-88,-0.0139,0.1368,0.0020,-165.7501,508.5853,0.4506,,,,,,,
31.8757,-7,-73,0,0,-0.0111,0.1188,-0.0017,-165.8118,508.6875,0.4490,,,,,,,
31.8858,-7,-85,-11,-99,-0.0281,0.2922,0.0002,-165.9639,508.9385,0.4492,,,,,,,
31.8959,0,0,-9,-90,-0.0139,0.1399,0.0020,-166.0373,509.0584,0.4512,,,,,,,
31.9060,-5,-78,0,0,-0.0080,0.1269,-0.0018,-166.0997,509.1692,0.4494,,,,,,,
31.9160,0,0,-10,-91,-0.0154,0.1415,0.0020,-166.1752,509.2899,0.4514,,,,,,,
31.9261,-3,-83,-7,-99,-0.0156,0.2889,0.0003,-166.3153,509.5431,0.4517,,,,,,,
31.9362,-3,-79,0,0,-0.0048,0.1285,-0.0018,-166.3755,509.6567,0.4498,,,,,,,
31.9444,,,,,,,,,,,-91.1856,550.4047,0.2535,-0.8305,3.0933,0.0002,1
31.9463,0,0,-7,-94,-0.0108,0.1461,0.0021,-166.4489,509.7835,0.4519,,,,,,,
31.9564,-2,-80,0,0,-0.0032,0.1301,-0.0019,-166.5085,509.8993,0.4500,,,,,,,
31.9664,-7,-79,-8,-92,-0.0235,0.2716,0.0002,-166.6478,510.1336,0.4503,,,,,,,
31.9765,0,0,-10,-103,-0.0154,0.1601,0.0023,-166.7315,510.2710,0.4525,,,,,,,
31.9866,-6,-78,0,0,-0.0095,0.1269,-0.0018,-166.7955,510.3810,0.4507,,,,,,,
31.9967,0,0,-8,-95,-0.0123,0.1477,0.0021,-166.8711,510.5085,0.4528,,,,,,,
32.0068,-8,-76,-13,-103,-0.0328,0.2838,0.0005,-167.0248,510.7493,0.4534,,,,,,,
32.0169,-7,-89,0,0,-0.0111,0.1448,-0.0021,-167.0981,510.8746,0.4513,,,,,,,
32.0270,0,0,-9,-99,-0.0139,0.1539,0.0022,-167.1778,511.0070,0.4535,,,,,,,
32.0371,-9,-77,-9,-89,-0.0282,0.2636,0.0002,-167.3187,511.2316,0.4537,,,,,,,
32.0472,-3,-36,0,0,-0.0048,0.0586,-0.0008,-167.3486,511.2822,0.4528,,,,,,,
32.0573,0,0,-11,-97,-0.0170,0.1508,0.0022,-167.4300,511.4103,0.4550,,,,,,,
32.0673,-11,-85,0,0,-0.0175,0.1383,-0.0020,-167.5064,511.5269,0.4530,,,,,,,
32.0774,-3,-73,-10,-94,-0.0202,0.2649,0.0004,-167.6405,511.7562,0.4534,,,,,,,
32.0832,,,,,,,,,,,-91.3931,552.5865,0.2563,0.3464,2.1641,0.0028,1
32.0875,0,0,-3,-83,-0.0046,0.1290,0.0018,-167.7013,511.8701,0.4553,,,,,,,
32.0976,-9,-74,0,0,-0.0143,0.1204,-0.0017,-167.7670,511.9720,0.4535,,,,,,,
32.1077,0,0,-11,-99,-0.0170,0.1539,0.0022,-167.8498,512.1029,0.4557,,,,,,,
32.1177,-3,-75,-4,-85,-0.0109,0.2542,0.0001,-167.9716,512.3263,0.4559,,,,,,,
32.1278,-2,-77,0,0,-0.0032,0.1253,-0.0018,-168.0295,512.4374,0.4541,,,,,,,
32.1379,0,0,-3,-90,-0.0046,0.1399,0.0020,-168.0951,512.5611,0.4561,,,,,,,
32.1480,-4,-86,0,0,-0.0064,0.1399,-0.0020,-168.1623,512.6839,0.4541,,,,,,,
32.1580,-6,-73,-10,-91,-0.0250,0.2602,0.0003,-168.2990,512.9068,0.4544,,,,,,,
32.1681,0,0,-10,-85,-0.0154,0.1322,0.0019,-168.3709,513.0187,0.4563,,,,,,,
32.1782,-5,-68,0,0,-0.0080,0.1106,-0.0016,-168.4267,513.1146,0.4547,,,,,,,
32.1882,0,0,-10,-85,-0.0154,0.1322,0.0019,-168.4987,513.2265,0.4566,,,,,,,
32.1983,-8,-69,-9,-86,-0.0266,0.2460,0.0003,-168.6311,513.4355,0.4569,,,,,,,
32.2084,-8,-76,0,0,-0.0127,0.1236,-0.0018,-168.6970,513.5409,0.4551,,,,,,,
32.2145,,,,,,,,,,,-92.1599,555.0864,0.2562,-0.1080,2.6126,-0.0001,1
32.2185,0,0,-10,-86,-0.0154,0.1337,0.0019,-168.7697,513.6541,0.4571,,,,,,,
32.2287,-4,-74,0,0,-0.0064,0.1204,-0.0017,-168.8284,513.7594,0.4553,,,,,,,
32.2388,-5,-86,-9,-94,-0.0218,0.2861,0.0001,-168.9739,514.0067,0.4554,,,,,,,
32.2488,0,0,-9,-99,-0.0139,0.1539,0.0022,-169.0542,514.1387,0.4576,,,,,,,
32.2589,-5,-79,0,0,-0.0080,0.1285,-0.0018,-169.1180,514.2506,0.4558,,,,,,,
32.2691,-2,-82,-7,-87,-0.0140,0.2687,0.0000,-169.2488,514.4857,0.4558,,,,,,,
32.2792,0,0,-9,-103,-0.0139,0.1601,0.0023,-169.3319,514.6233,0.4581,,,,,,,
32.2892,-13,-83,0,0,-0.0207,0.1350,-0.0019,-169.4101,514.7353,0.4562,,,,,,,
32.2993,0,0,-10,-95,-0.0154,0.1477,0.0021,-169.4891,514.8610,0.4583,,,,,,,
32.3094,-3,-74,-14,-94,-0.0264,0.2665,0.0004,-169.6307,515.0884,0.4587,,,,,,,
32.3195,-9,-79,0,0,-0.0143,0.1285,-0.0018,-169.7003,515.1973,0.4568,,,,,,,
32.3296,0,0,-10,-108,-0.0154,0.1679,0.0024,-169.7884,515.3411,0.4592,,,,,,,
32.3396,-9,-82,0,0,-0.0143,0.1334,-0.0019,-169.8603,515.4544,0.4573,,,,,,,
32.3497,-7,-63,-10,-99,-0.0266,0.2564,0.0007,-169.9974,515.6727,0.4580,,,,,,,
32.3598,0,0,-16,-86,-0.0247,0.1337,0.0019,-170.0787,515.7817,0.4600,,,,,,,
32.3631,,,,,,,,,,,-93.0459,557.2212,0.2572,-0.3160,2.2896,0.0010,1
32.3699,-12,-76,0,0,-0.0191,0.1236,-0.0018,-170.1506,515.8840,0.4582,,,,,,,
32.3800,0,0,-15,-107,-0.0231,0.1664,0.0024,-170.2451,516.0229,0.4606,,,,,,,
32.3901,-5,-77,-10,-99,-0.0234,0.2792,0.0004,-170.3902,516.2626,0.4610,,,,,,,
32.4002,-8,-77,0,0,-0.0127,0.1253,-0.0018,-170.4572,516.3692,0.4592,,,,,,,
32.4102,0,0,-9,-89,-0.0139,0.1384,0.0020,-170.5311,516.4870,0.4612,,,,,,,
32.4203,-9,-82,0,0,-0.0143,0.1334,-0.0019,-170.6032,516.6001,0.4593,,,,,,,
32.4304,-6,-76,-11,-103,-0.0265,0.2838,0.0005,-170.7528,516.8427,0.4598,,,,,,,
32.4405,0,0,-8,-94,-0.0123,0.1461,0.0021,-170.8288,516.9682,0.4619,,,,,,,
32.4506,-4,-87,0,0,-0.0064,0.1415,-0.0020,-170.8975,517.0921,0.4598,,,,,,,
32.4607,0,0,-10,-104,-0.0154,0.1617,0.0023,-170.9832,517.2301,0.4622,,,,,,,
32.4708,-5,-83,-11,-92,-0.0249,0.2781,0.0001,-171.1295,517.4678,0.4623,,,,,,,
32.4808,-8,-71,0,0,-0.0127,0.1155,-0.0017,-171.1923,517.5656,0.4606,,,,,,,
32.4909,0,0,-10,-86,-0.0154,0.1337,0.0019,-171.2657,517.6784,0.4625,,,,,,,
32.4981,,,,,,,,,,,-93.9489,559.9225,0.2589,-0.1861,2.8421,0.0017,1
32.5011,-8,-76,-11,-98,-0.0297,0.2760,0.0004,-171.4155,517.9122,0.4629,,,,,,,
32.5112,-8,-77,0,0,-0.0127,0.1253,-0.0018,-171.4827,518.0186,0.4612,,,,,,,
32.5213,0,0,-11,-89,-0.0170,0.1384,0.0020,-171.5596,518.1349,0.4631,,,,,,,
32.5314,-8,-68,0,0,-0.0127,0.1106,-0.0016,-171.6203,518.2283,0.4615,,,,,,,
32.5415,-7,-76,-6,-85,-0.0204,0.2558,0.0001,-171.7525,518.4482,0.4617,,,,,,,
32.5515,0,0,-9,-99,-0.0139,0.1539,0.0022,-171.8336,518.5797,0.4639,,,,,,,
32.5616,-5,-78,0,0,-0.0080,0.1269,-0.0018,-171.8974,518.6897,0.4621,,,,,,,
32.5717,0,0,-7,-88,-0.0108,0.1368,0.0020,-171.9682,518.8073,0.4640,,,,,,,
32.5818,-4,-77,-7,-85,-0.0172,0.2574,0.0001,-172.0987,519.0298,0.4641,,,,,,,
32.5919,-4,-79,0,0,-0.0064,0.1285,-0.0018,-172.1618,519.1420,0.4623,,,,,,,
32.6020,0,0,-9,-101,-0.0139,0.1570,0.0022,-172.2444,519.2762,0.4645,,,,,,,
32.6120,-4,-89,0,0,-0.0064,0.1448,-0.0021,-172.3149,519.4029,0.4624,,,,,,,
32.6221,-4,-71,-9,-92,-0.0202,0.2585,0.0004,-172.4484,519.6252,0.4628,,,,,,,
32.6322,0,0,-10,-90,-0.0154,0.1399,0.0020,-172.5248,519.7435,0.4648,,,,,,,
32.6423,-9,-76,0,0,-0.0143,0.1236,-0.0018,-172.5929,519.8477,0.4631,,,,,,,
32.6454,,,,,,,,,,,-94.5757,561.7897,0.2606,-0.1278,1.9655,0.0017,1
32.6524,0,0,-12,-96,-0.0185,0.1493,0.0021,-172.6763,519.9728,0.4652,,,,,,,
32.6625,-10,-74,-11,-92,-0.0329,0.2634,0.0003,-172.8238,520.1935,0.4655,,,,,,,
32.6726,-10,-72,0,0,-0.0159,0.1171,-0.0017,-172.8905,520.2911,0.4639,,,,,,,
32.6826,0,0,-13,-92,-0.0200,0.1430,0.0020,-172.9726,520.4100,0.4659,,,,,,,
32.6927,-10,-73,0,0,-0.0159,0.1188,-0.0017,-173.0401,520.5090,0.4642,,,,,,,
32.7028,-13,-75,-20,-92,-0.0515,0.2651,0.0003,-173.2048,520.7229,0.4645,,,,,,,
32.7129,0,0,-11,-90,-0.0170,0.1399,0.0020,-173.2828,520.8403,0.4665,,,,,,,
32.7230,-9,-72,0,0,-0.0143,0.1171,-0.0017,-173.3482,520.9386,0.4648,,,,,,,
32.7331,-9,-84,-11,-102,-0.0313,0.2952,0.0003,-173.5085,521.1884,0.4651,,,,,,,
32.7432,0,0,-10,-96,-0.0154,0.1493,0.0021,-173.5894,521.3148,0.4673,,,,,,,
32.7533,-8,-80,0,0,-0.0127,0.1301,-0.0019,-173.6593,521.4254,0.4654,,,,,,,
32.7633,0,0,-11,-92,-0.0170,0.1430,0.0020,-173.7387,521.5455,0.4675,,,,,,,
32.7734,-6,-78,-9,-97,-0.0234,0.2777,0.0003,-173.8848,521.7828,0.4678,,,,,,,
32.7816,,,,,,,,,,,-94.4109,564.1720,0.2631,0.7731,2.2593,0.0024,1
32.7835,-13,-88,0,0,-0.0207,0.1432,-0.0020,-173.9677,521.9014,0.4658,,,,,,,
32.7936,0,0,-12,-103,-0.0185,0.1601,0.0023,-174.0563,522.0360,0.4680,,,,,,,
32.8036,-6,-76,0,0,-0.0095,0.1236,-0.0018,-174.1205,522.1421,0.4663,,,,,,,
32.8137,-8,-80,-9,-92,-0.0266,0.2732,0.0002,-174.2671,522.3742,0.4665,,,,,,,
32.8238,0,0,-14,-97,-0.0216,0.1508,0.0022,-174.3544,522.4991,0.4686,,,,,,,
32.8339,-8,-79,0,0,-0.0127,0.1285,-0.0018,-174.4237,522.6081,0.4668,,,,,,,
32.8439,0,0,-9,-94,-0.0139,0.1461,0.0021,-174.5019,522.7322,0.4689,,,,,,,
32.8540,-9,-74,-11,-87,-0.0313,0.2557,0.0002,-174.6454,522.9462,0.4691,,,,,,,
32.8641,-10,-74,0,0,-0.0159,0.1204,-0.0017,-174.7139,523.0464,0.4674,,,,,,,
32.8742,0,0,-10,-96,-0.0154,0.1493,0.0021,-174.7951,523.1726,0.4695,,,,,,,
32.8842,-7,-79,0,0,-0.0111,0.1285,-0.0018,-174.8630,523.2823,0.4677,,,,,,,
32.8943,-3,-67,-7,-84,-0.0156,0.2396,0.0003,-174.9850,523.4891,0.4680,,,,,,,
32.9044,0,0,-7,-83,-0.0108,0.1290,0.0018,-175.0529,523.5993,0.4698,,,,,,,
32.9145,-4,-81,0,0,-0.0064,0.1318,-0.0019,-175.1181,523.7140,0.4679,,,,,,,
32.9157,,,,,,,,,,,-97.0796,566.8365,0.2636,-1.8840,3.2669,0.0005,1
32.9245,0,0,-6,-94,-0.0093,0.1461,0.0021,-175.1924,523.8402,0.4700,,,,,,,
32.9346,-6,-83,-7,-89,-0.0203,0.2734,0.0000,-175.3344,524.0748,0.4701,,,,,,,
32.9447,-1,-76,0,0,-0.0016,0.1236,-0.0018,-175.3917,524.1843,0.4683,,,,,,,
32.9547,0,0,-6,-93,-0.0093,0.1446,0.0021,-175.4654,524.3091,0.4704,,,,,,,
32.9648,-1,-76,0,0,-0.0016,0.1236,-0.0018,-175.5227,524.4186,0.4686,,,,,,,
32.9749,-3,-77,-5,-88,-0.0125,0.2621,0.0002,-175.6523,524.6468,0.4688,,,,,,,
32.9850,0,0,-5,-83,-0.0077,0.1290,0.0018,-175.7175,524.7584,0.4706,,,,,,,
32.9950,-3,-76,0,0,-0.0048,0.1236,-0.0018,-175.7777,524.8665,0.4688,,,,,,,
33.0051,-7,-76,-9,-96,-0.0250,0.2729,0.0004,-175.9234,525.0986,0.4692,,,,,,,
33.0152,0,0,-4,-81,-0.0062,0.1259,0.0018,-175.9860,525.2081,0.4710,,,,,,,
33.0253,-5,-66,0,0,-0.0080,0.1074,-0.0015,-176.0417,525.3002,0.4695,,,,,,,
33.0354,0,0,-6,-71,-0.0093,0.1104,0.0016,-176.1000,525.3944,0.4710,,,,,,,
33.0455,-6,-66,-10,-99,-0.0250,0.2613,0.0007,-176.2409,525.6159,0.4717,,,,,,,
33.0555,-6,-81,0,0,-0.0095,0.1318,-0.0019,-176.3091,525.7290,0.4698,,,,,,,
33.0631,,,,,,,,,,,-97.6673,568.8329,0.2651,-0.0472,2.0805,0.0015,1
33.0656,0,0,-10,-96,-0.0154,0.1493,0.0021,-176.3906,525.8550,0.4720,,,,,,,
33.0757,-9,-79,0,0,-0.0143,0.1285,-0.0018,-176.4617,525.9631,0.4701,,,,,,,
33.0858,-11,-79,-12,-97,-0.0360,0.2793,0.0003,-176.6203,526.1957,0.4704,,,,,,,
33.0958,0,0,-13,-99,-0.0200,0.1539,0.0022,-176.7081,526.3238,0.4726,,,,,,,
33.1059,-8,-83,0,0,-0.0127,0.1350,-0.0019,-176.7808,526.4383,0.4707,,,,,,,
33.1160,0,0,-9,-96,-0.0139,0.1493,0.0021,-176.8610,526.5649,0.4728,,,,,,,
33.1261,-7,-83,-13,-97,-0.0312,0.2858,0.0002,-177.0190,526.8052,0.4731,,,,,,,
33.1362,0,0,0,0,0.0000,0.0000,0.0000,-177.0190,526.8052,0.4731,,,,,,,
33.1463,0,0,-10,-95,-0.0154,0.1477,0.0021,-177.1001,526.9295,0.4752,,,,,,,
33.1563,-12,-72,0,0,-0.0191,0.1171,-0.0017,-177.1706,527.0250,0.4735,,,,,,,
33.1664,-6,-74,-11,-83,-0.0265,0.2494,0.0001,-177.3079,527.2349,0.4736,,,,,,,
33.1765,0,0,-13,-93,-0.0200,0.1446,0.0021,-177.3918,527.3544,0.4757,,,,,,,
33.1866,-20,-151,0,0,-0.0318,0.2457,-0.0035,-177.5323,527.5584,0.4722,,,,,,,
33.1966,0,0,-20,-100,-0.0308,0.1555,0.0022,-177.6306,527.6828,0.4744,,,,,,,
33.2003,,,,,,,,,,,-98.0976,571.6472,0.2662,0.3221,2.8287,0.0012,1
33.2067,-13,-68,-15,-89,-0.0438,0.2490,0.0004,-177.7833,527.8842,0.4748,,,,,,,
33.2168,-14,-84,0,0,-0.0223,0.1367,-0.0020,-177.8655,527.9957,0.4728,,,,,,,
33.2269,0,0,-15,-105,-0.0231,0.1632,0.0023,-177.9606,528.1304,0.4752,,,,,,,
33.2370,-5,-85,0,0,-0.0080,0.1383,-0.0020,-178.0308,528.2497,0.4732,,,,,,,
33.2471,-10,-72,-7,-84,-0.0267,0.2477,0.0002,-178.1675,528.4581,0.4734,,,,,,,
33.2571,0,0,-11,-96,-0.0170,0.1493,0.0021,-178.2508,528.5831,0.4755,,,,,,,
33.2672,-10,-85,0,0,-0.0159,0.1383,-0.0020,-178.3281,528.6988,0.4736,,,,,,,
33.2773,-3,-83,-9,-97,-0.0186,0.2858,0.0002,-178.4751,528.9447,0.4738,,,,,,,
33.2874,0,0,-3,-79,-0.0046,0.1228,0.0018,-178.5353,529.0518,0.4755,,,,,,,
33.2974,-3,-67,0,0,-0.0048,0.1090,-0.0016,-178.5894,529.1466,0.4740,,,,,,,
33.3075,0,0,-7,-88,-0.0108,0.1368,0.0020,-178.6616,529.2633,0.4759,,,,,,,
33.3175,-9,-87,-9,-104,-0.0282,0.3032,0.0003,-178.8256,529.5199,0.4762,,,,,,,
33.3276,-5,-79,0,0,-0.0080,0.1285,-0.0018,-178.8915,529.6306,0.4744,,,,,,,
33.3377,0,0,-6,-79,-0.0093,0.1228,0.0018,-178.9559,529.7355,0.4761,,,,,,,
33.3434,,,,,,,,,,,-98.7166,574.0088,0.2679,0.0242,2.4413,0.0017,1
33.3477,-6,-77,0,0,-0.0095,0.1253,-0.0018,-179.0217,529.8426,0.4743,,,,,,,
33.3578,-7,-82,-10,-90,-0.0266,0.2733,0.0001,-179.1702,530.0736,0.4744,,,,,,,
33.3679,0,0,-10,-91,-0.0154,0.1415,0.0020,-179.2487,530.1923,0.4765,,,,,,,
33.3780,-3,-72,0,0,-0.0048,0.1171,-0.0017,-179.3065,530.2943,0.4748,,,,,,,
33.3880,0,0,-5,-81,-0.0077,0.1259,0.0018,-179.3711,530.4027,0.4766,,,,,,,
33.3981,-3,-76,-7,-90,-0.0156,0.2636,0.0002,-179.5058,530.6297,0.4768,,,,,,,
33.4082,-3,-86,0,0,-0.0048,0.1399,-0.0020,-179.5742,530.7519,0.4748,,,,,,,
33.4183,0,0,-4,-84,-0.0062,0.1306,0.0019,-179.6395,530.8652,0.4767,,,,,,,
33.4283,-1,-68,0,0,-0.0016,0.1106,-0.0016,-179.6916,530.9628,0.4751,,,,,,,
33.4384,-8,-82,-3,-87,-0.0173,0.2687,0.0000,-179.8299,531.1937,0.4751,,,,,,,
33.4485,0,0,-10,-102,-0.0154,0.1586,0.0023,-179.9163,531.3276,0.4774,,,,,,,
33.4586,-5,-84,0,0,-0.0080,0.1367,-0.0020,-179.9860,531.4454,0.4754,,,,,,,
33.4686,0,0,-12,-88,-0.0185,0.1368,0.0020,-180.0652,531.5585,0.4774,,,,,,,
33.4787,-8,-78,-14,-98,-0.0343,0.2793,0.0004,-180.2241,531.7907,0.4778,,,,,,,
33.4810,,,,,,,,,,,-99.1275,575.7017,0.2700,0.0519,1.7413,0.0021,1
33.4888,-11,-88,0,0,-0.0175,0.1432,-0.0020,-180.3053,531.9099,0.4757,,,,,,,
33.4989,0,0,-8,-102,-0.0123,0.1586,0.0023,-180.3890,532.0452,0.4780,,,,,,,
33.5090,-7,-79,0,0,-0.0111,0.1285,-0.0018,-180.4579,532.1542,0.4762,,,,,,,
33.5190,-15,-76,-8,-91,-0.0362,0.2651,0.0003,-180.6117,532.3732,0.4764,,,,,,,
33.5291,0,0,-14,-95,-0.0216,0.1477,0.0021,-180.6987,532.4945,0.4785,,,,,,,
33.5392,-16,-81,0,0,-0.0254,0.1318,-0.0019,-180.7819,532.5998,0.4766,,,,,,,
33.5493,-6,-81,-11,-91,-0.0265,0.2733,0.0001,-180.9308,532.8305,0.4768,,,,,,,
33.5594,0,0,-3,-85,-0.0046,0.1322,0.0019,-180.9957,532.9457,0.4787,,,,,,,
33.5695,-5,-78,0,0,-0.0080,0.1269,-0.0018,-181.0611,533.0547,0.4768,,,,,,,
33.5795,0,0,-9,-101,-0.0139,0.1570,0.0022,-181.1456,533.1878,0.4791,,,,,,,
33.5896,-8,-89,-16,-98,-0.0374,0.2972,0.0001,-181.3158,533.4342,0.4792,,,,,,,
33.5997,-7,-83,0,0,-0.0111,0.1350,-0.0019,-181.3878,533.5490,0.4773,,,,,,,
33.6098,0,0,-6,-97,-0.0093,0.1508,0.0022,-181.4655,533.6786,0.4794,,,,,,,
33.6198,-10,-81,0,0,-0.0159,0.1318,-0.0019,-181.5403,533.7883,0.4775,,,,,,,
33.6268,,,,,,,,,,,-100.1810,578.8663,0.2706,-0.1712,3.3310,0.0006,1
33.6299,-7,-79,-11,-95,-0.0281,0.2762,0.0003,-181.6922,534.0207,0.4778,,,,,,,
33.6400,0,0,-15,-93,-0.0231,0.1446,0.0021,-181.7793,534.1383,0.4799,,,,,,,
33.6501,-6,-71,0,0,-0.0095,0.1155,-0.0017,-181.8411,534.2364,0.4782,,,,,,,
33.6601,0,0,-5,-84,-0.0077,0.1306,0.0019,-181.9081,534.3488,0.4801,,,,,,,
33.6702,-11,-81,-15,-98,-0.0406,0.2841,0.0003,-182.0754,534.5820,0.4804,,,,,,,
33.6803,-4,-79,0,0,-0.0064,0.1285,-0.0018,-182.1403,534.6931,0.4786,,,,,,,
33.6904,0,0,-3,-74,-0.0046,0.1151,0.0016,-182.1975,534.7930,0.4802,,,,,,,
33.7004,-6,-61,0,0,-0.0095,0.0992,-0.0014,-182.2518,534.8767,0.4788,,,,,,,
33.7105,-8,-71,-9,-83,-0.0266,0.2446,0.0002,-182.3881,535.0815,0.4790,,,,,,,
33.7206,0,0,-9,-91,-0.0139,0.1415,0.0020,-182.4657,535.2006,0.4810,,,,,,,
33.7307,-6,-87,0,0,-0.0095,0.1415,-0.0020,-182.5395,535.3217,0.4790,,,,,,,
33.7407,0,0,-10,-91,-0.0154,0.1415,0.0020,-182.6185,535.4401,0.4810,,,,,,,
33.7508,-6,-77,-5,-84,-0.0173,0.2559,0.0001,-182.7522,535.6589,0.4811,,,,,,,
33.7609,-6,-77,0,0,-0.0095,0.1253,-0.0018,-182.8185,535.7656,0.4793,,,,,,,
33.7625,,,,,,,,,,,-101.2083,580.8967,0.2719,-0.4472,2.2311,0.0013,1
33.7710,0,0,-2,-90,-0.0031,0.1399,0.0020,-182.8859,535.8883,0.4813,,,,,,,
33.7810,-8,-80,0,0,-0.0127,0.1301,-0.0019,-182.9573,535.9978,0.4794,,,,,,,
33.7911,1,-77,-4,-93,-0.0046,0.2699,0.0003,-183.0859,536.2351,0.4797,,,,,,,
33.8012,0,0,-3,-91,-0.0046,0.1415,0.0020,-183.1554,536.3584,0.4817,,,,,,,
33.8113,-2,-84,0,0,-0.0032,0.1367,-0.0020,-183.2215,536.4781,0.4798,,,,,,,
33.8214,0,-80,-5,-84,-0.0077,0.2607,0.0000,-183.3487,536.7059,0.4798,,,,,,,
33.8314,0,0,-7,-91,-0.0108,0.1415,0.0020,-183.4237,536.8263,0.4818,,,,,,,
33.8415,-4,-81,0,0,-0.0064,0.1318,-0.0019,-183.4902,536.9402,0.4799,,,,,,,
33.8516,0,0,-9,-93,-0.0139,0.1446,0.0021,-183.5694,537.0620,0.4820,,,,,,,
33.8617,-8,-77,-11,-87,-0.0297,0.2605,0.0001,-183.7165,537.2791,0.4821,,,,,,,
33.8717,-6,-78,0,0,-0.0095,0.1269,-0.0018,-183.7837,537.3872,0.4803,,,,,,,
33.8818,0,0,-10,-99,-0.0154,0.1539,0.0022,-183.8687,537.5164,0.4825,,,,,,,
33.8919,-12,-90,0,0,-0.0191,0.1464,-0.0021,-183.9534,537.6374,0.4804,,,,,,,
33.8988,,,,,,,,,,,-101.7552,583.4041,0.2732,0.1467,2.5622,0.0013,1
33.9020,-5,-77,-10,-109,-0.0234,0.2947,0.0006,-184.1104,537.8879,0.4810,,,,,,,
33.9121,0,0,-9,-89,-0.0139,0.1384,0.0020,-184.1868,538.0041,0.4830,,,,,,,
33.9221,-6,-68,0,0,-0.0095,0.1106,-0.0016,-184.2466,538.0977,0.4814,,,,,,,
33.9322,0,0,-12,-101,-0.0185,0.1570,0.0022,-184.3359,538.2282,0.4837,,,,,,,
33.9423,-10,-79,-8,-99,-0.0282,0.2824,0.0004,-184.4922,538.4651,0.4840,,,,,,,
33.9524,-5,-84,0,0,-0.0080,0.1367,-0.0020,-184.5628,538.5824,0.4821,,,,,,,
33.9624,0,0,-10,-92,-0.0154,0.1430,0.0020,-184.6429,538.7019,0.4841,,,,,,,
33.9725,-12,-85,0,0,-0.0191,0.1383,-0.0020,-184.7240,538.8155,0.4822,,,,,,,
33.9826,-8,-88,-13,-107,-0.0328,0.3095,0.0003,-184.8966,539.0745,0.4825,,,,,,,
33.9927,0,0,-12,-95,-0.0185,0.1477,0.0021,-184.9817,539.1966,0.4846,,,,,,,
34.0027,-6,-74,0,0,-0.0095,0.1204,-0.0017,-185.0461,539.2988,0.4829,,,,,,,
34.0129,0,0,-11,-89,-0.0170,0.1384,0.0020,-185.1255,539.4134,0.4849,,,,,,,
34.0230,-10,-81,-11,-93,-0.0329,0.2764,0.0002,-185.2834,539.6426,0.4850,,,,,,,
34.0331,-9,-81,0,0,-0.0143,0.1318,-0.0019,-185.3574,539.7525,0.4832,,,,,,,
34.0431,0,0,-9,-93,-0.0139,0.1446,0.0021,-185.4370,539.8740,0.4852,,,,,,,
34.0457,,,,,,,,,,,-102.7504,585.9015,0.2747,-0.2846,2.6734,0.0015,1
34.0532,-6,-86,0,0,-0.0095,0.1399,-0.0020,-185.5106,539.9934,0.4832,,,,,,,
34.0633,-7,-84,-12,-101,-0.0296,0.2937,0.0003,-185.6733,540.2397,0.4835,,,,,,,
34.0734,0,0,-4,-94,-0.0062,0.1461,0.0021,-185.7468,540.3661,0.4856,,,,,,,
34.0834,-1,-82,0,0,-0.0016,0.1334,-0.0019,-185.8104,540.4834,0.4837,,,,,,,
34.0935,-1,-79,-1,-78,-0.0031,0.2498,-0.0001,-185.9293,540.7031,0.4836,,,,,,,
34.1036,0,0,-4,-96,-0.0062,0.1493,0.0021,-186.0043,540.8323,0.4857,,,,,,,
34.1137,-2,-83,0,0,-0.0032,0.1350,-0.0019,-186.0701,540.9503,0.4838,,,,,,,
34.1238,0,0,-8,-95,-0.0123,0.1477,0.0021,-186.1498,541.0752,0.4859,,,,,,,
34.1338,-2,-72,-10,-81,-0.0186,0.2431,0.0001,-186.2798,541.2815,0.4860,,,,,,,
34.1439,-6,-73,0,0,-0.0095,0.1188,-0.0017,-186.3436,541.3821,0.4843,,,,,,,
34.1540,0,0,-7,-87,-0.0108,0.1353,0.0019,-186.4163,541.4967,0.4863,,,,,,,
34.1640,-2,-78,0,0,-0.0032,0.1269,-0.0018,-186.4783,541.6074,0.4845,,,,,,,
34.1741,-6,-67,-8,-82,-0.0219,0.2365,0.0003,-186.6078,541.8065,0.4847,,,,,,,
34.1799,,,,,,,,,,,-103.6382,588.1724,0.2753,-0.2385,2.4265,0.0006,1
34.1842,0,0,-8,-80,-0.0123,0.1244,0.0018,-186.6768,541.9108,0.4865,,,,,,,
34.1943,-5,-68,0,0,-0.0080,0.1106,-0.0016,-186.7355,542.0049,0.4849,,,,,,,
34.2043,0,0,-12,-87,-0.0185,0.1353,0.0019,-186.8150,542.1158,0.4869,,,,,,,
34.2145,-5,-86,-3,-78,-0.0126,0.2612,-0.0003,-186.9483,542.3408,0.4866,,,,,,,
34.2245,1,-79,0,0,0.0016,0.1285,-0.0018,-187.0068,542.4552,0.4848,,,,,,,
34.2346,0,0,-6,-88,-0.0093,0.1368,0.0020,-187.0789,542.5719,0.4867,,,,,,,
34.2447,-5,-82,0,0,-0.0080,0.1334,-0.0019,-187.1482,542.6861,0.4848,,,,,,,
34.2548,-3,-82,-8,-97,-0.0171,0.2842,0.0002,-187.2958,542.9296,0.4850,,,,,,,
34.2648,0,0,-9,-95,-0.0139,0.1477,0.0021,-187.3771,543.0537,0.4872,,,,,,,
34.2749,-6,-90,0,0,-0.0095,0.1464,-0.0021,-187.4540,543.1787,0.4851,,,,,,,
34.2850,0,0,-12,-104,-0.0185,0.1617,0.0023,-187.5459,543.3130,0.4874,,,,,,,
34.2951,-9,-83,-11,-85,-0.0313,0.2672,-0.0000,-187.6986,543.5345,0.4873,,,,,,,
34.3052,-11,-74,0,0,-0.0175,0.1204,-0.0017,-187.7704,543.6327,0.4856,,,,,,,
34.3153,0,0,-13,-98,-0.0200,0.1524,0.0022,-187.8594,543.7580,0.4878,,,,,,,
34.3255,-10,-88,-10,-96,-0.0313,0.2924,0.0001,-188.0241,544.0016,0.4879,,,,,,,
34.3290,,,,,,,,,,,-103.8368,590.6202,0.2772,0.4744,2.4097,0.0018,1
34.3356,-12,-76,0,0,-0.0191,0.1236,-0.0018,-188.0988,544.1020,0.4861,,,,,,,
34.3457,0,0,-12,-82,-0.0185,0.1275,0.0018,-188.1748,544.2060,0.4879,,,,,,,
34.3558,-6,-67,0,0,-0.0095,0.1090,-0.0016,-188.2343,544.2978,0.4864,,,,,,,
34.3658,-10,-85,-5,-88,-0.0236,0.2751,-0.0000,-188.3837,544.5300,0.4864,,,,,,,
34.3759,0,0,-15,-110,-0.0231,0.1710,0.0024,-188.4843,544.6702,0.4888,,,,,,,
34.3860,-16,-99,0,0,-0.0254,0.1611,-0.0023,-188.5822,544.8006,0.4865,,,,,,,
34.3961,0,0,-10,-102,-0.0154,0.1586,0.0023,-188.6702,544.9335,0.4888,,,,,,,
34.4061,-3,-79,-12,-95,-0.0233,0.2762,0.0003,-188.8205,545.1664,0.4890,,,,,,,
34.4162,-6,-77,0,0,-0.0095,0.1253,-0.0018,-188.8876,545.2726,0.4872,,,,,,,
34.4263,0,0,-12,-100,-0.0185,0.1555,0.0022,-188.9769,545.4012,0.4895,,,,,,,
34.4364,-8,-92,0,0,-0.0127,0.1497,-0.0021,-189.0584,545.5274,0.4873,,,,,,,
34.4465,-3,-84,0,0,-0.0048,0.1367,-0.0020,-189.1265,545.6460,0.4854,,,,,,,
34.4565,0,0,-5,-90,-0.0077,0.1399,0.0020,-189.1987,545.7661,0.4874,,,,,,,
34.4642,,,,,,,,,,,-105.1189,592.7693,0.2788,-0.6451,2.4179,0.0017,1
34.4666,-8,-81,0,0,-0.0127,0.1318,-0.0019,-189.2715,545.8766,0.4855,,,,,,,
34.4767,0,0,-13,-93,-0.0200,0.1446,0.0021,-189.3569,545.9951,0.4876,,,,,,,
34.4868,-5,-76,-9,-165,-0.0218,0.3802,0.0019,-189.5546,546.3205,0.4895,,,,,,,
34.4969,-7,-73,0,0,-0.0111,0.1188,-0.0017,-189.6201,546.4202,0.4878,,,,,,,
34.5069,0,0,-16,-97,-0.0247,0.1508,0.0022,-189.7127,546.5417,0.4899,,,,,,,
34.5170,-11,-90,0,0,-0.0175,0.1464,-0.0021,-189.7970,546.6628,0.4878,,,,,,,
34.5271,-4,-78,-8,-94,-0.0187,0.2730,0.0003,-189.9415,546.8952,0.4881,,,,,,,
34.5372,0,0,-6,-85,-0.0093,0.1322,0.0019,-190.0117,547.0075,0.4900,,,,,,,
34.5473,-5,-78,0,0,-0.0080,0.1269,-0.0018,-190.0784,547.1158,0.4882,,,,,,,
34.5575,-2,-80,-7,-92,-0.0140,0.2732,0.0002,-190.2189,547.3505,0.4884,,,,,,,
34.5675,0,0,-3,-97,-0.0046,0.1508,0.0022,-190.2938,547.4814,0.4905,,,,,,,
34.5776,-4,-88,0,0,-0.0064,0.1432,-0.0020,-190.3668,547.6048,0.4885,,,,,,,
34.5877,0,0,-9,-90,-0.0139,0.1399,0.0020,-190.4448,547.7217,0.4905,,,,,,,
34.5978,-5,-86,-3,-94,-0.0126,0.2861,0.0001,-190.5907,547.9681,0.4906,,,,,,,
34.6078,-2,-79,0,0,-0.0032,0.1285,-0.0018,-190.6539,548.0801,0.4887,,,,,,,
34.6094,,,,,,,,,,,-105.3776,594.7281,0.2797,0.2904,1.9544,0.0008,1
34.6179,0,0,-6,-85,-0.0093,0.1322,0.0019,-190.7242,548.1923,0.4906,,,,,,,
34.6280,-9,-81,0,0,-0.0143,0.1318,-0.0019,-190.7988,548.3019,0.4887,,,,,,,
34.6381,-11,-90,-14,-104,-0.0391,0.3081,0.0002,-190.9780,548.5556,0.4889,,,,,,,
34.6482,0,0,-10,-93,-0.0154,0.1446,0.0021,-191.0597,548.6759,0.4910,,,,,,,
34.6582,-12,-74,0,0,-0.0191,0.1204,-0.0017,-191.1332,548.7731,0.4893,,,,,,,
34.6683,0,0,-14,-92,-0.0216,0.1430,0.0020,-191.2196,548.8891,0.4913,,,,,,,
34.6784,-12,-85,-18,-104,-0.0468,0.3000,0.0003,-191.4025,549.1315,0.4917,,,,,,,
34.6885,-15,-86,0,0,-0.0239,0.1399,-0.0020,-191.4894,549.2437,0.4897,,,,,,,
34.6986,0,0,-11,-93,-0.0170,0.1446,0.0021,-191.5725,549.3632,0.4917,,,,,,,
34.7086,-9,-79,0,0,-0.0143,0.1285,-0.0018,-191.6457,549.4698,0.4899,,,,,,,
34.7187,-11,-90,-15,-104,-0.0406,0.3081,0.0002,-191.8266,549.7225,0.4901,,,,,,,
34.7288,0,0,-11,-106,-0.0170,0.1648,0.0024,-191.9193,549.8599,0.4925,,,,,,,
34.7389,-7,-84,0,0,-0.0111,0.1367,-0.0020,-191.9936,549.9751,0.4905,,,,,,,
34.7453,,,,,,,,,,,-106.6070,597.3383,0.2809,-0.4610,2.8481,0.0012,1
34.7490,0,0,-9,-93,-0.0139,0.1446,0.0021,-192.0741,550.0960,0.4926,,,,,,,
34.7591,-6,-92,-14,-110,-0.0311,0.3207,0.0003,-192.2532,550.3638,0.4929,,,,,,,
34.7692,-10,-93,0,0,-0.0159,0.1513,-0.0022,-192.3387,550.4897,0.4907,,,,,,,
34.7792,0,0,-10,-99,-0.0154,0.1539,0.0022,-192.4250,550.6181,0.4929,,,,,,,
34.7894,-8,-77,0,0,-0.0127,0.1253,-0.0018,-192.4954,550.7225,0.4911,,,,,,,
34.7994,-8,-92,-11,-96,-0.0297,0.2989,-0.0000,-192.6625,550.9721,0.4911,,,,,,,
34.8095,0,0,-11,-115,-0.0170,0.1788,0.0026,-192.7620,551.1216,0.4937,,,,,,,
34.8196,-8,-88,0,0,-0.0127,0.1432,-0.0020,-192.8409,551.2417,0.4916,,,,,,,
34.8297,-8,-72,-12,-93,-0.0312,0.2617,0.0004,-192.9920,551.4577,0.4920,,,,,,,
34.8398,0,0,-10,-101,-0.0154,0.1570,0.0022,-193.0800,551.5887,0.4943,,,,,,,
34.8498,-11,-93,0,0,-0.0175,0.1513,-0.0022,-193.1670,551.7137,0.4921,,,,,,,
34.8599,0,0,-8,-99,-0.0123,0.1539,0.0022,-193.2507,551.8434,0.4943,,,,,,,
34.8700,0,-79,-9,-94,-0.0139,0.2747,0.0003,-193.3933,552.0786,0.4946,,,,,,,
34.8801,-6,-80,0,0,-0.0095,0.1301,-0.0019,-193.4634,552.1887,0.4927,,,,,,,
34.8804,,,,,,,,,,,-107.2833,600.1429,0.2834,0.1276,2.8822,0.0026,1
34.8902,0,0,-11,-100,-0.0170,0.1555,0.0022,-193.5520,552.3176,0.4949,,,,,,,
34.9003,-9,-97,0,0,-0.0143,0.1578,-0.0023,-193.6394,552.4497,0.4927,,,,,,,
34.9103,-2,-88,-7,-96,-0.0140,0.2924,0.0001,-193.7900,552.7007,0.4928,,,,,,,
34.9204,0,0,-5,-97,-0.0077,0.1508,0.0022,-193.8683,552.8299,0.4949,,,,,,,
34.9305,-3,-87,0,0,-0.0048,0.1415,-0.0020,-193.9396,552.9522,0.4929,,,,,,,
34.9406,0,0,-7,-97,-0.0108,0.1508,0.0022,-194.0206,553.0799,0.4950,,,,,,,
34.9507,-5,-83,-5,-94,-0.0157,0.2812,0.0002,-194.1680,553.3199,0.4952,,,,,,,
34.9608,-4,-93,0,0,-0.0064,0.1513,-0.0022,-194.2453,553.4501,0.4930,,,,,,,
34.9708,0,0,-10,-100,-0.0154,0.1555,0.0022,-194.3327,553.5796,0.4953,,,,,,,
34.9809,-4,-85,0,0,-0.0064,0.1383,-0.0020,-194.4039,553.6983,0.4933,,,,,,,
34.9910,-3,-76,-9,-98,-0.0186,0.2760,0.0004,-194.5510,553.9326,0.4937,,,,,,,
35.0011,0,0,-8,-90,-0.0123,0.1399,0.0020,-194.6283,554.0499,0.4957,,,,,,,
35.0112,-5,-78,0,0,-0.0080,0.1269,-0.0018,-194.6956,554.1578,0.4939,,,,,,,
35.0213,0,0,-11,-105,-0.0170,0.1632,0.0023,-194.7881,554.2934,0.4962,,,,,,,
35.0274,,,,,,,,,,,-108.3921,602.4340,0.2846,-0.4239,2.5098,0.0012,1
35.0314,-10,-95,-10,-105,-0.0313,0.3178,0.0001,-194.9669,554.5579,0.4963,,,,,,,
35.0415,-3,-82,0,0,-0.0048,0.1334,-0.0019,-195.0345,554.6730,0.4944,,,,,,,
35.0516,0,0,-10,-100,-0.0154,0.1555,0.0022,-195.1220,554.8024,0.4967,,,,,,,
35.0616,-9,-88,-14,-110,-0.0359,0.3142,0.0004,-195.3034,555.0615,0.4971,,,,,,,
35.0717,-7,-94,0,0,-0.0111,0.1529,-0.0022,-195.3859,555.1907,0.4949,,,,,,,
35.0818,0,0,-8,-96,-0.0123,0.1493,0.0021,-195.4678,555.3161,0.4970,,,,,,,
35.0919,-9,-79,0,0,-0.0143,0.1285,-0.0018,-195.5416,555.4224,0.4952,,,,,,,
35.1020,-13,-85,-15,-100,-0.0438,0.2938,0.0002,-195.7197,555.6600,0.4954,,,,,,,
35.1123,0,0,-12,-112,-0.0185,0.1741,0.0025,-195.8190,555.8043,0.4979,,,,,,,
35.1224,-7,-92,0,0,-0.0111,0.1497,-0.0021,-195.9001,555.9305,0.4958,,,,,,,
35.1325,0,0,-13,-100,-0.0200,0.1555,0.0022,-195.9918,556.0577,0.4980,,,,,,,
35.1426,-11,-77,-16,-99,-0.0422,0.2792,0.0004,-196.1623,556.2828,0.4984,,,,,,,
35.1526,-9,-81,0,0,-0.0143,0.1318,-0.0019,-196.2377,556.3917,0.4965,,,,,,,
35.1627,0,0,-12,-102,-0.0185,0.1586,0.0023,-196.3297,556.5223,0.4988,,,,,,,
35.1639,,,,,,,,,,,-110.0070,605.1928,0.2860,-0.7753,3.1012,0.0014,1
35.1728,-9,-84,0,0,-0.0143,0.1367,-0.0020,-196.4075,556.6355,0.4968,,,,,,,
35.1829,-10,-81,-13,-105,-0.0359,0.2950,0.0004,-196.5798,556.8777,0.4973,,,,,,,
35.1930,0,0,-13,-106,-0.0200,0.1648,0.0024,-196.6762,557.0128,0.4996,,,,,,,
35.2031,-10,-86,0,0,-0.0159,0.1399,-0.0020,-196.7571,557.1281,0.4976,,,,,,,
35.2132,0,0,-9,-101,-0.0139,0.1570,0.0022,-196.8444,557.2594,0.4999,,,,,,,
35.2232,-3,-89,-10,-101,-0.0202,0.3018,0.0002,-197.0068,557.5146,0.5000,,,,,,,
35.2333,-9,-85,0,0,-0.0143,0.1383,-0.0020,-197.0855,557.6291,0.4981,,,,,,,
35.2434,0,0,-15,-98,-0.0231,0.1524,0.0022,-197.1788,557.7518,0.5003,,,,,,,
35.2536,-8,-83,-8,-88,-0.0251,0.2718,0.0000,-197.3312,557.9784,0.5003,,,,,,,
35.2637,-8,-79,0,0,-0.0127,0.1285,-0.0018,-197.4039,558.0851,0.4984,,,,,,,
35.2737,0,0,-8,-99,-0.0123,0.1539,0.0022,-197.4884,558.2143,0.5006,,,,,,,
35.2838,-6,-87,0,0,-0.0095,0.1415,-0.0020,-197.5646,558.3340,0.4986,,,,,,,
35.2939,-11,-78,-7,-90,-0.0283,0.2668,0.0002,-197.7171,558.5547,0.4988,,,,,,,
35.3040,0,0,-11,-96,-0.0170,0.1493,0.0021,-197.8035,558.6776,0.5009,,,,,,,
35.3102,,,,,,,,,,,-111.0556,607.6451,0.2874,-0.3142,2.6486,0.0014,1
35.3141,-9,-78,0,0,-0.0143,0.1269,-0.0018,-197.8769,558.7821,0.4991,,,,,,,
35.3242,0,0,-11,-97,-0.0170,0.1508,0.0022,-197.9641,558.9063,0.5013,,,,,,,
35.3342,-6,-82,-8,-89,-0.0219,0.2718,0.0001,-198.1139,559.1341,0.5013,,,,,,,
35.3443,-7,-85,0,0,-0.0111,0.1383,-0.0020,-198.1900,559.2501,0.4994,,,,,,,
35.3544,0,0,-6,-91,-0.0093,0.1415,0.0020,-198.2660,559.3698,0.5014,,,,,,,
35.3645,-1,-84,0,0,-0.0016,0.1367,-0.0020,-198.3330,559.4890,0.4994,,,,,,,
35.3746,-3,-90,-7,-101,-0.0156,0.3034,0.0002,-198.4920,559.7479,0.4996,,,,,,,
35.3847,0,0,-9,-101,-0.0139,0.1570,0.0022,-198.5796,559.8790,0.5018,,,,,,,
35.3947,-4,-82,0,0,-0.0064,0.1334,-0.0019,-198.6492,559.9929,0.4999,,,,,,,
35.4048,0,0,-8,-97,-0.0123,0.1508,0.0022,-198.7324,560.1193,0.5021,,,,,,,
35.4150,-6,-81,-12,-95,-0.0280,0.2795,0.0002,-198.8916,560.3507,0.5023,,,,,,,
35.4250,-9,-89,0,0,-0.0143,0.1448,-0.0021,-198.9737,560.4708,0.5002,,,,,,,
35.4351,0,0,-10,-102,-0.0154,0.1586,0.0023,-199.0634,560.6025,0.5025,,,,,,,
35.4452,-9,-81,0,0,-0.0143,0.1318,-0.0019,-199.1393,560.7112,0.5006,,,,,,,
35.4454,,,,,,,,,,,-110.9466,610.0203,0.2894,0.7779,2.2469,0.0020,1
35.4553,-10,-79,-10,-99,-0.0313,0.2824,0.0004,-199.3024,560.9439,0.5010,,,,,,,
35.4654,0,0,-17,-100,-0.0262,0.1555,0.0022,-199.4002,561.0675,0.5032,,,,,,,
35.4755,-11,-91,0,0,-0.0175,0.1480,-0.0021,-199.4868,561.1889,0.5011,,,,,,,
35.4857,-13,-86,-17,-104,-0.0469,0.3016,0.0003,-199.6729,561.4309,0.5014,,,,,,,
35.4958,0,0,-11,-101,-0.0170,0.1570,0.0022,-199.7634,561.5603,0.5037,,,,,,,
35.5058,-7,-81,0,0,-0.0111,0.1318,-0.0019,-199.8366,561.6704,0.5018,,,,,,,
35.5159,0,0,-8,-99,-0.0123,0.1539,0.0022,-199.9216,561.7993,0.5040,,,,,,,
35.5260,-3,-81,-13,-100,-0.0248,0.2873,0.0003,-200.0821,562.0389,0.5043,,,,,,,
35.5361,-11,-86,0,0,-0.0175,0.1399,-0.0020,-200.1649,562.1530,0.5023,,,,,,,
35.5462,0,0,-10,-102,-0.0154,0.1586,0.0023,-200.2549,562.2845,0.5046,,,,,,,
35.5563,-10,-75,0,0,-0.0159,0.1220,-0.0017,-200.3277,562.3836,0.5028,,,,,,,
35.5663,-12,-79,-14,-100,-0.0407,0.2840,0.0004,-200.5003,562.6128,0.5032,,,,,,,
35.5764,0,0,-18,-110,-0.0278,0.1710,0.0024,-200.6072,562.7492,0.5057,,,,,,,
35.5865,-11,-85,0,0,-0.0175,0.1383,-0.0020,-200.6894,562.8617,0.5037,,,,,,,
35.5920,,,,,,,,,,,-111.6437,612.1791,0.2907,-0.0520,2.2679,0.0013,1
35.5966,0,0,-11,-96,-0.0170,0.1493,0.0021,-200.7764,562.9842,0.5058,,,,,,,
35.6067,-10,-76,-13,-96,-0.0359,0.2729,0.0004,-200.9401,563.2055,0.5062,,,,,,,
35.6168,-13,-86,0,0,-0.0207,0.1399,-0.0020,-201.0259,563.3179,0.5042,,,,,,,
35.6268,0,0,-14,-102,-0.0216,0.1586,0.0023,-201.1216,563.4462,0.5064,,,,,,,
35.6369,-10,-71,0,0,-0.0159,0.1155,-0.0017,-201.1915,563.5396,0.5048,,,,,,,
35.6470,-5,-67,-11,-77,-0.0249,0.2287,0.0002,-201.3239,563.7277,0.5050,,,,,,,
35.6571,0,0,-10,-96,-0.0154,0.1493,0.0021,-201.4097,563.8508,0.5071,,,,,,,
35.6672,-4,-79,0,0,-0.0064,0.1285,-0.0018,-201.4776,563.9601,0.5052,,,,,,,
35.6773,0,0,-16,-103,-0.0247,0.1601,0.0023,-201.5769,564.0882,0.5075,,,,,,,
35.6873,-7,-76,-6,-93,-0.0204,0.2682,0.0003,-201.7251,564.3126,0.5078,,,,,,,
35.6974,-6,-79,0,0,-0.0095,0.1285,-0.0018,-201.7958,564.4204,0.5060,,,,,,,
35.7075,0,0,-11,-102,-0.0170,0.1586,0.0023,-201.8877,564.5508,0.5083,,,,,,,
35.7176,-9,-92,-7,-89,-0.0251,0.2880,-0.0002,-202.0497,564.7902,0.5081,,,,,,,
35.7277,-4,-76,0,0,-0.0064,0.1236,-0.0018,-202.1154,564.8952,0.5063,,,,,,,
35.7288,,,,,,,,,,,-112.6412,614.5703,0.2935,-0.2702,2.5768,0.0028,1
35.7378,0,0,-11,-95,-0.0170,0.1477,0.0021,-202.2020,565.0160,0.5084,,,,,,,
35.7479,-10,-81,0,0,-0.0159,0.1318,-0.0019,-202.2799,565.1235,0.5066,,,,,,,
35.7580,-4,-74,-11,-102,-0.0233,0.2790,0.0005,-202.4357,565.3560,0.5071,,,,,,,
35.7681,0,0,-9,-82,-0.0139,0.1275,0.0018,-202.5099,565.4607,0.5089,,,,,,,
35.7781,-6,-71,0,0,-0.0095,0.1155,-0.0017,-202.5744,565.5570,0.5073,,,,,,,
35.7882,0,0,-12,-101,-0.0185,0.1570,0.0022,-202.6670,565.6851,0.5095,,,,,,,
35.7983,-13,-91,-9,-96,-0.0346,0.2973,0.0000,-202.8422,565.9278,0.5095,,,,,,,
35.8085,-5,-77,0,0,-0.0080,0.1253,-0.0018,-202.9101,566.0333,0.5078,,,,,,,
35.8186,0,0,-16,-105,-0.0247,0.1632,0.0023,-203.0112,566.1639,0.5101,,,,,,,
35.8287,-10,-81,0,0,-0.0159,0.1318,-0.0019,-203.0893,566.2712,0.5082,,,,,,,
35.8387,-10,-84,-14,-104,-0.0375,0.2984,0.0004,-203.2673,566.5136,0.5086,,,,,,,
35.8488,0,0,-10,-100,-0.0154,0.1555,0.0022,-203.3566,566.6417,0.5108,,,,,,,
35.8589,-10,-81,0,0,-0.0159,0.1318,-0.0019,-203.4348,566.7490,0.5089,,,,,,,
35.8651,,,,,,,,,,,-114.6118,617.6354,0.2945,-0.9995,3.5041,0.0010,1
35.8690,0,0,-12,-105,-0.0185,0.1632,0.0023,-203.5307,566.8824,0.5112,,,,,,,
35.8791,-12,-86,-11,-99,-0.0360,0.2938,0.0002,-203.7059,567.1210,0.5114,,,,,,,
35.8891,-4,-77,0,0,-0.0064,0.1253,-0.0018,-203.7726,567.2272,0.5096,,,,,,,
35.8992,0,0,-10,-90,-0.0154,0.1399,0.0020,-203.8545,567.3418,0.5116,,,,,,,
35.9093,-11,-79,0,0,-0.0175,0.1285,-0.0018,-203.9326,567.4453,0.5098,,,,,,,
35.9194,-13,-80,-16,-110,-0.0453,0.3012,0.0006,-204.1192,567.6860,0.5104,,,,,,,
35.9295,0,0,-13,-89,-0.0200,0.1384,0.0020,-204.2044,567.7969,0.5124,,,,,,,
35.9395,-10,-71,0,0,-0.0159,0.1155,-0.0017,-204.2748,567.8898,0.5107,,,,,,,
35.9496,-12,-83,-17,-98,-0.0453,0.2874,0.0002,-204.4548,568.1184,0.5110,,,,,,,
35.9597,0,0,-15,-111,-0.0231,0.1726,0.0025,-204.5596,568.2575,0.5134,,,,,,,
35.9698,-12,-87,0,0,-0.0191,0.1415,-0.0020,-204.6456,568.3715,0.5114,,,,,,,
35.9799,0,0,-11,-95,-0.0170,0.1477,0.0021,-204.7328,568.4919,0.5135,,,,,,,
35.9899,-5,-78,-13,-109,-0.0280,0.2964,0.0006,-204.9028,568.7362,0.5141,,,,,,,
36.0000,-10,-86,0,0,-0.0159,0.1399,-0.0020,-204.9854,568.8503,0.5121,,,,,,,
36.0102,0,0,-10,-102,-0.0154,0.1586,0.0023,-205.0767,568.9809,0.5144,,,,,,,
36.0103,,,,,,,,,,,-115.9662,620.4772,0.2961,-0.4712,3.1126,0.0016,1
36.0202,-8,-82,0,0,-0.0127,0.1334,-0.0019,-205.1533,569.0909,0.5125,,,,,,,
36.0303,-8,-78,-8,-89,-0.0251,0.2653,0.0002,-205.3052,569.3097,0.5126,,,,,,,
36.0404,0,0,-13,-98,-0.0200,0.1524,0.0022,-205.3975,569.4326,0.5148,,,,,,,
36.0505,-8,-84,0,0,-0.0127,0.1367,-0.0020,-205.4758,569.5453,0.5129,,,,,,,
36.0606,0,0,-6,-94,-0.0093,0.1461,0.0021,-205.5557,569.6681,0.5150,,,,,,,
36.0706,-6,-71,-10,-91,-0.0250,0.2570,0.0004,-205.7040,569.8794,0.5153,,,,,,,
36.0807,-6,-77,0,0,-0.0095,0.1253,-0.0018,-205.7740,569.9838,0.5135,,,,,,,
36.0908,0,0,-11,-101,-0.0170,0.1570,0.0022,-205.8660,570.1121,0.5158,,,,,,,
36.1009,-8,-73,0,0,-0.0127,0.1188,-0.0017,-205.9356,570.2092,0.5141,,,,,,,
36.1110,-8,-66,-11,-83,-0.0297,0.2364,0.0003,-206.0777,570.4004,0.5144,,,,,,,
36.1211,0,0,-12,-89,-0.0185,0.1384,0.0020,-206.1620,570.5117,0.5164,,,,,,,
36.1311,-12,-74,0,0,-0.0191,0.1204,-0.0017,-206.2380,570.6070,0.5147,,,,,,,
36.1412,0,0,-13,-97,-0.0200,0.1508,0.0022,-206.3298,570.7284,0.5168,,,,,,,
36.1463,,,,,,,,,,,-116.8329,622.4450,0.2984,-0.2546,2.1351,0.0023,1
36.1513,-8,-76,-11,-96,-0.0297,0.2729,0.0004,-206.4905,570.9509,0.5172,,,,,,,
36.1614,-11,-81,0,0,-0.0175,0.1318,-0.0019,-206.5707,571.0569,0.5153,,,,,,,
36.1715,0,0,-10,-98,-0.0154,0.1524,0.0022,-206.6594,571.1818,0.5175,,,,,,,
36.1816,-5,-88,-10,-105,-0.0234,0.3064,0.0003,-206.8313,571.4365,0.5178,,,,,,,
36.1917,-5,-87,0,0,-0.0080,0.1415,-0.0020,-206.9081,571.5556,0.5157,,,,,,,
36.2018,0,0,-9,-105,-0.0139,0.1632,0.0023,-207.0009,571.6907,0.5181,,,,,,,
36.2119,-8,-89,0,0,-0.0127,0.1448,-0.0021,-207.0835,571.8102,0.5160,,,,,,,
36.2219,-5,-78,-10,-103,-0.0234,0.2870,0.0005,-207.2455,572.0483,0.5165,,,,,,,
36.2320,0,0,-11,-95,-0.0170,0.1477,0.0021,-207.3333,572.1683,0.5186,,,,,,,
36.2421,-8,-77,0,0,-0.0127,0.1253,-0.0018,-207.4064,572.2709,0.5168,,,,,,,
36.2522,0,0,-14,-103,-0.0216,0.1601,0.0023,-207.5044,572.3993,0.5191,,,,,,,
36.2622,-13,-78,-19,-106,-0.0500,0.2917,0.0005,-207.6926,572.6277,0.5196,,,,,,,
36.2723,-14,-76,0,0,-0.0223,0.1236,-0.0018,-207.7732,572.7241,0.5179,,,,,,,
36.2824,0,0,-15,-96,-0.0231,0.1493,0.0021,-207.8673,572.8422,0.5200,,,,,,,
36.2921,,,,,,,,,,,-117.5932,624.7970,0.2993,-0.0352,2.4716,0.0009,1
36.2925,-11,-76,0,0,-0.0175,0.1236,-0.0018,-207.9439,572.9409,0.5182,,,,,,,
36.3025,-10,-94,-18,-116,-0.0437,0.3333,0.0004,-208.1469,573.2087,0.5186,,,,,,,
36.3126,0,0,-13,-110,-0.0200,0.1710,0.0024,-208.2493,573.3472,0.5211,,,,,,,
36.3227,-7,-78,0,0,-0.0111,0.1269,-0.0018,-208.3220,573.4518,0.5192,,,,,,,
36.3328,0,0,-12,-92,-0.0185,0.1430,0.0020,-208.4092,573.5667,0.5213,,,,,,,
36.3428,-11,-79,-10,-106,-0.0329,0.2933,0.0005,-208.5838,573.8046,0.5218,,,,,,,
36.3529,-10,-78,0,0,-0.0159,0.1269,-0.0018,-208.6608,573.9068,0.5200,,,,,,,
36.3630,0,0,-12,-107,-0.0185,0.1664,0.0024,-208.7597,574.0419,0.5224,,,,,,,
36.3731,-5,-76,0,0,-0.0080,0.1236,-0.0018,-208.8282,574.1451,0.5206,,,,,,,
36.3832,-9,-71,-12,-92,-0.0328,0.2585,0.0004,-208.9853,574.3530,0.5210,,,,,,,
36.3932,0,0,-15,-105,-0.0231,0.1632,0.0023,-209.0867,574.4830,0.5233,,,,,,,
36.4033,-8,-83,0,0,-0.0127,0.1350,-0.0019,-209.1651,574.5937,0.5214,,,,,,,
36.4134,0,0,-12,-98,-0.0185,0.1524,0.0022,-209.2572,574.7165,0.5236,,,,,,,
36.4235,-9,-74,-12,-89,-0.0328,0.2588,0.0003,-209.4150,574.9241,0.5238,,,,,,,
36.4281,,,,,,,,,,,-119.1820,627.4325,0.3015,-0.7408,2.9869,0.0022,1
36.4335,-11,-66,0,0,-0.0175,0.1074,-0.0015,-209.4838,575.0084,0.5223,,,,,,,
36.4436,0,0,-9,-92,-0.0139,0.1430,0.0020,-209.5673,575.1254,0.5243,,,,,,,
36.4537,-8,-76,-11,-99,-0.0297,0.2776,0.0004,-209.7320,575.3507,0.5248,,,,,,,
36.4637,-7,-79,0,0,-0.0111,0.1285,-0.0018,-209.8060,575.4565,0.5229,,,,,,,
36.4738,0,0,-9,-95,-0.0139,0.1477,0.0021,-209.8919,575.5774,0.5250,,,,,,,
36.4839,-10,-79,0,0,-0.0159,0.1285,-0.0018,-209.9700,575.6807,0.5232,,,,,,,
36.4940,-1,-75,-5,-97,-0.0093,0.2728,0.0004,-210.1144,575.9124,0.5236,,,,,,,
36.5041,0,0,-6,-90,-0.0093,0.1399,0.0020,-210.1925,576.0288,0.5256,,,,,,,
36.5142,-4,-81,0,0,-0.0064,0.1318,-0.0019,-210.2640,576.1397,0.5237,,,,,,,
36.5242,0,0,-10,-103,-0.0154,0.1601,0.0023,-210.3576,576.2706,0.5260,,,,,,,
36.5343,-5,-81,-7,-86,-0.0187,0.2655,0.0000,-210.5071,576.4907,0.5261,,,,,,,
36.5444,-5,-79,0,0,-0.0080,0.1285,-0.0018,-210.5784,576.5980,0.5242,,,,,,,
36.5545,0,0,-11,-97,-0.0170,0.1508,0.0022,-210.6687,576.7199,0.5264,,,,,,,
36.5646,-11,-76,0,0,-0.0175,0.1236,-0.0018,-210.7459,576.8181,0.5246,,,,,,,
36.5746,-17,-87,-12,-101,-0.0455,0.2986,0.0002,-210.9349,577.0537,0.5248,,,,,,,
36.5760,,,,,,,,,,,-119.6953,629.6903,0.3035,0.1803,2.3083,0.0020,1
36.5847,0,0,-15,-107,-0.0231,0.1664,0.0024,-211.0384,577.1860,0.5272,,,,,,,
36.5948,-14,-79,0,0,-0.0223,0.1285,-0.0018,-211.1222,577.2859,0.5254,,,,,,,
36.6049,0,0,-16,-99,-0.0247,0.1539,0.0022,-211.2209,577.4066,0.5276,,,,,,,
36.6149,-12,-81,-15,-99,-0.0422,0.2857,0.0003,-211.4012,577.6321,0.5279,,,,,,,
36.6250,-14,-75,0,0,-0.0223,0.1220,-0.0017,-211.4818,577.7264,0.5261,,,,,,,
36.6351,0,0,-15,-101,-0.0231,0.1570,0.0022,-211.5808,577.8505,0.5284,,,,,,,
36.6451,-7,-82,0,0,-0.0111,0.1334,-0.0019,-211.6576,577.9601,0.5265,,,,,,,
36.6552,-10,-92,-9,-103,-0.0298,0.3098,0.0001,-211.8390,578.2130,0.5266,,,,,,,
36.6653,0,0,-9,-99,-0.0139,0.1539,0.0022,-211.9285,578.3390,0.5288,,,,,,,
36.6754,-4,-88,0,0,-0.0064,0.1432,-0.0020,-212.0061,578.4595,0.5268,,,,,,,
36.6854,0,0,-15,-112,-0.0231,0.1741,0.0025,-212.1139,578.5983,0.5293,,,,,,,
36.6956,-11,-89,-13,-109,-0.0375,0.3143,0.0004,-212.3050,578.8505,0.5296,,,,,,,
36.7056,-9,-91,0,0,-0.0143,0.1480,-0.0021,-212.3920,578.9711,0.5275,,,,,,,
36.7148,,,,,,,,,,,-119.6047,631.4026,0.3071,0.5982,1.6069,0.0036,1
36.7157,0,0,-12,-102,-0.0185,0.1586,0.0023,-212.4880,579.0988,0.5298,,,,,,,
36.7258,-12,-83,-13,-103,-0.0391,0.2952,0.0004,-212.6709,579.3337,0.5301,,,,,,,
36.7359,-11,-81,0,0,-0.0175,0.1318,-0.0019,-212.7526,579.4386,0.5283,,,,,,,
36.7459,0,0,-11,-97,-0.0170,0.1508,0.0022,-212.8433,579.5602,0.5304,,,,,,,
36.7560,-15,-80,0,0,-0.0239,0.1301,-0.0019,-212.9297,579.6605,0.5285,,,,,,,
36.7661,-4,-89,-11,-105,-0.0233,0.3080,0.0003,-213.1052,579.9147,0.5288,,,,,,,
36.7762,0,0,-10,-99,-0.0154,0.1539,0.0022,-213.1963,580.0397,0.5310,,,,,,,
36.7863,-4,-84,0,0,-0.0064,0.1367,-0.0020,-213.2709,580.1544,0.5291,,,,,,,
36.7964,0,0,-4,-92,-0.0062,0.1430,0.0020,-213.3485,580.2747,0.5311,,,,,,,
36.8064,-2,-71,-7,-92,-0.0140,0.2585,0.0004,-213.4915,580.4905,0.5315,,,,,,,
36.8165,-6,-81,0,0,-0.0095,0.1318,-0.0019,-213.5665,580.5993,0.5296,,,,,,,
36.8266,0,0,-8,-103,-0.0123,0.1601,0.0023,-213.6582,580.7312,0.5319,,,,,,,
36.8367,-9,-83,0,0,-0.0143,0.1350,-0.0019,-213.7389,580.8404,0.5300,,,,,,,
36.8442,,,,,,,,,,,-121.1923,633.9513,0.3082,-0.7428,2.9095,0.0011,1
36.8467,-4,-87,-10,-103,-0.0218,0.3017,0.0003,-213.9102,581.0896,0.5302,,,,,,,
36.8568,0,0,-8,-89,-0.0123,0.1384,0.0020,-213.9909,581.2027,0.5322,,,,,,,
36.8669,-5,-76,0,0,-0.0080,0.1236,-0.0018,-214.0604,581.3053,0.5304,,,,,,,
36.8770,0,0,-9,-94,-0.0139,0.1461,0.0021,-214.1465,581.4242,0.5325,,,,,,,
36.8870,-7,-88,-7,-108,-0.0219,0.3111,0.0004,-214.3233,581.6811,0.5329,,,,,,,
36.8971,-5,-87,0,0,-0.0080,0.1415,-0.0020,-214.4020,581.7990,0.5309,,,,,,,
36.9072,0,0,-6,-87,-0.0093,0.1353,0.0019,-214.4785,581.9109,0.5328,,,,,,,
36.9173,0,-68,0,0,0.0000,0.1106,-0.0016,-214.5347,582.0062,0.5312,,,,,,,
36.9273,-10,-79,-6,-82,-0.0252,0.2560,-0.0000,-214.6860,582.2142,0.5312,,,,,,,
36.9374,0,0,-11,-120,-0.0170,0.1866,0.0027,-214.7954,582.3663,0.5339,,,,,,,
36.9475,-4,-100,0,0,-0.0064,0.1627,-0.0023,-214.8835,582.5033,0.5315,,,,,,,
36.9575,0,0,-9,-105,-0.0139,0.1632,0.0023,-214.9783,582.6368,0.5339,,,,,,,
36.9676,-9,-90,-14,-103,-0.0359,0.3066,0.0002,-215.1653,582.8825,0.5341,,,,,,,
36.9777,-12,-83,0,0,-0.0191,0.1350,-0.0019,-215.2503,582.9890,0.5321,,,,,,,
36.9878,0,0,-14,-108,-0.0216,0.1679,0.0024,-215.3543,583.1227,0.5345,,,,,,,
36.9930,,,,,,,,,,,-122.4197,636.3212,0.3090,-0.4507,2.6305,0.0008,1
36.9978,-10,-87,-13,-106,-0.0359,0.3063,0.0003,-215.5413,583.3679,0.5349,,,,,,,
37.0079,-14,-85,0,0,-0.0223,0.1383,-0.0020,-215.6309,583.4756,0.5329,,,,,,,
37.0181,0,0,-16,-110,-0.0247,0.1710,0.0024,-215.7392,583.6103,0.5353,,,,,,,
37.0281,-13,-86,0,0,-0.0207,0.1399,-0.0020,-215.8282,583.7202,0.5333,,,,,,,
37.0382,-5,-65,-13,-92,-0.0280,0.2488,0.0005,-215.9789,583.9201,0.5339,,,,,,,
37.0483,0,0,-12,-94,-0.0185,0.1461,0.0021,-216.0693,584.0364,0.5360,,,,,,,
37.0584,-16,-81,0,0,-0.0254,0.1318,-0.0019,-216.1584,584.1368,0.5341,,,,,,,
37.0684,0,0,-18,-113,-0.0278,0.1757,0.0025,-216.2718,584.2737,0.5366,,,,,,,
37.0785,-12,-93,-13,-108,-0.0391,0.3192,0.0002,-216.4687,584.5281,0.5368,,,,,,,
37.0886,-11,-76,0,0,-0.0175,0.1236,-0.0018,-216.5469,584.6254,0.5351,,,,,,,
37.0987,0,0,-14,-98,-0.0216,0.1524,0.0022,-216.6433,584.7454,0.5372,,,,,,,
37.1088,-11,-74,0,0,-0.0175,0.1204,-0.0017,-216.7198,584.8399,0.5355,,,,,,,
37.1188,-13,-82,-13,-98,-0.0407,0.2858,0.0003,-216.9007,585.0649,0.5358,,,,,,,
37.1289,0,0,-15,-111,-0.0231,0.1726,0.0025,-217.0089,585.2013,0.5383,,,,,,,
37.1298,,,,,,,,,,,-122.9877,638.6261,0.3120,0.1600,2.3684,0.0030,1
37.1390,-8,-90,0,0,-0.0127,0.1464,-0.0021,-217.0947,585.3206,0.5362,,,,,,,
37.1491,0,0,-8,-102,-0.0123,0.1586,0.0023,-217.1865,585.4506,0.5384,,,,,,,
37.1592,-5,-84,-7,-90,-0.0187,0.2766,0.0000,-217.3444,585.6784,0.5385,,,,,,,
37.1692,-5,-75,0,0,-0.0080,0.1220,-0.0017,-217.4137,585.7791,0.5367,,,,,,,
37.1793,0,0,-6,-100,-0.0093,0.1555,0.0022,-217.5013,585.9079,0.5390,,,,,,,
37.1894,-8,-86,0,0,-0.0127,0.1399,-0.0020,-217.5839,586.0215,0.5370,,,,,,,
37.1995,-6,-92,-12,-108,-0.0280,0.3176,0.0003,-217.7705,586.2801,0.5372,,,,,,,
37.2095,0,0,-14,-105,-0.0216,0.1632,0.0023,-217.8727,586.4091,0.5395,,,,,,,
37.2196,-10,-74,0,0,-0.0159,0.1204,-0.0017,-217.9482,586.5043,0.5378,,,,,,,
37.2297,0,0,-9,-98,-0.0139,0.1524,0.0022,-218.0383,586.6280,0.5400,,,,,,,
37.2398,0,0,-12,-105,-0.0185,0.1632,0.0023,-218.1382,586.7584,0.5423,,,,,,,
37.2499,-10,-82,0,0,-0.0159,0.1334,-0.0019,-218.2206,586.8645,0.5404,,,,,,,
37.2599,0,0,-12,-106,-0.0185,0.1648,0.0024,-218.3214,586.9962,0.5428,,,,,,,
37.2700,-9,-84,-8,-95,-0.0266,0.2844,0.0002,-218.4911,587.2259,0.5429,,,,,,,
37.2746,,,,,,,,,,,-124.1986,641.7461,0.3128,-0.1946,3.3411,0.0008,1
37.2801,-8,-167,0,0,-0.0127,0.2717,-0.0039,-218.6419,587.4522,0.5391,,,,,,,
37.2902,0,0,-4,-97,-0.0062,0.1508,0.0022,-218.7248,587.5784,0.5412,,,,,,,
37.3002,-4,-79,0,0,-0.0064,0.1285,-0.0018,-218.7964,587.6853,0.5394,,,,,,,
37.3103,-8,-82,-11,-106,-0.0297,0.2982,0.0004,-218.9750,587.9259,0.5398,,,,,,,
37.3204,0,0,-8,-96,-0.0123,0.1493,0.0021,-219.0625,588.0475,0.5420,,,,,,,
37.3305,-6,-74,0,0,-0.0095,0.1204,-0.0017,-219.1327,588.1458,0.5402,,,,,,,
37.3406,0,0,-10,-101,-0.0154,0.1570,0.0022,-219.2268,588.2724,0.5425,,,,,,,
37.3507,-13,-90,-12,-107,-0.0392,0.3128,0.0003,-219.4219,588.5200,0.5428,,,,,,,
37.3607,-9,-79,0,0,-0.0143,0.1285,-0.0018,-219.5004,588.6228,0.5409,,,,,,,
37.3708,0,0,-13,-97,-0.0200,0.1508,0.0022,-219.5954,588.7416,0.5431,,,,,,,
37.3809,-12,-78,0,0,-0.0191,0.1269,-0.0018,-219.6772,588.8405,0.5413,,,,,,,
37.3910,-10,-90,-13,-111,-0.0359,0.3190,0.0004,-219.8724,589.0953,0.5416,,,,,,,
37.4010,0,0,-14,-109,-0.0216,0.1695,0.0024,-219.9784,589.2292,0.5441,,,,,,,
37.4097,,,,,,,,,,,-124.4330,643.9160,0.3153,0.4447,2.1368,0.0025,1
37.4111,-7,-89,0,0,-0.0111,0.1448,-0.0021,-220.0628,589.3475,0.5420,,,,,,,
37.4212,0,0,-11,-104,-0.0170,0.1617,0.0023,-220.1609,589.4771,0.5443,,,,,,,
37.4313,-14,-86,-12,-110,-0.0408,0.3109,0.0004,-220.3568,589.7220,0.5448,,,,,,,
37.4414,-11,-83,0,0,-0.0175,0.1350,-0.0019,-220.4417,589.8285,0.5428,,,,,,,
37.4514,0,0,-13,-113,-0.0200,0.1757,0.0025,-220.5497,589.9684,0.5453,,,,,,,
37.4615,-9,-81,0,0,-0.0143,0.1318,-0.0019,-220.6302,590.0737,0.5435,,,,,,,
37.4716,-12,-84,-15,-106,-0.0422,0.3015,0.0004,-220.8223,590.3099,0.5439,,,,,,,
37.4817,0,0,-11,-100,-0.0170,0.1555,0.0022,-220.9174,590.4340,0.5461,,,,,,,
37.4918,-9,-79,0,0,-0.0143,0.1285,-0.0018,-220.9963,590.5365,0.5442,,,,,,,
37.5019,-11,-81,-15,-102,-0.0406,0.2904,0.0004,-221.1814,590.7638,0.5446,,,,,,,
37.5120,0,0,-13,-101,-0.0200,0.1570,0.0022,-221.2801,590.8877,0.5469,,,,,,,
37.5220,-14,-83,0,0,-0.0223,0.1350,-0.0019,-221.3692,590.9915,0.5449,,,,,,,
37.5321,0,0,-12,-96,-0.0185,0.1493,0.0021,-221.4625,591.1095,0.5471,,,,,,,
37.5422,-12,-71,-12,-91,-0.0376,0.2570,0.0004,-221.6283,591.3094,0.5474,,,,,,,
37.5439,,,,,,,,,,,-126.0601,646.2554,0.3165,-0.8214,2.7286,0.0012,1
37.5523,-12,-80,0,0,-0.0191,0.1301,-0.0019,-221.7123,591.4106,0.5456,,,,,,,
37.5623,0,0,-13,-107,-0.0200,0.1664,0.0024,-221.8159,591.5423,0.5480,,,,,,,
37.5724,-6,-83,0,0,-0.0095,0.1350,-0.0019,-221.8943,591.6527,0.5460,,,,,,,
37.5825,-6,-81,-8,-93,-0.0219,0.2764,0.0002,-222.0565,591.8775,0.5462,,,,,,,
37.5926,0,0,-11,-105,-0.0170,0.1632,0.0023,-222.1560,592.0080,0.5485,,,,,,,
37.6026,-8,-88,0,0,-0.0127,0.1432,-0.0020,-222.2414,592.1237,0.5465,,,,,,,
37.6127,0,0,-5,-97,-0.0077,0.1508,0.0022,-222.3265,592.2484,0.5487,,,,,,,
37.6228,-1,-81,-4,-86,-0.0078,0.2655,0.0000,-222.4715,592.4709,0.5487,,,,,,,
37.6329,-6,-83,0,0,-0.0095,0.1350,-0.0019,-222.5500,592.5812,0.5468,,,,,,,
37.6430,0,0,-10,-104,-0.0154,0.1617,0.0023,-222.6474,592.7112,0.5491,,,,,,,
37.6530,-6,-87,0,0,-0.0095,0.1415,-0.0020,-222.7293,592.8270,0.5470,,,,,,,
37.6631,-6,-73,-8,-94,-0.0219,0.2649,0.0004,-222.8858,593.0419,0.5474,,,,,,,
37.6732,0,0,-12,-92,-0.0185,0.1430,0.0020,-222.9762,593.1543,0.5495,,,,,,,
37.6832,-10,-84,0,0,-0.0159,0.1367,-0.0020,-223.0610,593.2626,0.5475,,,,,,,
37.6927,,,,,,,,,,,-126.6983,649.0769,0.3186,0.2716,2.8800,0.0021,1
37.6933,0,0,-12,-105,-0.0185,0.1632,0.0023,-223.1619,593.3922,0.5499,,,,,,,
37.7034,-8,-83,-11,-96,-0.0297,0.2843,0.0002,-223.3358,593.6191,0.5501,,,,,,,
37.7135,-22,-67,0,0,-0.0350,0.1090,-0.0016,-223.4226,593.6938,0.5485,,,,,,,
37.7235,0,0,-14,-109,-0.0216,0.1695,0.0024,-223.5295,593.8270,0.5509,,,,,,,
37.7336,-21,-78,0,0,-0.0334,0.1269,-0.0018,-223.6243,593.9177,0.5491,,,,,,,
37.7437,-6,-90,-12,-104,-0.0280,0.3081,0.0002,-223.8091,594.1659,0.5493,,,,,,,
37.7538,0,0,-9,-108,-0.0139,0.1679,0.0024,-223.9087,594.3017,0.5517,,,,,,,
37.7639,-8,-84,0,0,-0.0127,0.1367,-0.0020,-223.9911,594.4115,0.5498,,,,,,,
37.7740,-6,-84,-9,-105,-0.0234,0.2999,0.0004,-224.1678,594.6549,0.5502,,,,,,,
37.7840,0,0,-10,-97,-0.0154,0.1508,0.0022,-224.2599,594.7753,0.5523,,,,,,,
37.7941,-14,-90,0,0,-0.0223,0.1464,-0.0021,-224.3556,594.8884,0.5502,,,,,,,
37.8042,0,0,-17,-109,-0.0262,0.1695,0.0024,-224.4667,595.0190,0.5526,,,,,,,
37.8143,-11,-91,-12,-107,-0.0360,0.3144,0.0003,-224.6624,595.2677,0.5529,,,,,,,
37.8243,-7,-84,0,0,-0.0111,0.1367,-0.0020,-224.7435,595.3782,0.5509,,,,,,,
37.8299,,,,,,,,,,,-128.5807,651.2347,0.3207,-1.1119,2.6388,0.0022,1
37.8344,0,0,-15,-101,-0.0231,0.1570,0.0022,-224.8456,595.4998,0.5532,,,,,,,
37.8445,-13,-77,0,0,-0.0207,0.1253,-0.0018,-224.9289,595.5956,0.5514,,,,,,,
37.8546,-9,-85,-18,-102,-0.0421,0.2969,0.0003,-225.1203,595.8264,0.5517,,,,,,,
37.8646,0,0,-11,-97,-0.0170,0.1508,0.0022,-225.2139,595.9458,0.5538,,,,,,,
37.8747,-9,-82,0,0,-0.0143,0.1334,-0.0019,-225.2962,596.0519,0.5519,,,,,,,
37.8848,0,0,-11,-98,-0.0170,0.1524,0.0022,-225.3906,596.1726,0.5541,,,,,,,
37.8949,-8,-87,-7,-96,-0.0235,0.2908,0.0001,-225.5636,596.4075,0.5542,,,,,,,
37.9049,-4,-78,0,0,-0.0064,0.1269,-0.0018,-225.6357,596.5121,0.5524,,,,,,,
37.9150,0,0,-2,-92,-0.0031,0.1430,0.0020,-225.7135,596.6322,0.5545,,,,,,,
37.9251,-5,-90,0,0,-0.0080,0.1464,-0.0021,-225.7973,596.7526,0.5524,,,,,,,
37.9352,-8,-92,-7,-110,-0.0235,0.3207,0.0003,-225.9856,597.0132,0.5527,,,,,,,
37.9452,0,0,-10,-100,-0.0154,0.1555,0.0022,-226.0805,597.1373,0.5549,,,,,,,
37.9553,-6,-82,0,0,-0.0095,0.1334,-0.0019,-226.1588,597.2458,0.5530,,,,,,,
37.9654,0,0,-10,-86,-0.0154,0.1337,0.0019,-226.2422,597.3514,0.5549,,,,,,,
37.9751,,,,,,,,,,,-129.4633,654.1610,0.3216,0.0851,3.0553,0.0009,1
37.9755,-7,-69,-10,-93,-0.0266,0.2568,0.0005,-226.4002,597.5556,0.5554,,,,,,,
37.9855,-6,-76,0,0,-0.0095,0.1236,-0.0018,-226.4734,597.6557,0.5536,,,,,,,
37.9956,0,0,-10,-88,-0.0154,0.1368,0.0020,-226.5585,597.7639,0.5555,,,,,,,
38.0057,-8,-72,0,0,-0.0127,0.1171,-0.0017,-226.6310,597.8568,0.5539,,,,,,,
38.0158,-5,-74,-12,-96,-0.0265,0.2696,0.0004,-226.7954,598.0722,0.5543,,,,,,,
38.0259,0,0,-8,-95,-0.0123,0.1477,0.0021,-226.8838,598.1912,0.5564,,,,,,,
38.0360,-5,-74,0,0,-0.0080,0.1204,-0.0017,-226.9540,598.2893,0.5547,,,,,,,
38.0460,-7,-84,-7,-85,-0.0219,0.2688,-0.0001,-227.1142,598.5062,0.5546,,,,,,,
38.0561,0,0,-10,-104,-0.0154,0.1617,0.0023,-227.2126,598.6355,0.5569,,,,,,,
38.0662,-3,-88,0,0,-0.0048,0.1432,-0.0020,-227.2922,598.7546,0.5549,,,,,,,
38.0763,0,0,-7,-104,-0.0108,0.1617,0.0023,-227.3867,598.8862,0.5572,,,,,,,
38.0863,-8,-89,-9,-101,-0.0266,0.3018,0.0002,-227.5689,599.1283,0.5574,,,,,,,
38.0964,-11,-83,0,0,-0.0175,0.1350,-0.0019,-227.6551,599.2337,0.5554,,,,,,,
38.1065,0,0,-12,-102,-0.0185,0.1586,0.0023,-227.7546,599.3586,0.5577,,,,,,,
38.1109,,,,,,,,,,,-129.7149,655.7587,0.3237,0.2663,1.5954,0.0020,1
38.1166,-7,-79,0,0,-0.0111,0.1285,-0.0018,-227.8320,599.4618,0.5559,,,,,,,
38.1267,-12,-86,-9,-106,-0.0330,0.3047,0.0004,-228.0208,599.7032,0.5562,,,,,,,
38.1368,0,0,-13,-106,-0.0200,0.1648,0.0024,-228.1250,599.8325,0.5586,,,,,,,
38.1468,-10,-83,0,0,-0.0159,0.1350,-0.0019,-228.2099,599.9386,0.5566,,,,,,,
38.1569,0,0,-10,-93,-0.0154,0.1446,0.0021,-228.2995,600.0532,0.5587,,,,,,,
38.1670,-5,-74,-10,-92,-0.0234,0.2634,0.0003,-228.4590,600.2641,0.5590,,,,,,,
38.1771,-15,-70,0,0,-0.0239,0.1139,-0.0016,-228.5396,600.3481,0.5574,,,,,,,
38.1871,0,0,-16,-112,-0.0247,0.1741,0.0025,-228.6528,600.4826,0.5599,,,,,,,
38.1972,-10,-87,0,0,-0.0159,0.1415,-0.0020,-228.7413,600.5942,0.5579,,,,,,,
38.2073,-11,-81,-10,-109,-0.0329,0.3012,0.0005,-228.9288,600.8323,0.5584,,,,,,,
38.2174,0,0,-12,-103,-0.0185,0.1601,0.0023,-229.0295,600.9582,0.5607,,,,,,,
38.2275,-6,-85,0,0,-0.0095,0.1383,-0.0020,-229.1110,601.0703,0.5587,,,,,,,
38.2375,0,0,-10,-110,-0.0154,0.1710,0.0024,-229.2149,601.2070,0.5612,,,,,,,
38.2476,-6,-89,-11,-105,-0.0265,0.3080,0.0003,-229.4013,601.4537,0.5614,,,,,,,
38.2577,-9,-80,0,0,-0.0143,0.1301,-0.0019,-229.4826,601.5563,0.5596,,,,,,,
38.2588,,,,,,,,,,,-130.8585,658.2365,0.3261,-0.2962,2.7128,0.0024,1
38.2678,0,0,-11,-104,-0.0170,0.1617,0.0023,-229.5829,601.6842,0.5619,,,,,,,
38.2778,-7,-77,0,0,-0.0111,0.1253,-0.0018,-229.6590,601.7844,0.5601,,,,,,,
38.2879,-5,-75,-9,-94,-0.0218,0.2682,0.0003,-229.8200,602.0000,0.5604,,,,,,,
38.2980,0,0,-6,-97,-0.0093,0.1508,0.0022,-229.9081,602.1227,0.5626,,,,,,,
38.3081,-8,-85,0,0,-0.0127,0.1383,-0.0020,-229.9926,602.2330,0.5606,,,,,,,
38.3181,-1,-84,-11,-108,-0.0186,0.3046,0.0004,-230.1703,602.4810,0.5611,,,,,,,
38.3282,0,0,-8,-98,-0.0123,0.1524,0.0022,-230.2619,602.6033,0.5632,,,,,,,
38.3383,-7,-78,0,0,-0.0111,0.1269,-0.0018,-230.3390,602.7048,0.5614,,,,,,,
38.3484,0,0,-12,-100,-0.0185,0.1555,0.0022,-230.4376,602.8264,0.5636,,,,,,,
38.3584,-6,-81,-6,-92,-0.0188,0.2748,0.0002,-230.6003,603.0487,0.5638,,,,,,,
38.3685,-2,-83,0,0,-0.0032,0.1350,-0.0019,-230.6750,603.1612,0.5619,,,,,,,
38.3786,0,0,-2,-100,-0.0031,0.1555,0.0022,-230.7606,603.2910,0.5641,,,,,,,
38.3886,-2,-83,0,0,-0.0032,0.1350,-0.0019,-230.8354,603.4035,0.5622,,,,,,,
38.3929,,,,,,,,,,,-132.2238,660.7516,0.3266,-0.4878,2.8198,0.0005,1
38.3987,-4,-84,-8,-101,-0.0187,0.2937,0.0003,-231.0078,603.6420,0.5625,,,,,,,
38.4088,0,0,-7,-94,-0.0108,0.1461,0.0021,-231.0950,603.7598,0.5645,,,,,,,
38.4189,-2,-79,0,0,-0.0032,0.1285,-0.0018,-231.1663,603.8667,0.5627,,,,,,,
38.4289,0,0,-7,-91,-0.0108,0.1415,0.0020,-231.2511,603.9805,0.5647,,,,,,,
38.4390,-14,-82,-14,-107,-0.0439,0.2998,0.0005,-231.4486,604.2102,0.5652,,,,,,,
38.4491,-7,-92,0,0,-0.0111,0.1497,-0.0021,-231.5380,604.3308,0.5631,,,,,,,
38.4592,0,0,-12,-104,-0.0185,0.1617,0.0023,-231.6401,604.4575,0.5654,,,,,,,
38.4693,-10,-77,0,0,-0.0159,0.1253,-0.0018,-231.7206,604.5548,0.5636,,,,,,,
38.4793,-14,-83,-15,-100,-0.0454,0.2905,0.0003,-231.9142,604.7761,0.5639,,,,,,,
38.4894,0,0,-18,-103,-0.0278,0.1601,0.0023,-232.0234,604.8965,0.5662,,,,,,,
38.4995,-17,-78,0,0,-0.0270,0.1269,-0.0018,-232.1142,604.9892,0.5644,,,,,,,
38.5095,0,0,-15,-98,-0.0231,0.1524,0.0022,-232.2153,605.1054,0.5665,,,,,,,
38.5196,-10,-83,-16,-104,-0.0406,0.2967,0.0004,-232.4089,605.3340,0.5669,,,,,,,
38.5292,,,,,,,,,,,-132.5978,663.3483,0.3287,0.4788,2.5794,0.0021,1
38.5297,-12,-91,0,0,-0.0191,0.1480,-0.0021,-232.5043,605.4487,0.5648,,,,,,,
38.5398,0,0,0,0,0.0000,0.0000,0.0000,-232.5043,605.4487,0.5648,,,,,,,
38.5498,-10,-81,0,0,-0.0159,0.1318,-0.0019,-232.5882,605.5516,0.5629,,,,,,,
38.5599,-9,-88,-13,-103,-0.0344,0.3033,0.0002,-232.7791,605.7897,0.5632,,,,,,,
38.5700,0,0,-11,-104,-0.0170,0.1617,0.0023,-232.8800,605.9173,0.5655,,,,,,,
38.5801,-11,-87,0,0,-0.0175,0.1415,-0.0020,-232.9705,606.0275,0.5634,,,,,,,
38.5901,-13,-84,-23,-211,-0.0561,0.4647,0.0027,-233.2666,606.3900,0.5662,,,,,,,
38.6002,0,0,-15,-109,-0.0231,0.1695,0.0024,-233.3772,606.5205,0.5686,,,,,,,
38.6103,-8,-89,0,0,-0.0127,0.1448,-0.0021,-233.4658,606.6357,0.5665,,,,,,,
38.6204,0,0,-12,-106,-0.0185,0.1648,0.0024,-233.5700,606.7647,0.5689,,,,,,,
38.6304,-9,-85,-12,-96,-0.0328,0.2875,0.0002,-233.7525,606.9893,0.5690,,,,,,,
38.6405,-11,-83,0,0,-0.0175,0.1350,-0.0019,-233.8399,607.0937,0.5671,,,,,,,
38.6506,0,0,-13,-103,-0.0200,0.1601,0.0023,-233.9430,607.2179,0.5694,,,,,,,
38.6606,-12,-90,0,0,-0.0191,0.1464,-0.0021,-234.0379,607.3310,0.5673,,,,,,,
38.6707,-10,-75,-10,-98,-0.0313,0.2744,0.0004,-234.2118,607.5456,0.5677,,,,,,,
38.6761,,,,,,,,,,,-133.0967,665.5596,0.3314,0.2416,2.2540,0.0027,1
38.6808,0,0,-14,-97,-0.0216,0.1508,0.0022,-234.3112,607.6610,0.5699,,,,,,,
38.6909,-11,-82,0,0,-0.0175,0.1334,-0.0019,-234.3978,607.7640,0.5680,,,,,,,
38.7009,0,0,-10,-96,-0.0154,0.1493,0.0021,-234.4913,607.8814,0.5701,,,,,,,
38.7110,-4,-85,-7,-107,-0.0172,0.3046,0.0004,-234.6702,608.1285,0.5705,,,,,,,
38.7211,-5,-92,0,0,-0.0080,0.1497,-0.0021,-234.7576,608.2503,0.5684,,,,,,,
38.7312,0,0,-7,-99,-0.0108,0.1539,0.0022,-234.8497,608.3741,0.5706,,,,,,,
38.7412,-5,-86,0,0,-0.0080,0.1399,-0.0020,-234.9318,608.4877,0.5686,,,,,,,
38.7513,-5,-85,-6,-94,-0.0172,0.2844,0.0001,-235.0995,608.7181,0.5687,,,,,,,
38.7614,0,0,-10,-98,-0.0154,0.1524,0.0022,-235.1946,608.8380,0.5709,,,,,,,
38.7715,-7,-82,0,0,-0.0111,0.1334,-0.0019,-235.2760,608.9443,0.5690,,,,,,,
38.7815,0,0,-12,-104,-0.0185,0.1617,0.0023,-235.3788,609.0705,0.5713,,,,,,,
38.7916,-11,-89,-10,-95,-0.0329,0.2925,0.0000,-235.5647,609.2987,0.5713,,,,,,,
38.8017,-8,-83,0,0,-0.0127,0.1350,-0.0019,-235.6483,609.4055,0.5694,,,,,,,
38.8114,,,,,,,,,,,-134.8999,668.1608,0.3326,-0.8588,3.0463,0.0013,1
38.8118,0,0,-12,-108,-0.0185,0.1679,0.0024,-235.7546,609.5368,0.5718,,,,,,,
38.8218,-10,-97,0,0,-0.0159,0.1578,-0.0023,-235.8532,609.6610,0.5695,,,,,,,
38.8319,-6,-94,-12,-107,-0.0280,0.3193,0.0002,-236.0490,609.9148,0.5697,,,,,,,
38.8420,0,0,-12,-108,-0.0185,0.1679,0.0024,-236.1553,610.0461,0.5721,,,,,,,
38.8521,-11,-89,0,0,-0.0175,0.1448,-0.0021,-236.2483,610.1584,0.5701,,,,,,,
38.8621,-11,-86,-13,-104,-0.0375,0.3016,0.0003,-236.4427,610.3920,0.5704,,,,,,,
38.8722,0,0,-11,-103,-0.0170,0.1601,0.0023,-236.5436,610.5176,0.5727,,,,,,,
38.8823,-6,-89,0,0,-0.0095,0.1448,-0.0021,-236.6300,610.6342,0.5706,,,,,,,
38.8924,0,0,-13,-119,-0.0200,0.1850,0.0026,-236.7470,610.7789,0.5732,,,,,,,
38.9024,-11,-77,-13,-103,-0.0375,0.2854,0.0005,-236.9333,610.9983,0.5737,,,,,,,
38.9125,-15,-69,0,0,-0.0239,0.1123,-0.0016,-237.0142,611.0797,0.5721,,,,,,,
38.9226,0,0,-13,-100,-0.0200,0.1555,0.0022,-237.1154,611.1994,0.5743,,,,,,,
38.9327,-13,-87,0,0,-0.0207,0.1415,-0.0020,-237.2095,611.3071,0.5723,,,,,,,
38.9428,-15,-83,-19,-106,-0.0532,0.2998,0.0004,-237.4167,611.5303,0.5728,,,,,,,
38.9528,0,0,-15,-98,-0.0231,0.1524,0.0022,-237.5188,611.6457,0.5749,,,,,,,
38.9577,,,,,,,,,,,-135.8244,670.9720,0.3336,0.0441,2.9590,0.0010,1
38.9629,-14,-75,0,0,-0.0223,0.1220,-0.0017,-237.6038,611.7361,0.5732,,,,,,,
38.9730,0,0,-19,-102,-0.0293,0.1586,0.0023,-237.7145,611.8533,0.5754,,,,,,,
38.9831,-17,-74,-16,-106,-0.0517,0.2852,0.0006,-237.9132,612.0644,0.5761,,,,,,,
38.9932,-9,-96,0,0,-0.0143,0.1562,-0.0022,-238.0101,612.1877,0.5739,,,,,,,
39.0033,0,0,-13,-97,-0.0200,0.1508,0.0022,-238.1089,612.3033,0.5760,,,,,,,
39.0134,-10,-80,0,0,-0.0159,0.1301,-0.0019,-238.1931,612.4039,0.5741,,,,,,,
39.0235,-11,-82,-11,-100,-0.0345,0.2889,0.0003,-238.3789,612.6277,0.5745,,,,,,,
39.0335,0,0,-7,-102,-0.0108,0.1586,0.0023,-238.4743,612.7549,0.5767,,,,,,,
39.0436,-3,-91,0,0,-0.0048,0.1480,-0.0021,-238.5589,612.8765,0.5746,,,,,,,
39.0537,0,0,-9,-98,-0.0139,0.1524,0.0022,-238.6535,612.9967,0.5768,,,,,,,
39.0637,-4,-78,-9,-83,-0.0202,0.2559,0.0000,-238.8100,613.2002,0.5768,,,,,,,
39.0738,-10,-75,0,0,-0.0159,0.1220,-0.0017,-238.8898,613.2939,0.5751,,,,,,,
39.0839,0,0,-10,-90,-0.0154,0.1399,0.0020,-238.9790,613.4028,0.5771,,,,,,,
39.0937,,,,,,,,,,,-136.6732,673.0255,0.3368,-0.1295,2.2182,0.0032,1
39.0940,-12,-80,0,0,-0.0191,0.1301,-0.0019,-239.0659,613.5016,0.5752,,,,,,,
39.1041,-12,-84,-11,-100,-0.0360,0.2921,0.0003,-239.2551,613.7270,0.5755,,,,,,,
39.1142,0,0,-8,-89,-0.0123,0.1384,0.0020,-239.3409,613.8363,0.5775,,,,,,,
39.1242,-7,-74,0,0,-0.0111,0.1204,-0.0017,-239.4158,613.9312,0.5757,,,,,,,
39.1343,-9,-73,-6,-91,-0.0236,0.2602,0.0003,-239.5773,614.1366,0.5761,,,,,,,
39.1444,0,0,-10,-96,-0.0154,0.1493,0.0021,-239.6717,614.2533,0.5782,,,,,,,
39.1545,-8,-86,0,0,-0.0127,0.1399,-0.0020,-239.7587,614.3636,0.5762,,,,,,,
39.1646,0,0,-7,-100,-0.0108,0.1555,0.0022,-239.8526,614.4880,0.5784,,,,,,,
39.1746,-3,-87,-7,-94,-0.0156,0.2877,0.0001,-240.0229,614.7203,0.5785,,,,,,,
39.1847,-9,-88,0,0,-0.0143,0.1432,-0.0020,-240.1130,614.8325,0.5764,,,,,,,
39.1948,0,0,-9,-97,-0.0139,0.1508,0.0022,-240.2070,614.9512,0.5786,,,,,,,
39.2049,-7,-90,0,0,-0.0111,0.1464,-0.0021,-240.2963,615.0678,0.5765,,,,,,,
39.2149,-13,-89,-13,-108,-0.0407,0.3127,0.0003,-240.5009,615.3078,0.5768,,,,,,,
39.2250,0,0,-15,-106,-0.0231,0.1648,0.0024,-240.6103,615.4332,0.5792,,,,,,,
39.2276,,,,,,,,,,,-137.7280,675.0867,0.3377,-0.3143,2.2940,0.0009,1
39.2351,-11,-94,0,0,-0.0175,0.1529,-0.0022,-240.7085,615.5517,0.5770,,,,,,,
39.2452,0,0,-9,-93,-0.0139,0.1446,0.0021,-240.7992,615.6652,0.5791,,,,,,,
39.2552,-12,-83,-15,-108,-0.0422,0.3029,0.0005,-241.0003,615.8956,0.5795,,,,,,,
39.2653,-11,-88,0,0,-0.0175,0.1432,-0.0020,-241.0933,616.0059,0.5775,,,,,,,
39.2754,0,0,-12,-98,-0.0185,0.1524,0.0022,-241.1921,616.1233,0.5797,,,,,,,
39.2854,-9,-82,0,0,-0.0143,0.1334,-0.0019,-241.2770,616.2272,0.5778,,,,,,,
39.2955,-9,-79,-12,-93,-0.0328,0.2731,0.0002,-241.4537,616.4380,0.5780,,,,,,,
39.3056,0,0,-10,-105,-0.0154,0.1632,0.0023,-241.5559,616.5662,0.5803,,,,,,,
39.3157,-13,-97,0,0,-0.0207,0.1578,-0.0023,-241.6596,616.6870,0.5781,,,,,,,
39.3258,0,0,-12,-105,-0.0185,0.1632,0.0023,-241.7645,616.8135,0.5804,,,,,,,
39.3358,-7,-88,-12,-104,-0.0296,0.3049,0.0003,-241.9565,617.0521,0.5807,,,,,,,
39.3459,-12,-87,0,0,-0.0191,0.1415,-0.0020,-242.0500,617.1601,0.5787,,,,,,,
39.3560,0,0,-13,-102,-0.0200,0.1586,0.0023,-242.1536,617.2818,0.5809,,,,,,,
39.3661,-9,-91,-14,-100,-0.0359,0.3035,0.0001,-242.3502,617.5158,0.5810,,,,,,,
39.3758,,,,,,,,,,,-139.9743,677.5785,0.3399,-1.2940,3.0952,0.0022,1
39.3761,-10,-80,0,0,-0.0159,0.1301,-0.0019,-242.4348,617.6159,0.5792,,,,,,,
39.3863,0,0,-11,-95,-0.0170,0.1477,0.0021,-242.5300,617.7302,0.5813,,,,,,,
39.3963,-11,-81,0,0,-0.0175,0.1318,-0.0019,-242.6169,617.8308,0.5794,,,,,,,
39.4064,-6,-75,-14,-90,-0.0311,0.2619,0.0003,-242.7864,618.0329,0.5796,,,,,,,
39.4165,0,0,-10,-93,-0.0154,0.1446,0.0021,-242.8786,618.1453,0.5817,,,,,,,
39.4266,-11,-76,0,0,-0.0175,0.1236,-0.0018,-242.9610,618.2391,0.5799,,,,,,,
39.4366,0,0,-14,-96,-0.0216,0.1493,0.0021,-243.0610,618.3520,0.5821,,,,,,,
39.4467,-9,-79,-11,-94,-0.0313,0.2747,0.0003,-243.2382,618.5642,0.5823,,,,,,,
39.4568,-10,-83,0,0,-0.0159,0.1350,-0.0019,-243.3256,618.6684,0.5804,,,,,,,
39.4669,0,0,-12,-94,-0.0185,0.1461,0.0021,-243.4213,618.7803,0.5825,,,,,,,
39.4770,-10,-80,0,0,-0.0159,0.1301,-0.0019,-243.5061,618.8803,0.5806,,,,,,,
39.4870,-7,-86,-10,-94,-0.0266,0.2861,0.0001,-243.6853,619.1049,0.5807,,,,,,,
39.4971,0,0,-9,-92,-0.0139,0.1430,0.0020,-243.7754,619.2168,0.5828,,,,,,,
39.5072,-6,-82,0,0,-0.0095,0.1334,-0.0019,-243.8567,619.3230,0.5809,,,,,,,
39.5124,,,,,,,,,,,-139.8432,680.3206,0.3423,1.0378,2.5415,0.0024,1
39.5173,0,0,-13,-101,-0.0200,0.1570,0.0022,-243.9598,619.4432,0.5831,,,,,,,
39.5273,-8,-92,-6,-93,-0.0220,0.2943,-0.0001,-244.1402,619.6767,0.5830,,,,,,,
39.5374,-5,-77,0,0,-0.0080,0.1253,-0.0018,-244.2157,619.7770,0.5812,,,,,,,
39.5475,0,0,-6,-87,-0.0093,0.1353,0.0019,-244.2978,619.8849,0.5832,,,,,,,
39.5576,-7,-84,0,0,-0.0111,0.1367,-0.0020,-244.3822,619.9929,0.5812,,,,,,,
39.5676,-8,-95,-12,-109,-0.0312,0.3240,0.0002,-244.5862,620.2466,0.5814,,,,,,,
39.5777,0,0,-14,-100,-0.0216,0.1555,0.0022,-244.6898,620.3645,0.5837,,,,,,,
39.5878,-12,-79,0,0,-0.0191,0.1285,-0.0018,-244.7765,620.4613,0.5818,,,,,,,
39.5979,0,0,-12,-95,-0.0185,0.1477,0.0021,-244.8732,620.5745,0.5839,,,,,,,
39.6080,-16,-82,-14,-110,-0.0470,0.3044,0.0005,-245.0803,620.8025,0.5845,,,,,,,
39.6181,-9,-89,0,0,-0.0143,0.1448,-0.0021,-245.1720,620.9154,0.5824,,,,,,,
39.6281,0,0,-12,-100,-0.0185,0.1555,0.0022,-245.2731,621.0350,0.5846,,,,,,,
39.6382,-11,-80,-16,-95,-0.0422,0.2779,0.0003,-245.4617,621.2434,0.5849,,,,,,,
39.6483,-8,-86,0,0,-0.0127,0.1399,-0.0020,-245.5494,621.3531,0.5829,,,,,,,
39.6573,,,,,,,,,,,-140.7859,682.7948,0.3428,-0.0574,2.6471,0.0005,1
39.6584,0,0,-9,-98,-0.0139,0.1524,0.0022,-245.6450,621.4726,0.5850,,,,,,,
39.6685,-11,-87,0,0,-0.0175,0.1415,-0.0020,-245.7376,621.5810,0.5830,,,,,,,
39.6785,-11,-92,-11,-113,-0.0345,0.3254,0.0004,-245.9456,621.8336,0.5834,,,,,,,
39.6886,0,0,-12,-112,-0.0185,0.1741,0.0025,-246.0571,621.9686,0.5859,,,,,,,
39.6987,-8,-93,0,0,-0.0127,0.1513,-0.0022,-246.1512,622.0877,0.5837,,,,,,,
39.7088,0,0,-11,-99,-0.0170,0.1539,0.0022,-246.2504,622.2067,0.5859,,,,,,,
39.7189,-9,-82,-11,-102,-0.0313,0.2920,0.0004,-246.4379,622.4327,0.5863,,,,,,,
39.7290,-13,-90,0,0,-0.0207,0.1464,-0.0021,-246.5360,622.5433,0.5842,,,,,,,
39.7390,0,0,-10,-104,-0.0154,0.1617,0.0023,-246.6382,622.6695,0.5865,,,,,,,
39.7491,-14,-75,0,0,-0.0223,0.1220,-0.0017,-246.7242,622.7589,0.5848,,,,,,,
39.7592,-17,-82,-12,-102,-0.0455,0.2920,0.0004,-246.9234,622.9772,0.5851,,,,,,,
39.7693,0,0,-13,-99,-0.0200,0.1539,0.0022,-247.0252,623.0944,0.5873,,,,,,,
39.7794,-8,-82,0,0,-0.0127,0.1334,-0.0019,-247.1097,623.1984,0.5854,,,,,,,
39.7894,0,0,-10,-97,-0.0154,0.1508,0.0022,-247.2060,623.3155,0.5876,,,,,,,
39.7957,,,,,,,,,,,-141.7972,684.5831,0.3462,-0.3514,2.0241,0.0034,1
39.7995,-8,-81,-12,-106,-0.0312,0.2966,0.0005,-247.3964,623.5450,0.5880,,,,,,,
39.8096,-6,-86,0,0,-0.0095,0.1399,-0.0020,-247.4819,623.6562,0.5860,,,,,,,
39.8197,0,0,-8,-102,-0.0123,0.1586,0.0023,-247.5800,623.7814,0.5883,,,,,,,
39.8298,-2,-86,0,0,-0.0032,0.1399,-0.0020,-247.6602,623.8961,0.5863,,,,,,,
39.8399,-5,-84,-7,-91,-0.0187,0.2781,0.0001,-247.8297,624.1174,0.5864,,,,,,,
39.8499,0,0,-9,-100,-0.0139,0.1555,0.0022,-247.9274,624.2391,0.5886,,,,,,,
39.8600,-3,-86,0,0,-0.0048,0.1399,-0.0020,-248.0089,624.3529,0.5866,,,,,,,
39.8702,-4,-87,-6,-94,-0.0156,0.2877,0.0001,-248.1812,624.5839,0.5867,,,,,,,
39.8802,0,0,-8,-95,-0.0123,0.1477,0.0021,-248.2733,624.6999,0.5888,,,,,,,
39.8903,-8,-75,0,0,-0.0127,0.1220,-0.0017,-248.3516,624.7944,0.5870,,,,,,,
39.9004,0,0,-8,-90,-0.0123,0.1399,0.0020,-248.4395,624.9040,0.5890,,,,,,,
39.9105,-11,-83,-11,-95,-0.0345,0.2827,0.0002,-248.6252,625.1199,0.5892,,,,,,,
39.9206,-10,-84,0,0,-0.0159,0.1367,-0.0020,-248.7143,625.2248,0.5873,,,,,,,
39.9302,,,,,,,,,,,-143.7638,687.2249,0.3475,-0.9536,3.1524,0.0013,1
39.9306,0,0,-12,-99,-0.0185,0.1539,0.0022,-248.8151,625.3426,0.5895,,,,,,,
39.9407,-10,-86,0,0,-0.0159,0.1399,-0.0020,-248.9060,625.4501,0.5875,,,,,,,
39.9508,-8,-83,-13,-99,-0.0328,0.2889,0.0003,-249.0934,625.6724,0.5877,,,,,,,
39.9609,0,0,-13,-102,-0.0200,0.1586,0.0023,-249.1982,625.7932,0.5900,,,,,,,
39.9710,-10,-89,0,0,-0.0159,0.1448,-0.0021,-249.2918,625.9047,0.5879,,,,,,,
39.9810,0,0,-11,-102,-0.0170,0.1586,0.0023,-249.3940,626.0272,0.5902,,,,,,,
39.9911,-9,-94,-8,-108,-0.0266,0.3208,0.0002,-249.5948,626.2789,0.5904,,,,,,,
40.0012,-5,-92,0,0,-0.0080,0.1497,-0.0021,-249.6846,626.3989,0.5883,,,,,,,
40.0113,0,0,-14,-105,-0.0216,0.1632,0.0023,-249.7933,626.5226,0.5906,,,,,,,
40.0214,-8,-89,0,0,-0.0127,0.1448,-0.0021,-249.8843,626.6359,0.5885,,,,,,,
40.0315,-9,-82,-12,-100,-0.0328,0.2889,0.0003,-250.0720,626.8579,0.5888,,,,,,,
40.0416,0,0,-13,-101,-0.0200,0.1570,0.0022,-250.1760,626.9772,0.5911,,,,,,,
40.0517,-9,-95,0,0,-0.0143,0.1546,-0.0022,-250.2739,627.0977,0.5889,,,,,,,
40.0618,0,0,-9,-99,-0.0139,0.1539,0.0022,-250.3711,627.2179,0.5911,,,,,,,
40.0718,-13,-88,-12,-99,-0.0392,0.2971,0.0002,-250.5692,627.4427,0.5912,,,,,,,
40.0763,,,,,,,,,,,-143.8386,689.2595,0.3501,0.6226,1.9384,0.0026,1
40.0819,-5,-79,0,0,-0.0080,0.1285,-0.0018,-250.6473,627.5450,0.5894,,,,,,,
40.0920,0,0,-12,-102,-0.0185,0.1586,0.0023,-250.7510,627.6665,0.5917,,,,,,,
40.1021,-15,-90,0,0,-0.0239,0.1464,-0.0021,-250.8524,627.7748,0.5896,,,,,,,
40.1122,-6,-93,-12,-106,-0.0280,0.3161,0.0002,-251.0514,628.0219,0.5898,,,,,,,
40.1222,0,0,-9,-105,-0.0139,0.1632,0.0023,-251.1539,628.1498,0.5921,,,,,,,
40.1323,-7,-95,0,0,-0.0111,0.1546,-0.0022,-251.2493,628.2719,0.5899,,,,,,,
40.1424,-7,-93,-10,-101,-0.0266,0.3083,0.0001,-251.4429,628.5133,0.5900,,,,,,,
40.1525,0,0,-7,-101,-0.0108,0.1570,0.0022,-251.5393,628.6377,0.5922,,,,,,,
40.1626,0,-86,0,0,0.0000,0.1399,-0.0020,-251.6173,628.7539,0.5902,,,,,,,
40.1727,0,0,-8,-86,-0.0123,0.1337,0.0019,-251.7021,628.8580,0.5921,,,,,,,
40.1827,-9,-77,-12,-101,-0.0328,0.2823,0.0005,-251.8869,629.0739,0.5926,,,,,,,
40.1929,-6,-85,0,0,-0.0095,0.1383,-0.0020,-251.9719,629.1834,0.5906,,,,,,,
40.2030,0,0,-5,-96,-0.0077,0.1493,0.0021,-252.0616,629.3029,0.5927,,,,,,,
40.2130,-4,-85,0,0,-0.0064,0.1383,-0.0020,-252.1440,629.4142,0.5908,,,,,,,
40.2133,,,,,,,,,,,-145.7683,692.5997,0.3517,-0.6669,3.7995,0.0016,1
40.2231,-2,-85,-8,-96,-0.0155,0.2875,0.0002,-252.3171,629.6443,0.5909,,,,,,,
40.2332,0,0,-8,-97,-0.0123,0.1508,0.0022,-252.4115,629.7626,0.5931,,,,,,,
40.2433,-3,-84,0,0,-0.0048,0.1367,-0.0020,-252.4917,629.8733,0.5911,,,,,,,
40.2534,0,0,-10,-88,-0.0154,0.1368,0.0020,-252.5808,629.9782,0.5931,,,,,,,
40.2634,-7,-76,-14,-103,-0.0327,0.2838,0.0005,-252.7666,630.1952,0.5936,,,,,,,
40.2735,-10,-105,0,0,-0.0159,0.1708,-0.0024,-252.8752,630.3281,0.5911,,,,,,,
40.2836,0,0,-6,-112,-0.0093,0.1741,0.0025,-252.9801,630.4674,0.5936,,,,,,,
40.2937,-1,-81,0,0,-0.0016,0.1318,-0.0019,-253.0550,630.5758,0.5918,,,,,,,
40.3038,-3,-78,-1,-79,-0.0063,0.2497,-0.0001,-253.1996,630.7795,0.5917,,,,,,,
40.3138,0,0,-11,-96,-0.0170,0.1493,0.0021,-253.2970,630.8938,0.5938,,,,,,,
40.3239,-7,-90,0,0,-0.0111,0.1464,-0.0021,-253.3881,631.0090,0.5917,,,,,,,
40.3340,0,0,-9,-114,-0.0139,0.1772,0.0025,-253.4986,631.1483,0.5943,,,,,,,
40.3441,-9,-91,-11,-100,-0.0313,0.3035,0.0001,-253.6945,631.3822,0.5944,,,,,,,
40.3542,-11,-80,0,0,-0.0175,0.1301,-0.0019,-253.7818,631.4803,0.5925,,,,,,,
40.3574,,,,,,,,,,,-146.5506,694.7492,0.3525,0.0061,2.2874,0.0007,1
40.3643,0,0,-13,-98,-0.0200,0.1524,0.0022,-253.8836,631.5954,0.5947,,,,,,,
40.3743,-9,-87,-11,-103,-0.0313,0.3017,0.0003,-254.0786,631.8278,0.5950,,,,,,,
40.3844,-12,-84,0,0,-0.0191,0.1367,-0.0020,-254.1709,631.9303,0.5930,,,,,,,
40.3945,0,0,-15,-103,-0.0231,0.1601,0.0023,-254.2797,632.0501,0.5953,,,,,,,
40.4046,-17,-80,0,0,-0.0270,0.1301,-0.0019,-254.3750,632.1428,0.5934,,,,,,,
40.4147,-11,-89,-16,-107,-0.0422,0.3111,0.0003,-254.5839,632.3771,0.5937,,,,,,,
40.4247,0,0,-9,-96,-0.0139,0.1493,0.0021,-254.6791,632.4930,0.5959,,,,,,,
40.4348,-9,-90,0,0,-0.0143,0.1464,-0.0021,-254.7730,632.6062,0.5938,,,,,,,
40.4449,0,0,-14,-111,-0.0216,0.1726,0.0025,-254.8876,632.7370,0.5962,,,,,,,
40.4550,-8,-94,-10,-108,-0.0281,0.3208,0.0002,-255.0911,632.9867,0.5965,,,,,,,
40.4651,-12,-80,0,0,-0.0191,0.1301,-0.0019,-255.1799,633.0837,0.5946,,,,,,,
40.4752,0,0,-14,-95,-0.0216,0.1477,0.0021,-255.2806,633.1939,0.5967,,,,,,,
40.4853,-11,-84,0,0,-0.0175,0.1367,-0.0020,-255.3718,633.2972,0.5948,,,,,,,
40.4929,,,,,,,,,,,-147.2697,697.0814,0.3538,0.1302,2.4370,0.0014,1
40.4954,-12,-80,-12,-102,-0.0376,0.2887,0.0004,-255.5647,633.5152,0.5952,,,,,,,
40.5055,0,0,-14,-97,-0.0216,0.1508,0.0022,-255.6673,633.6279,0.5973,,,,,,,
40.5155,-13,-87,0,0,-0.0207,0.1415,-0.0020,-255.7639,633.7334,0.5953,,,,,,,
40.5256,0,0,-12,-101,-0.0185,0.1570,0.0022,-255.8674,633.8529,0.5975,,,,,,,
40.5357,-8,-78,-7,-85,-0.0235,0.2590,0.0001,-256.0326,634.0538,0.5976,,,,,,,
40.5458,-5,-73,0,0,-0.0080,0.1188,-0.0017,-256.1059,634.1476,0.5959,,,,,,,
40.5559,0,0,-11,-81,-0.0170,0.1259,0.0018,-256.1907,634.2422,0.5977,,,,,,,
40.5659,-8,-72,0,0,-0.0127,0.1171,-0.0017,-256.2671,634.3320,0.5960,,,,,,,
40.5760,-8,-77,-12,-96,-0.0312,0.2745,0.0003,-256.4471,634.5416,0.5964,,,,,,,
40.5861,0,0,-10,-95,-0.0154,0.1477,0.0021,-256.5429,634.6550,0.5985,,,,,,,
40.5962,-6,-85,0,0,-0.0095,0.1383,-0.0020,-256.6286,634.7640,0.5965,,,,,,,
40.6063,-7,-83,-10,-92,-0.0266,0.2781,0.0001,-256.8068,634.9791,0.5966,,,,,,,
40.6163,0,0,-5,-96,-0.0077,0.1493,0.0021,-256.8971,635.0981,0.5988,,,,,,,
40.6264,-4,-85,0,0,-0.0064,0.1383,-0.0020,-256.9802,635.2089,0.5968,,,,,,,
40.6365,0,0,-6,-88,-0.0093,0.1368,0.0020,-257.0649,635.3167,0.5988,,,,,,,
40.6426,,,,,,,,,,,-148.4835,699.0000,0.3566,-0.4738,2.2204,0.0028,1
40.6466,-8,-86,-11,-101,-0.0297,0.2969,0.0002,-257.2568,635.5453,0.5990,,,,,,,
40.6567,-6,-82,0,0,-0.0095,0.1334,-0.0019,-257.3398,635.6501,0.5971,,,,,,,
40.6668,0,0,-4,-87,-0.0062,0.1353,0.0019,-257.4210,635.7585,0.5990,,,,,,,
40.6768,-1,-72,0,0,-0.0016,0.1171,-0.0017,-257.4883,635.8544,0.5973,,,,,,,
40.6869,-6,-74,-7,-81,-0.0203,0.2463,0.0001,-257.6437,636.0466,0.5974,,,,,,,
40.6970,0,0,-14,-105,-0.0216,0.1632,0.0023,-257.7535,636.1693,0.5998,,,,,,,
40.7071,-12,-84,0,0,-0.0191,0.1367,-0.0020,-257.8463,636.2714,0.5978,,,,,,,
40.7172,0,0,-7,-102,-0.0108,0.1586,0.0023,-257.9446,636.3963,0.6001,,,,,,,
40.7272,-9,-91,-12,-100,-0.0328,0.3035,0.0001,-258.1431,636.6283,0.6002,,,,,,,
40.7373,-5,-88,0,0,-0.0080,0.1432,-0.0020,-258.2304,636.7420,0.5981,,,,,,,
40.7474,0,0,-11,-105,-0.0170,0.1632,0.0023,-258.3365,636.8672,0.6005,,,,,,,
40.7575,-11,-89,0,0,-0.0175,0.1448,-0.0021,-258.4326,636.9769,0.5984,,,,,,,
40.7676,-9,-88,-13,-105,-0.0344,0.3064,0.0003,-258.6336,637.2107,0.5987,,,,,,,
40.7759,,,,,,,,,,,-149.2469,700.9161,0.3580,-0.0466,2.0620,0.0014,1
40.7776,0,0,-12,-104,-0.0185,0.1617,0.0023,-258.7402,637.3337,0.6010,,,,,,,
40.7877,-8,-93,0,0,-0.0127,0.1513,-0.0022,-258.8361,637.4514,0.5988,,,,,,,
40.7978,0,0,-13,-93,-0.0200,0.1446,0.0021,-258.9343,637.5594,0.6009,,,,,,,
40.8079,-9,-78,-7,-93,-0.0251,0.2715,0.0003,-259.1085,637.7692,0.6012,,,,,,,
40.8180,-10,-82,0,0,-0.0159,0.1334,-0.0019,-259.1970,637.8703,0.5992,,,,,,,
40.8280,0,0,-16,-104,-0.0247,0.1617,0.0023,-259.3087,637.9897,0.6016,,,,,,,
40.8381,-12,-84,0,0,-0.0191,0.1367,-0.0020,-259.4017,638.0917,0.5996,,,,,,,
40.8482,-11,-80,-13,-98,-0.0375,0.2825,0.0003,-259.5921,638.3037,0.5999,,,,,,,
40.8583,0,0,-18,-94,-0.0278,0.1461,0.0021,-259.6977,638.4086,0.6020,,,,,,,
40.8684,-18,-81,0,0,-0.0286,0.1318,-0.0019,-259.7958,638.5010,0.6001,,,,,,,
40.8785,-14,-80,-17,-91,-0.0485,0.2716,0.0002,-259.9892,638.6978,0.6003,,,,,,,
40.8885,0,0,-16,-100,-0.0247,0.1555,0.0022,-260.0975,638.8121,0.6025,,,,,,,
40.8986,-9,-84,0,0,-0.0143,0.1367,-0.0020,-260.1867,638.9166,0.6006,,,,,,,
40.9087,0,0,-11,-99,-0.0170,0.1539,0.0022,-260.2878,639.0339,0.6028,,,,,,,
40.9117,,,,,,,,,,,-150.0617,703.9951,0.3604,0.3157,3.1694,0.0024,1
40.9188,-8,-79,-3,-90,-0.0173,0.2684,0.0002,-260.4543,639.2452,0.6029,,,,,,,
40.9289,-6,-82,0,0,-0.0095,0.1334,-0.0019,-260.5377,639.3498,0.6010,,,,,,,
40.9389,0,0,-6,-94,-0.0093,0.1461,0.0021,-260.6281,639.4650,0.6031,,,,,,,
40.9490,-3,-91,0,0,-0.0048,0.1480,-0.0021,-260.7158,639.5843,0.6010,,,,,,,
40.9591,-10,-81,-10,-105,-0.0313,0.2950,0.0004,-260.9085,639.8099,0.6014,,,,,,,
40.9692,0,0,-9,-89,-0.0139,0.1384,0.0020,-260.9984,639.9160,0.6034,,,,,,,
40.9793,-8,-73,0,0,-0.0127,0.1188,-0.0017,-261.0762,640.0066,0.6017,,,,,,,
40.9893,0,0,-11,-92,-0.0170,0.1430,0.0020,-261.1712,640.1149,0.6038,,,,,,,
40.9994,-4,-83,-5,-96,-0.0141,0.2843,0.0002,-261.3442,640.3409,0.6040,,,,,,,
41.0095,-5,-82,0,0,-0.0080,0.1334,-0.0019,-261.4264,640.4462,0.6021,,,,,,,
41.0197,0,0,-10,-83,-0.0154,0.1290,0.0018,-261.5123,640.5438,0.6039,,,,,,,
41.0297,-5,-74,0,0,-0.0080,0.1204,-0.0017,-261.5872,640.6384,0.6022,,,,,,,
41.0398,-7,-87,-8,-89,-0.0235,0.2799,-0.0000,-261.7650,640.8558,0.6021,,,,,,,
41.0499,0,0,-4,-91,-0.0062,0.1415,0.0020,-261.8504,640.9688,0.6042,,,,,,,
41.0584,,,,,,,,,,,-151.7018,706.2634,0.3615,-0.7348,2.7009,0.0011,1
41.0600,-4,-79,0,0,-0.0064,0.1285,-0.0018,-261.9285,641.0711,0.6023,,,,,,,
41.0701,0,0,-9,-100,-0.0139,0.1555,0.0022,-262.0282,641.1912,0.6045,,,,,,,
41.0802,-8,-86,-9,-105,-0.0266,0.3032,0.0003,-262.2224,641.4255,0.6049,,,,,,,
41.0902,-8,-91,0,0,-0.0127,0.1480,-0.0021,-262.3170,641.5401,0.6028,,,,,,,
41.1003,0,0,-9,-107,-0.0139,0.1664,0.0024,-262.4228,641.6692,0.6051,,,,,,,
41.1104,-9,-87,-10,-98,-0.0297,0.2939,0.0002,-262.6145,641.8940,0.6053,,,,,,,
41.1205,-9,-78,0,0,-0.0143,0.1269,-0.0018,-262.6984,641.9902,0.6035,,,,,,,
41.1306,0,0,-11,-99,-0.0170,0.1539,0.0022,-262.7998,642.1072,0.6057,,,,,,,
41.1407,-12,-86,0,0,-0.0191,0.1399,-0.0020,-262.8951,642.2115,0.6037,,,,,,,
41.1508,-8,-94,-13,-111,-0.0328,0.3255,0.0003,-263.1069,642.4608,0.6040,,,,,,,
41.1609,0,0,-15,-103,-0.0231,0.1601,0.0023,-263.2170,642.5794,0.6062,,,,,,,
41.1710,-12,-79,0,0,-0.0191,0.1285,-0.0018,-263.3058,642.6742,0.6044,,,,,,,
41.1810,0,0,-7,-95,-0.0108,0.1477,0.0021,-263.3988,642.7895,0.6065,,,,,,,
41.1911,-6,-69,-11,-96,-0.0265,0.2615,0.0005,-263.5697,642.9892,0.6070,,,,,,,
41.1945,,,,,,,,,,,-153.9801,708.4294,0.3625,-1.3651,2.8317,0.0010,1
41.2012,-9,-83,0,0,-0.0143,0.1350,-0.0019,-263.6583,643.0920,0.6051,,,,,,,
41.2113,0,0,-13,-107,-0.0200,0.1664,0.0024,-263.7696,643.2173,0.6075,,,,,,,
41.2214,-12,-91,0,0,-0.0191,0.1480,-0.0021,-263.8697,643.3281,0.6054,,,,,,,
41.2315,-7,-86,-12,-109,-0.0296,0.3094,0.0004,-264.0701,643.5656,0.6058,,,,,,,
41.2415,0,0,-9,-98,-0.0139,0.1524,0.0022,-264.1684,643.6828,0.6080,,,,,,,
41.2516,-11,-84,0,0,-0.0175,0.1367,-0.0020,-264.2608,643.7851,0.6060,,,,,,,
41.2617,0,0,-9,-98,-0.0139,0.1524,0.0022,-264.3591,643.9023,0.6082,,,,,,,
41.2718,-4,-83,-10,-101,-0.0218,0.2921,0.0003,-264.5439,644.1295,0.6085,,,,,,,
41.2819,-7,-84,0,0,-0.0111,0.1367,-0.0020,-264.6310,644.2354,0.6066,,,,,,,
41.2919,0,0,-11,-98,-0.0170,0.1524,0.0022,-264.7319,644.3508,0.6087,,,,,,,
41.3020,-10,-77,0,0,-0.0159,0.1253,-0.0018,-264.8165,644.4445,0.6070,,,,,,,
41.3121,-4,-81,-9,-88,-0.0202,0.2686,0.0001,-264.9864,644.6536,0.6070,,,,,,,
41.3222,0,0,-12,-99,-0.0185,0.1539,0.0022,-265.0895,644.7693,0.6092,,,,,,,
41.3323,0,0,0,0,0.0000,0.0000,0.0000,-265.0895,644.7693,0.6092,,,,,,,
41.3406,,,,,,,,,,,-154.2528,711.1831,0.3635,0.7215,2.6715,0.0009,1
41.3424,-9,-79,-9,-98,-0.0282,0.2809,0.0003,-265.2734,644.9835,0.6096,,,,,,,
41.3525,0,0,-9,-90,-0.0139,0.1399,0.0020,-265.3650,645.0902,0.6116,,,,,,,
41.3626,-7,-81,0,0,-0.0111,0.1318,-0.0019,-265.4497,645.1918,0.6097,,,,,,,
41.3726,0,0,-5,-91,-0.0077,0.1415,0.0020,-265.5371,645.3033,0.6117,,,,,,,
41.3827,-9,-160,-5,-97,-0.0220,0.4111,-0.0016,-265.7910,645.6274,0.6101,,,,,,,
41.3928,-1,-88,0,0,-0.0016,0.1432,-0.0020,-265.8742,645.7439,0.6081,,,,,,,
41.4029,0,0,-1,-88,-0.0015,0.1368,0.0020,-265.9537,645.8552,0.6100,,,,,,,
41.4130,-1,-82,0,0,-0.0016,0.1334,-0.0019,-266.0313,645.9637,0.6081,,,,,,,
41.4231,-1,-88,-2,-101,-0.0047,0.3002,0.0002,-266.2067,646.2074,0.6083,,,,,,,
41.4332,0,0,-8,-92,-0.0123,0.1430,0.0020,-266.2987,646.3177,0.6104,,,,,,,
41.4433,-3,-81,0,0,-0.0048,0.1318,-0.0019,-266.3780,646.4230,0.6085,,,,,,,
41.4533,0,0,-2,-87,-0.0031,0.1353,0.0019,-266.4580,646.5321,0.6104,,,,,,,
41.4634,1,-85,-6,-110,-0.0077,0.3093,0.0005,-266.6416,646.7811,0.6109,,,,,,,
41.4735,-3,-87,0,0,-0.0048,0.1415,-0.0020,-266.7266,646.8944,0.6089,,,,,,,
41.4753,,,,,,,,,,,-154.7326,713.2479,0.3653,0.2856,2.1004,0.0018,1
41.4836,0,0,-4,-86,-0.0062,0.1337,0.0019,-266.8083,647.0005,0.6108,,,,,,,
41.4937,-7,-73,0,0,-0.0111,0.1188,-0.0017,-266.8854,647.0915,0.6091,,,,,,,
41.5038,-7,-91,-11,-97,-0.0281,0.2989,0.0000,-267.0794,647.3205,0.6091,,,,,,,
41.5138,0,0,-11,-106,-0.0170,0.1648,0.0024,-267.1878,647.4458,0.6115,,,,,,,
41.5239,-8,-84,0,0,-0.0127,0.1367,-0.0020,-267.2766,647.5505,0.6095,,,,,,,
41.5340,0,0,-9,-103,-0.0139,0.1601,0.0023,-267.3798,647.6737,0.6118,,,,,,,
41.5441,-7,-85,-9,-103,-0.0250,0.2984,0.0003,-267.5717,647.9036,0.6121,,,,,,,
41.5542,-9,-91,0,0,-0.0143,0.1480,-0.0021,-267.6683,648.0167,0.6100,,,,,,,
41.5643,0,0,-8,-103,-0.0123,0.1601,0.0023,-267.7703,648.1408,0.6123,,,,,,,
41.5744,0,-87,-5,-92,-0.0077,0.2846,0.0000,-267.9402,648.3692,0.6123,,,,,,,
41.5845,-9,-79,0,0,-0.0143,0.1285,-0.0018,-268.0257,648.4662,0.6105,,,,,,,
41.5946,0,0,-11,-103,-0.0170,0.1601,0.0023,-268.1315,648.5876,0.6128,,,,,,,
41.6047,-11,-93,0,0,-0.0175,0.1513,-0.0022,-268.2327,648.7014,0.6106,,,,,,,
41.6103,,,,,,,,,,,-156.2897,715.5162,0.3662,-0.6442,2.6749,0.0009,1
41.6147,-4,-97,-9,-112,-0.0202,0.3319,0.0002,-268.4397,648.9617,0.6109,,,,,,,
41.6248,0,0,-8,-106,-0.0123,0.1648,0.0024,-268.5445,649.0895,0.6132,,,,,,,
41.6349,-5,-82,0,0,-0.0080,0.1334,-0.0019,-268.6276,649.1941,0.6113,,,,,,,
41.6450,0,0,-10,-93,-0.0154,0.1446,0.0021,-268.7234,649.3036,0.6134,,,,,,,
41.6551,-8,-75,-11,-98,-0.0297,0.2744,0.0004,-268.9056,649.5108,0.6138,,,,,,,
41.6651,-9,-86,0,0,-0.0143,0.1399,-0.0020,-268.9978,649.6170,0.6118,,,,,,,
41.6752,0,0,-8,-100,-0.0123,0.1555,0.0022,-269.0973,649.7371,0.6140,,,,,,,
41.6853,-5,-89,0,0,-0.0080,0.1448,-0.0021,-269.1871,649.8510,0.6120,,,,,,,
41.6954,-1,-81,-6,-94,-0.0108,0.2779,0.0002,-269.3557,650.0722,0.6122,,,,,,,
41.7055,0,0,2,-96,0.0031,0.1493,0.0021,-269.4391,650.1961,0.6143,,,,,,,
41.7156,0,-89,0,0,0.0000,0.1448,-0.0021,-269.5224,650.3145,0.6122,,,,,,,
41.7256,0,0,-3,-98,-0.0046,0.1524,0.0022,-269.6139,650.4364,0.6144,,,,,,,
41.7357,-2,-88,-7,-96,-0.0140,0.2924,0.0001,-269.7939,650.6673,0.6145,,,,,,,
41.7458,-3,-83,0,0,-0.0048,0.1350,-0.0019,-269.8755,650.7749,0.6126,,,,,,,
41.7559,0,0,-9,-96,-0.0139,0.1493,0.0021,-269.9728,650.8890,0.6147,,,,,,,
41.7572,,,,,,,,,,,-156.5499,717.5637,0.3684,0.4902,2.0049,0.0023,1
41.7660,-5,-84,0,0,-0.0080,0.1367,-0.0020,-270.0580,650.9961,0.6127,,,,,,,
41.7760,-4,-79,-6,-89,-0.0156,0.2669,0.0001,-270.2243,651.2055,0.6129,,,,,,,
41.7861,0,0,-7,-84,-0.0108,0.1306,0.0019,-270.3084,651.3060,0.6147,,,,,,,
41.7962,-2,-71,0,0,-0.0032,0.1155,-0.0017,-270.3775,651.3986,0.6131,,,,,,,
41.8063,0,0,-7,-92,-0.0108,0.1430,0.0020,-270.4687,651.5093,0.6151,,,,,,,
41.8164,-4,-90,-7,-96,-0.0172,0.2957,0.0000,-270.6534,651.7408,0.6152,,,,,,,
41.8265,-1,-77,0,0,-0.0016,0.1253,-0.0018,-270.7269,651.8423,0.6134,,,,,,,
41.8365,0,0,-3,-85,-0.0046,0.1322,0.0019,-270.8068,651.9476,0.6153,,,,,,,
41.8466,-1,-70,-8,-95,-0.0139,0.2616,0.0005,-270.9692,652.1531,0.6158,,,,,,,
41.8567,-5,-92,0,0,-0.0080,0.1497,-0.0021,-271.0621,652.2708,0.6136,,,,,,,
41.8668,0,0,-9,-99,-0.0139,0.1539,0.0022,-271.1622,652.3886,0.6158,,,,,,,
41.8769,-6,-86,0,0,-0.0095,0.1399,-0.0020,-271.2507,652.4973,0.6138,,,,,,,
41.8870,-7,-93,-9,-106,-0.0250,0.3161,0.0002,-271.4532,652.7413,0.6140,,,,,,,
41.8936,,,,,,,,,,,-157.9200,719.6728,0.3692,-0.5186,2.4610,0.0007,1
41.8970,0,0,-12,-99,-0.0185,0.1539,0.0022,-271.5571,652.8564,0.6162,,,,,,,
41.9071,-7,-84,0,0,-0.0111,0.1367,-0.0020,-271.6451,652.9615,0.6143,,,,,,,
41.9172,0,0,-5,-98,-0.0077,0.1524,0.0022,-271.7393,653.0815,0.6164,,,,,,,
41.9273,-6,-89,-12,-108,-0.0280,0.3127,0.0003,-271.9431,653.3204,0.6168,,,,,,,
41.9374,-6,-88,0,0,-0.0095,0.1432,-0.0020,-272.0335,653.4318,0.6147,,,,,,,
41.9474,0,0,-10,-94,-0.0154,0.1461,0.0021,-272.1305,653.5421,0.6168,,,,,,,
41.9575,-3,-84,0,0,-0.0048,0.1367,-0.0020,-272.2134,653.6509,0.6149,,,,,,,
41.9676,-4,-73,-8,-82,-0.0187,0.2463,0.0001,-272.3707,653.8413,0.6150,,,,,,,
41.9777,0,0,-8,-95,-0.0123,0.1477,0.0021,-272.4661,653.9547,0.6171,,,,,,,
41.9878,-11,-84,0,0,-0.0175,0.1367,-0.0020,-272.5594,654.0561,0.6151,,,,,,,
41.9979,0,0,-11,-104,-0.0170,0.1617,0.0023,-272.6667,654.1783,0.6175,,,,,,,
42.0079,-6,-86,-9,-112,-0.0234,0.3140,0.0005,-272.8676,654.4207,0.6179,,,,,,,
42.0181,-8,-92,0,0,-0.0127,0.1497,-0.0021,-272.9646,654.5355,0.6158,,,,,,,
42.0281,0,0,-9,-104,-0.0139,0.1617,0.0023,-273.0695,654.6593,0.6181,,,,,,,
42.0382,-6,-88,0,0,-0.0095,0.1432,-0.0020,-273.1601,654.7706,0.6161,,,,,,,
42.0408,,,,,,,,,,,-158.4418,722.6531,0.3701,0.5888,2.9678,0.0009,1
42.0483,-8,-82,-7,-94,-0.0235,0.2795,0.0002,-273.3408,654.9851,0.6163,,,,,,,
42.0584,0,0,-11,-108,-0.0170,0.1679,0.0024,-273.4519,655.1122,0.6186,,,,,,,
42.0685,-8,-80,0,0,-0.0127,0.1301,-0.0019,-273.5376,655.2109,0.6168,,,,,,,
42.0786,-3,-81,-8,-94,-0.0171,0.2779,0.0002,-273.7124,655.4277,0.6170,,,,,,,
42.0886,0,0,-8,-85,-0.0123,0.1322,0.0019,-273.7990,655.5283,0.6189,,,,,,,
42.0987,-6,-75,0,0,-0.0095,0.1220,-0.0017,-273.8775,655.6222,0.6171,,,,,,,
42.1089,0,0,-8,-98,-0.0123,0.1524,0.0022,-273.9758,655.7392,0.6193,,,,,,,
42.1189,-7,-85,-4,-101,-0.0173,0.2953,0.0003,-274.1614,655.9696,0.6196,,,,,,,
42.1290,-1,-94,0,0,-0.0016,0.1529,-0.0022,-274.2513,656.0933,0.6174,,,,,,,
42.1391,0,0,-2,-98,-0.0031,0.1524,0.0022,-274.3422,656.2156,0.6196,,,,,,,
42.1492,0,-87,0,0,0.0000,0.1415,-0.0020,-274.4242,656.3310,0.6176,,,,,,,
42.1593,-1,-84,-2,-95,-0.0047,0.2844,0.0002,-274.5927,656.5601,0.6177,,,,,,,
42.1694,0,0,-3,-91,-0.0046,0.1415,0.0020,-274.6786,656.6726,0.6197,,,,,,,
42.1763,,,,,,,,,,,-160.0949,724.8053,0.3709,-0.7628,2.6044,0.0009,1
42.1794,-3,-82,0,0,-0.0048,0.1334,-0.0019,-274.7598,656.7785,0.6178,,,,,,,
42.1895,0,0,-6,-91,-0.0093,0.1415,0.0020,-274.8494,656.8884,0.6198,,,,,,,
42.1996,-4,-84,-9,-104,-0.0202,0.2984,0.0004,-275.0393,657.1195,0.6202,,,,,,,
42.2097,0,-82,0,0,0.0000,0.1334,-0.0019,-275.1167,657.2281,0.6183,,,,,,,
42.2198,0,0,-6,-80,-0.0093,0.1244,0.0018,-275.1964,657.3240,0.6201,,,,,,,
42.2298,-5,-77,0,0,-0.0080,0.1253,-0.0018,-275.2756,657.4214,0.6183,,,,,,,
42.2399,-6,-94,-8,-94,-0.0219,0.2991,-0.0001,-275.4668,657.6525,0.6182,,,,,,,
42.2500,0,0,-10,-104,-0.0154,0.1617,0.0023,-275.5732,657.7752,0.6205,,,,,,,
42.2601,-3,-78,0,0,-0.0048,0.1269,-0.0018,-275.6508,657.8757,0.6187,,,,,,,
42.2702,0,0,-9,-93,-0.0139,0.1446,0.0021,-275.7460,657.9853,0.6208,,,,,,,
42.2802,-9,-92,-9,-107,-0.0282,0.3160,0.0002,-275.9528,658.2260,0.6210,,,,,,,
42.2903,-3,-91,0,0,-0.0048,0.1480,-0.0021,-276.0427,658.3437,0.6189,,,,,,,
42.3004,0,0,-7,-97,-0.0108,0.1508,0.0022,-276.1391,658.4602,0.6210,,,,,,,
42.3105,-7,-84,-16,-103,-0.0358,0.2968,0.0003,-276.3410,658.6807,0.6214,,,,,,,
42.3107,,,,,,,,,,,-161.0235,727.3588,0.3717,0.0601,2.7165,0.0008,1
42.3206,-11,-91,0,0,-0.0175,0.1480,-0.0021,-276.4413,658.7910,0.6193,,,,,,,
42.3307,0,0,-7,-107,-0.0108,0.1664,0.0024,-276.5468,658.9201,0.6216,,,,,,,
42.3408,-5,-93,0,0,-0.0080,0.1513,-0.0022,-276.6412,659.0385,0.6195,,,,,,,
42.3509,-3,-85,-6,-99,-0.0140,0.2922,0.0002,-276.8223,659.2683,0.6197,,,,,,,
42.3609,0,0,-11,-102,-0.0170,0.1586,0.0023,-276.9284,659.3874,0.6220,,,,,,,
42.3710,-9,-91,0,0,-0.0143,0.1480,-0.0021,-277.0261,659.4995,0.6198,,,,,,,
42.3811,0,0,-9,-108,-0.0139,0.1679,0.0024,-277.1351,659.6280,0.6222,,,,,,,
42.3912,-8,-91,-11,-93,-0.0297,0.2926,-0.0000,-277.3298,659.8485,0.6222,,,,,,,
42.4013,-9,-75,0,0,-0.0143,0.1220,-0.0017,-277.4125,659.9394,0.6204,,,,,,,
42.4113,0,0,-12,-91,-0.0185,0.1415,0.0020,-277.5099,660.0436,0.6225,,,,,,,
42.4214,-10,-88,0,0,-0.0159,0.1432,-0.0020,-277.6062,660.1508,0.6204,,,,,,,
42.4315,-1,-78,-8,-113,-0.0139,0.3026,0.0007,-277.7935,660.3888,0.6211,,,,,,,
42.4416,0,0,-13,-97,-0.0200,0.1508,0.0022,-277.8977,660.4996,0.6233,,,,,,,
42.4517,-2,-81,0,0,-0.0032,0.1318,-0.0019,-277.9771,660.6049,0.6214,,,,,,,
42.4618,0,0,-3,-97,-0.0046,0.1508,0.0022,-278.0688,660.7247,0.6235,,,,,,,
42.4618,,,,,,,,,,,-162.2091,729.5387,0.3742,-0.3128,2.4616,0.0025,1
42.4718,-2,-86,-6,-95,-0.0124,0.2876,0.0001,-278.2468,660.9509,0.6237,,,,,,,
42.4819,-6,-85,0,0,-0.0095,0.1383,-0.0020,-278.3352,661.0577,0.6217,,,,,,,
42.4920,0,0,-6,-100,-0.0093,0.1555,0.0022,-278.4334,661.1786,0.6239,,,,,,,
42.5021,2,-90,0,0,0.0032,0.1464,-0.0021,-278.5162,661.2993,0.6218,,,,,,,
42.5122,-3,-81,-3,-101,-0.0094,0.2888,0.0004,-278.6922,661.5286,0.6222,,,,,,,
42.5222,0,0,-9,-87,-0.0139,0.1353,0.0019,-278.7824,661.6303,0.6241,,,,,,,
42.5323,-5,-80,0,0,-0.0080,0.1301,-0.0019,-278.8648,661.7314,0.6222,,,,,,,
42.5424,0,0,-11,-97,-0.0170,0.1508,0.0022,-278.9666,661.8439,0.6244,,,,,,,
42.5525,-10,-85,-10,-90,-0.0313,0.2782,0.0000,-279.1546,662.0513,0.6244,,,,,,,
42.5626,-7,-79,0,0,-0.0111,0.1285,-0.0018,-279.2387,662.1492,0.6226,,,,,,,
42.5727,0,0,-10,-97,-0.0154,0.1508,0.0022,-279.3393,662.2626,0.6247,,,,,,,
42.5827,-6,-88,-9,-103,-0.0234,0.3033,0.0002,-279.5357,662.4949,0.6250,,,,,,,
42.5928,-3,-91,0,0,-0.0048,0.1480,-0.0021,-279.6261,662.6122,0.6229,,,,,,,
42.5942,,,,,,,,,,,-162.0283,731.5020,0.3758,0.8860,1.7613,0.0016,1
42.6029,0,0,-8,-94,-0.0123,0.1461,0.0021,-279.7215,662.7236,0.6250,,,,,,,
42.6130,-5,-86,0,0,-0.0080,0.1399,-0.0020,-279.8097,662.8325,0.6230,,,,,,,
42.6231,-2,-87,-6,-99,-0.0124,0.2955,0.0002,-279.9922,663.0652,0.6231,,,,,,,
42.6331,0,0,0,0,0.0000,0.0000,0.0000,-279.9922,663.0652,0.6231,,,,,,,
42.6432,-1,-91,0,0,-0.0016,0.1480,-0.0021,-280.0798,663.1846,0.6210,,,,,,,
42.6533,0,0,-4,-104,-0.0062,0.1617,0.0023,-280.1790,663.3124,0.6233,,,,,,,
42.6634,-6,-92,-5,-109,-0.0173,0.3191,0.0003,-280.3793,663.5614,0.6236,,,,,,,
42.6735,-10,-83,0,0,-0.0159,0.1350,-0.0019,-280.4710,663.6618,0.6217,,,,,,,
42.6835,0,0,-22,-194,-0.0339,0.3016,0.0043,-280.6747,663.8868,0.6260,,,,,,,
42.6936,-6,-81,0,0,-0.0095,0.1318,-0.0019,-280.7596,663.9881,0.6241,,,,,,,
42.7037,-12,-79,-11,-101,-0.0360,0.2856,0.0004,-280.9557,664.1987,0.6245,,,,,,,
42.7138,0,0,-17,-102,-0.0262,0.1586,0.0023,-281.0699,664.3119,0.6268,,,,,,,
42.7239,-9,-85,0,0,-0.0143,0.1383,-0.0020,-281.1625,664.4156,0.6248,,,,,,,
42.7339,0,0,-12,-106,-0.0185,0.1648,0.0024,-281.2740,664.5383,0.6272,,,,,,,
42.7408,,,,,,,,,,,-163.3987,733.7662,0.3767,-0.4437,2.6091,0.0010,1
42.7440,-10,-85,-12,-107,-0.0344,0.3046,0.0004,-281.4807,664.7648,0.6276,,,,,,,
42.7541,-9,-87,0,0,-0.0143,0.1415,-0.0020,-281.5753,664.8710,0.6255,,,,,,,
42.7642,0,0,-12,-97,-0.0185,0.1508,0.0022,-281.6787,664.9823,0.6277,,,,,,,
42.7743,-7,-84,0,0,-0.0111,0.1367,-0.0020,-281.7679,665.0865,0.6257,,,,,,,
42.7844,-10,-92,-9,-102,-0.0298,0.3083,0.0001,-281.9726,665.3189,0.6259,,,,,,,
42.7945,0,0,-10,-107,-0.0154,0.1664,0.0024,-282.0827,665.4445,0.6282,,,,,,,
42.8045,-8,-87,0,0,-0.0127,0.1415,-0.0020,-282.1760,665.5517,0.6262,,,,,,,
42.8146,-5,-78,-8,-99,-0.0203,0.2808,0.0004,-282.3571,665.7673,0.6266,,,,,,,
42.8247,0,0,-7,-97,-0.0108,0.1508,0.0022,-282.4544,665.8830,0.6288,,,,,,,
42.8348,-6,-82,0,0,-0.0095,0.1334,-0.0019,-282.5405,665.9854,0.6269,,,,,,,
42.8449,0,0,-8,-105,-0.0123,0.1632,0.0023,-282.6464,666.1102,0.6292,,,,,,,
42.8549,-4,-81,-10,-96,-0.0218,0.2810,0.0002,-282.8294,666.3246,0.6294,,,,,,,
42.8650,-7,-81,0,0,-0.0111,0.1318,-0.0019,-282.9159,666.4246,0.6276,,,,,,,
42.8751,0,0,-10,-98,-0.0154,0.1524,0.0022,-283.0180,666.5388,0.6297,,,,,,,
42.8767,,,,,,,,,,,-164.7115,735.7193,0.3786,-0.5022,2.2991,0.0018,1
42.8852,-6,-81,0,0,-0.0095,0.1318,-0.0019,-283.1032,666.6398,0.6279,,,,,,,
42.8953,-5,-82,-7,-101,-0.0187,0.2904,0.0003,-283.2890,666.8638,0.6282,,,,,,,
42.9054,0,0,-4,-94,-0.0062,0.1461,0.0021,-283.3800,666.9783,0.6303,,,,,,,
42.9154,-1,-86,0,0,-0.0016,0.1399,-0.0020,-283.4636,667.0905,0.6283,,,,,,,
42.9255,0,0,-5,-99,-0.0077,0.1539,0.0022,-283.5605,667.2104,0.6305,,,,,,,
42.9356,4,-88,-1,-100,0.0048,0.2986,0.0002,-283.7327,667.4544,0.6307,,,,,,,
42.9457,0,-87,0,0,0.0000,0.1415,-0.0020,-283.8160,667.5688,0.6286,,,,,,,
42.9558,0,0,-2,-100,-0.0031,0.1555,0.0022,-283.9101,667.6926,0.6309,,,,,,,
42.9658,-2,-89,0,0,-0.0032,0.1448,-0.0021,-283.9979,667.8078,0.6288,,,,,,,
42.9759,1,-83,-7,-99,-0.0092,0.2889,0.0003,-284.1753,668.0360,0.6291,,,,,,,
42.9860,0,0,-4,-99,-0.0062,0.1539,0.0022,-284.2710,668.1567,0.6313,,,,,,,
42.9961,-11,-79,0,0,-0.0175,0.1285,-0.0018,-284.3609,668.2503,0.6294,,,,,,,
43.0062,0,0,-9,-95,-0.0139,0.1477,0.0021,-284.4592,668.3614,0.6315,,,,,,,
43.0113,,,,,,,,,,,-165.2814,739.0218,0.3789,0.6910,3.2792,0.0003,1
43.0163,-5,-88,-8,-99,-0.0203,0.2971,0.0002,-284.6510,668.5892,0.6317,,,,,,,
43.0264,-3,-87,0,0,-0.0048,0.1415,-0.0020,-284.7383,668.7007,0.6297,,,,,,,
43.0365,0,0,-10,-112,-0.0154,0.1741,0.0025,-284.8535,668.8322,0.6321,,,,,,,
43.0466,-6,-89,-14,-106,-0.0311,0.3096,0.0003,-285.0615,669.0635,0.6324,,,,,,,
43.0567,-7,-97,0,0,-0.0111,0.1578,-0.0023,-285.1637,669.1843,0.6302,,,,,,,
43.0668,0,0,-10,-105,-0.0154,0.1632,0.0023,-285.2725,669.3070,0.6325,,,,,,,
43.0769,-1,-82,0,0,-0.0016,0.1334,-0.0019,-285.3525,669.4138,0.6306,,,,,,,
43.0870,-7,-92,-10,-111,-0.0266,0.3222,0.0003,-285.5640,669.6583,0.6309,,,,,,,
43.0970,0,0,-9,-110,-0.0139,0.1710,0.0024,-285.6763,669.7881,0.6334,,,,,,,
43.1071,-6,-85,0,0,-0.0095,0.1383,-0.0020,-285.7657,669.8940,0.6314,,,,,,,
43.1172,0,0,-8,-97,-0.0123,0.1508,0.0022,-285.8648,670.0084,0.6336,,,,,,,
43.1273,-4,-85,-10,-104,-0.0218,0.3000,0.0003,-286.0600,670.2372,0.6339,,,,,,,
43.1374,-8,-86,0,0,-0.0127,0.1399,-0.0020,-286.1530,670.3425,0.6319,,,,,,,
43.1475,0,0,-13,-107,-0.0200,0.1664,0.0024,-286.2676,670.4647,0.6343,,,,,,,
43.1575,-7,-80,0,0,-0.0111,0.1301,-0.0019,-286.3536,670.5631,0.6324,,,,,,,
43.1582,,,,,,,,,,,-166.8009,741.5686,0.3805,-0.4697,2.9283,0.0016,1
43.1676,-11,-83,-14,-106,-0.0391,0.2998,0.0004,-286.5624,670.7818,0.6328,,,,,,,
43.1777,0,0,-14,-106,-0.0216,0.1648,0.0024,-286.6774,670.9017,0.6352,,,,,,,
43.1878,-9,-87,0,0,-0.0143,0.1415,-0.0020,-286.7728,671.0073,0.6332,,,,,,,
43.1979,0,0,-10,-107,-0.0154,0.1664,0.0024,-286.8838,671.1321,0.6355,,,,,,,
43.2079,-6,-93,-11,-109,-0.0265,0.3208,0.0003,-287.0956,671.3745,0.6358,,,,,,,
43.2180,-5,-77,0,0,-0.0080,0.1253,-0.0018,-287.1763,671.4706,0.6340,,,,,,,
43.2281,0,0,-4,-93,-0.0062,0.1446,0.0021,-287.2670,671.5834,0.6361,,,,,,,
43.2382,-2,-79,0,0,-0.0032,0.1285,-0.0018,-287.3458,671.6850,0.6342,,,,,,,
43.2483,0,-100,-1,-104,-0.0015,0.3244,-0.0000,-287.5393,671.9453,0.6342,,,,,,,
43.2583,0,0,-5,-111,-0.0077,0.1726,0.0025,-287.6479,672.0797,0.6367,,,,,,,
43.2684,-4,-82,0,0,-0.0064,0.1334,-0.0019,-287.7322,672.1832,0.6348,,,,,,,
43.2785,0,0,-5,-86,-0.0077,0.1337,0.0019,-287.8178,672.2862,0.6367,,,,,,,
43.2886,-3,-71,-10,-101,-0.0202,0.2725,0.0006,-287.9962,672.4933,0.6373,,,,,,,
43.2937,,,,,,,,,,,-168.1041,743.6412,0.3819,-0.4404,2.4083,0.0014,1
43.2987,-6,-90,0,0,-0.0095,0.1464,-0.0021,-288.0908,672.6054,0.6352,,,,,,,
43.3087,0,0,-9,-103,-0.0139,0.1601,0.0023,-288.1972,672.7260,0.6375,,,,,,,
43.3189,-2,-83,-3,-96,-0.0078,0.2843,0.0002,-288.3727,672.9497,0.6377,,,,,,,
43.3290,-7,-82,0,0,-0.0111,0.1334,-0.0019,-288.4609,673.0504,0.6358,,,,,,,
43.3391,0,0,-7,-106,-0.0108,0.1648,0.0024,-288.5676,673.1764,0.6381,,,,,,,
43.3491,-4,-86,0,0,-0.0064,0.1399,-0.0020,-288.6560,673.2851,0.6361,,,,,,,
43.3592,-3,-86,-5,-97,-0.0125,0.2907,0.0002,-288.8388,673.5115,0.6363,,,,,,,
43.3693,0,0,-1,-100,-0.0015,0.1555,0.0022,-288.9325,673.6356,0.6385,,,,,,,
43.3794,-1,-90,0,0,-0.0016,0.1464,-0.0021,-289.0209,673.7523,0.6364,,,,,,,
43.3895,0,0,-3,-108,-0.0046,0.1679,0.0024,-289.1246,673.8845,0.6388,,,,,,,
43.3996,0,-89,-7,-111,-0.0108,0.3174,0.0004,-289.3226,674.1328,0.6392,,,,,,,
43.4096,-5,-95,0,0,-0.0080,0.1546,-0.0022,-289.4210,674.2522,0.6370,,,,,,,
43.4197,0,0,-10,-111,-0.0154,0.1726,0.0025,-289.5362,674.3816,0.6395,,,,,,,
43.4298,-14,-87,0,0,-0.0223,0.1415,-0.0020,-289.6384,674.4820,0.6375,,,,,,,
43.4399,-7,-83,-12,-107,-0.0296,0.3014,0.0004,-289.8417,674.7065,0.6379,,,,,,,
43.4414,,,,,,,,,,,-169.2641,746.6815,0.3824,0.0568,3.2536,0.0005,1
43.4500,0,0,-11,-101,-0.0170,0.1570,0.0022,-289.9490,674.8224,0.6401,,,,,,,
43.4600,-10,-83,0,0,-0.0159,0.1350,-0.0019,-290.0423,674.9213,0.6382,,,,,,,
43.4701,0,0,-11,-114,-0.0170,0.1772,0.0025,-290.1617,675.0534,0.6408,,,,,,,
43.4802,-10,-90,-8,-105,-0.0282,0.3097,0.0002,-290.3694,675.2847,0.6410,,,,,,,
43.4903,-8,-87,0,0,-0.0127,0.1415,-0.0020,-290.4642,675.3907,0.6390,,,,,,,
43.5004,0,0,-14,-107,-0.0216,0.1664,0.0024,-290.5809,675.5112,0.6413,,,,,,,
43.5104,-7,-89,0,0,-0.0111,0.1448,-0.0021,-290.6763,675.6206,0.6393,,,,,,,
43.5205,-8,-97,-8,-115,-0.0251,0.3366,0.0003,-290.8973,675.8758,0.6396,,,,,,,
43.5306,0,0,-10,-111,-0.0154,0.1726,0.0025,-291.0128,676.0049,0.6420,,,,,,,
43.5407,-6,-95,0,0,-0.0095,0.1546,-0.0022,-291.1129,676.1231,0.6398,,,,,,,
43.5508,-6,-91,-9,-115,-0.0234,0.3268,0.0004,-291.3268,676.3712,0.6403,,,,,,,
43.5609,0,0,-8,-108,-0.0123,0.1679,0.0024,-291.4372,676.4984,0.6427,,,,,,,
43.5709,-7,-86,0,0,-0.0111,0.1399,-0.0020,-291.5299,676.6038,0.6407,,,,,,,
43.5771,,,,,,,,,,,-170.8114,749.4031,0.3838,-0.4200,3.1024,0.0014,1
43.5810,0,0,-14,-107,-0.0216,0.1664,0.0024,-291.6467,676.7241,0.6431,,,,,,,
43.5911,-11,-84,-8,-99,-0.0298,0.2906,0.0002,-291.8449,676.9388,0.6433,,,,,,,
43.6012,-4,-73,0,0,-0.0064,0.1188,-0.0017,-291.9211,677.0300,0.6416,,,,,,,
43.6113,0,0,-6,-84,-0.0093,0.1306,0.0019,-292.0068,677.1291,0.6435,,,,,,,
43.6213,-5,-73,0,0,-0.0080,0.1188,-0.0017,-292.0843,677.2194,0.6418,,,,,,,
43.6314,-7,-85,-9,-85,-0.0250,0.2704,-0.0001,-292.2663,677.4210,0.6417,,,,,,,
43.6415,0,0,-8,-108,-0.0123,0.1679,0.0024,-292.3768,677.5480,0.6441,,,,,,,
43.6516,-3,-93,0,0,-0.0048,0.1513,-0.0022,-292.4713,677.6662,0.6419,,,,,,,
43.6617,0,0,-4,-106,-0.0062,0.1648,0.0024,-292.5751,677.7944,0.6443,,,,,,,
43.6717,-2,-88,-2,-95,-0.0063,0.2909,0.0001,-292.7548,678.0232,0.6443,,,,,,,
43.6818,0,-86,0,0,0.0000,0.1399,-0.0020,-292.8387,678.1352,0.6423,,,,,,,
43.6919,0,0,-2,-97,-0.0031,0.1508,0.0022,-292.9317,678.2540,0.6445,,,,,,,
43.7020,-3,-87,0,0,-0.0048,0.1415,-0.0020,-293.0204,678.3643,0.6425,,,,,,,
43.7121,-8,-80,-11,-101,-0.0297,0.2872,0.0004,-293.2163,678.5764,0.6429,,,,,,,
43.7222,0,0,-7,-99,-0.0108,0.1539,0.0022,-293.3173,678.6930,0.6451,,,,,,,
43.7256,,,,,,,,,,,-170.9694,751.3003,0.3852,0.5639,1.8183,0.0014,1
43.7322,-6,-86,0,0,-0.0095,0.1399,-0.0020,-293.4090,678.7992,0.6431,,,,,,,
43.7423,0,0,-9,-105,-0.0139,0.1632,0.0023,-293.5181,678.9214,0.6454,,,,,,,
43.7524,-9,-81,-10,-95,-0.0297,0.2795,0.0002,-293.7100,679.1268,0.6456,,,,,,,
43.7625,-7,-79,0,0,-0.0111,0.1285,-0.0018,-293.7961,679.2228,0.6438,,,,,,,
43.7726,0,0,-11,-109,-0.0170,0.1695,0.0024,-293.9116,679.3480,0.6462,,,,,,,
43.7826,-8,-96,0,0,-0.0127,0.1562,-0.0022,-294.0156,679.4652,0.6440,,,,,,,
43.7927,-3,-92,-10,-107,-0.0202,0.3160,0.0002,-294.2216,679.7057,0.6442,,,,,,,
43.8028,0,0,-5,-111,-0.0077,0.1726,0.0025,-294.3315,679.8390,0.6467,,,,,,,
43.8129,-3,-95,0,0,-0.0048,0.1546,-0.0022,-294.4283,679.9595,0.6445,,,,,,,
43.8230,-7,-91,-9,-116,-0.0250,0.3284,0.0005,-294.6457,680.2070,0.6449,,,,,,,
43.8331,0,0,-12,-107,-0.0185,0.1664,0.0024,-294.7606,680.3287,0.6473,,,,,,,
43.8431,-7,-90,0,0,-0.0111,0.1464,-0.0021,-294.8577,680.4389,0.6452,,,,,,,
43.8532,0,0,-9,-110,-0.0139,0.1710,0.0024,-294.9718,680.5670,0.6477,,,,,,,
43.8587,,,,,,,,,,,-172.9123,754.3731,0.3852,-0.6459,3.5777,-0.0000,1
43.8633,-8,-90,-13,-107,-0.0328,0.3128,0.0003,-295.1866,680.7967,0.6479,,,,,,,
43.8734,-11,-89,0,0,-0.0175,0.1448,-0.0021,-295.2879,680.9017,0.6459,,,,,,,
43.8835,0,0,-10,-102,-0.0154,0.1586,0.0023,-295.3958,681.0189,0.6481,,,,,,,
43.8935,-9,-85,0,0,-0.0143,0.1383,-0.0020,-295.4905,681.1206,0.6462,,,,,,,
43.9036,-13,-86,-13,-105,-0.0407,0.3032,0.0003,-295.7056,681.3381,0.6465,,,,,,,
43.9137,0,0,-13,-111,-0.0200,0.1726,0.0025,-295.8258,681.4636,0.6490,,,,,,,
43.9238,-12,-95,0,0,-0.0191,0.1546,-0.0022,-295.9342,681.5753,0.6468,,,,,,,
43.9339,0,0,-9,-101,-0.0139,0.1570,0.0022,-296.0401,681.6922,0.6490,,,,,,,
43.9439,-4,-83,-9,-104,-0.0202,0.2967,0.0004,-296.2356,681.9163,0.6494,,,,,,,
43.9540,-9,-87,0,0,-0.0143,0.1415,-0.0020,-296.3325,682.0205,0.6474,,,,,,,
43.9641,0,0,-11,-112,-0.0170,0.1741,0.0025,-296.4512,682.1490,0.6498,,,,,,,
43.9742,-3,-88,0,0,-0.0048,0.1432,-0.0020,-296.5415,682.2602,0.6478,,,,,,,
43.9843,-1,-82,-6,-97,-0.0108,0.2842,0.0002,-296.7216,682.4802,0.6480,,,,,,,
43.9944,0,0,-9,-98,-0.0139,0.1524,0.0022,-296.8248,682.5932,0.6502,,,,,,,
43.9958,,,,,,,,,,,-173.4417,756.4829,0.3871,0.3022,2.1541,0.0019,1
44.0044,-11,-71,0,0,-0.0175,0.1155,-0.0017,-296.9086,682.6746,0.6486,,,,,,,
44.0146,0,0,-10,-94,-0.0154,0.1461,0.0021,-297.0093,682.7817,0.6507,,,,,,,
44.0247,-8,-79,-9,-100,-0.0266,0.2840,0.0004,-297.2025,682.9915,0.6510,,,,,,,
44.0347,-4,-80,0,0,-0.0064,0.1301,-0.0019,-297.2863,683.0913,0.6492,,,,,,,
44.0448,0,0,-9,-96,-0.0139,0.1493,0.0021,-297.3877,683.2017,0.6513,,,,,,,
44.0549,-4,-81,-12,-94,-0.0249,0.2779,0.0002,-297.5760,683.4076,0.6515,,,,,,,
44.0650,-7,-71,0,0,-0.0111,0.1155,-0.0017,-297.6548,683.4928,0.6499,,,,,,,
44.0751,0,0,-12,-103,-0.0185,0.1601,0.0023,-297.7666,683.6089,0.6522,,,,,,,
44.0851,-7,-84,0,0,-0.0111,0.1367,-0.0020,-297.8583,683.7109,0.6502,,,,,,,
44.0952,-1,-67,-8,-96,-0.0139,0.2583,0.0006,-298.0258,683.9080,0.6508,,,,,,,
44.1053,0,0,-10,-87,-0.0154,0.1353,0.0019,-298.1201,684.0061,0.6527,,,,,,,
44.1154,-9,-71,0,0,-0.0143,0.1155,-0.0017,-298.2015,684.0893,0.6511,,,,,,,
44.1255,0,0,-16,-98,-0.0247,0.1524,0.0022,-298.3136,684.1954,0.6532,,,,,,,
44.1356,-11,-73,-10,-100,-0.0329,0.2742,0.0005,-298.5065,684.3931,0.6538,,,,,,,
44.1409,,,,,,,,,,,-174.0395,758.4540,0.3893,0.1905,2.0509,0.0022,1
44.1456,-10,-79,0,0,-0.0159,0.1285,-0.0018,-298.5972,684.4855,0.6519,,,,,,,
44.1557,0,0,-11,-105,-0.0170,0.1632,0.0023,-298.7099,684.6049,0.6543,,,,,,,
44.1658,-8,-83,0,0,-0.0127,0.1350,-0.0019,-298.8020,684.7044,0.6523,,,,,,,
44.1759,-10,-76,-14,-101,-0.0375,0.2807,0.0005,-299.0022,684.9046,0.6528,,,,,,,
44.1860,0,0,-12,-99,-0.0185,0.1539,0.0022,-299.1106,685.0155,0.6550,,,,,,,
44.1960,-11,-82,0,0,-0.0175,0.1334,-0.0019,-299.2056,685.1108,0.6531,,,,,,,
44.2061,0,0,-13,-102,-0.0200,0.1586,0.0023,-299.3180,685.2244,0.6554,,,,,,,
44.2162,-11,-82,-11,-103,-0.0345,0.2935,0.0004,-299.5243,685.4361,0.6558,,,,,,,
44.2263,-7,-77,0,0,-0.0111,0.1253,-0.0018,-299.6094,685.5287,0.6540,,,,,,,
44.2364,0,0,-10,-98,-0.0154,0.1524,0.0022,-299.7145,685.6401,0.6561,,,,,,,
44.2465,-9,-82,0,0,-0.0143,0.1334,-0.0019,-299.8071,685.7372,0.6542,,,,,,,
44.2565,-10,-86,-12,-107,-0.0344,0.3063,0.0004,-300.0208,685.9592,0.6546,,,,,,,
44.2666,0,0,-11,-109,-0.0170,0.1695,0.0024,-300.1376,686.0832,0.6570,,,,,,,
44.2767,-3,-63,0,0,-0.0048,0.1025,-0.0015,-300.2039,686.1615,0.6556,,,,,,,
44.2769,,,,,,,,,,,-176.0424,761.0403,0.3907,-0.8712,3.1530,0.0014,1
44.2868,-7,-85,-10,-101,-0.0266,0.2953,0.0003,-300.4050,686.3793,0.6558,,,,,,,
44.2969,0,0,-9,-105,-0.0139,0.1632,0.0023,-300.5157,686.5001,0.6582,,,,,,,
44.3070,-5,-91,0,0,-0.0080,0.1480,-0.0021,-300.6124,686.6125,0.6561,,,,,,,
44.3171,0,0,-7,-105,-0.0108,0.1632,0.0023,-300.7207,686.7351,0.6584,,,,,,,
44.3272,-5,-81,-10,-100,-0.0234,0.2873,0.0003,-300.9150,686.9480,0.6587,,,,,,,
44.3372,-5,-86,0,0,-0.0080,0.1399,-0.0020,-301.0068,687.0539,0.6567,,,,,,,
44.3473,0,0,-6,-85,-0.0093,0.1322,0.0019,-301.0949,687.1528,0.6586,,,,,,,
44.3574,-3,-77,0,0,-0.0048,0.1253,-0.0018,-301.1753,687.2490,0.6568,,,,,,,
44.3675,-3,-82,-2,-90,-0.0079,0.2733,0.0001,-301.3484,687.4607,0.6569,,,,,,,
44.3776,0,0,-10,-99,-0.0154,0.1539,0.0022,-301.4547,687.5730,0.6591,,,,,,,
44.3876,-7,-80,0,0,-0.0111,0.1301,-0.0019,-301.5432,687.6692,0.6573,,,,,,,
44.3977,0,0,-9,-97,-0.0139,0.1508,0.0022,-301.6464,687.7800,0.6594,,,,,,,
44.4078,-4,-86,-6,-100,-0.0156,0.2954,0.0002,-301.8397,688.0039,0.6596,,,,,,,
44.4179,-3,-86,0,0,-0.0048,0.1399,-0.0020,-301.9291,688.1116,0.6576,,,,,,,
44.4232,,,,,,,,,,,-177.2355,763.6265,0.3917,-0.1182,2.8457,0.0010,1
44.4280,0,0,-5,-93,-0.0077,0.1446,0.0021,-302.0237,688.2212,0.6597,,,,,,,
44.4380,-1,-88,0,0,-0.0016,0.1432,-0.0020,-302.1126,688.3335,0.6577,,,,,,,
44.4481,-2,-91,-1,-100,-0.0047,0.3035,0.0001,-302.3019,688.5708,0.6578,,,,,,,
44.4582,0,0,-4,-97,-0.0062,0.1508,0.0022,-302.3991,688.6862,0.6599,,,,,,,
44.4683,-1,-80,0,0,-0.0016,0.1301,-0.0019,-302.4800,688.7882,0.6581,,,,,,,
44.4784,0,0,-3,-86,-0.0046,0.1337,0.0019,-302.5656,688.8910,0.6600,,,,,,,
44.4885,0,-74,-4,-87,-0.0062,0.2557,0.0002,-302.7272,689.0892,0.6602,,,,,,,
44.4985,-2,-70,0,0,-0.0032,0.1139,-0.0016,-302.7995,689.1773,0.6586,,,,,,,
44.5086,0,0,-8,-93,-0.0123,0.1446,0.0021,-302.8978,689.2840,0.6606,,,,,,,
44.5187,-11,-77,0,0,-0.0175,0.1253,-0.0018,-302.9884,689.3722,0.6588,,,,,,,
44.5288,-7,-90,-13,-102,-0.0312,0.3050,0.0002,-303.1998,689.5943,0.6590,,,,,,,
44.5389,0,0,-11,-96,-0.0170,0.1493,0.0021,-303.3048,689.7018,0.6611,,,,,,,
44.5489,-10,-79,0,0,-0.0159,0.1285,-0.0018,-303.3961,689.7936,0.6593,,,,,,,
44.5571,,,,,,,,,,,-177.3931,765.3308,0.3930,0.5050,1.6355,0.0014,1
44.5590,-4,-86,-15,-102,-0.0295,0.2985,0.0003,-303.6023,690.0114,0.6596,,,,,,,
44.5691,0,0,-6,-98,-0.0093,0.1524,0.0022,-303.7031,690.1260,0.6617,,,,,,,
44.5792,-2,-79,0,0,-0.0032,0.1285,-0.0018,-303.7845,690.2255,0.6599,,,,,,,
44.5893,0,0,-8,-101,-0.0123,0.1570,0.0022,-303.8907,690.3419,0.6622,,,,,,,
44.5994,-4,-91,-4,-96,-0.0125,0.2973,0.0000,-304.0833,690.5687,0.6622,,,,,,,
44.6094,-3,-79,0,0,-0.0048,0.1285,-0.0018,-304.1660,690.6672,0.6603,,,,,,,
44.6195,0,0,-4,-96,-0.0062,0.1493,0.0021,-304.2626,690.7812,0.6625,,,,,,,
44.6296,-2,-80,0,0,-0.0032,0.1301,-0.0019,-304.3450,690.8819,0.6606,,,,,,,
44.6397,-9,-83,-12,-99,-0.0328,0.2889,0.0003,-304.5483,691.0899,0.6609,,,,,,,
44.6498,0,0,-7,-103,-0.0108,0.1601,0.0023,-304.6552,691.2096,0.6632,,,,,,,
44.6598,-9,-85,0,0,-0.0143,0.1383,-0.0020,-304.7515,691.3099,0.6612,,,,,,,
44.6699,0,0,-9,-94,-0.0139,0.1461,0.0021,-304.8523,691.4166,0.6633,,,,,,,
44.6800,-7,-83,-10,-96,-0.0266,0.2843,0.0002,-305.0483,691.6242,0.6635,,,,,,,
44.6901,-8,-85,0,0,-0.0127,0.1383,-0.0020,-305.1434,691.7254,0.6615,,,,,,,
44.7002,0,0,-12,-101,-0.0185,0.1570,0.0022,-305.2546,691.8378,0.6637,,,,,,,
44.7070,,,,,,,,,,,-178.5990,767.2224,0.3950,-0.3895,2.2092,0.0020,1
44.7102,-9,-83,0,0,-0.0143,0.1350,-0.0019,-305.3490,691.9355,0.6618,,,,,,,
44.7203,-4,-81,-8,-96,-0.0187,0.2810,0.0002,-305.5365,692.1457,0.6621,,,,,,,
44.7304,0,0,-1,-92,-0.0015,0.1430,0.0020,-305.6257,692.2574,0.6641,,,,,,,
44.7405,-4,-85,0,0,-0.0064,0.1383,-0.0020,-305.7159,692.3625,0.6621,,,,,,,
44.7506,0,0,-3,-96,-0.0046,0.1493,0.0021,-305.8114,692.4773,0.6643,,,,,,,
44.7606,-1,-84,-8,-98,-0.0139,0.2890,0.0002,-306.0006,692.6962,0.6645,,,,,,,
44.7707,-3,-84,0,0,-0.0048,0.1367,-0.0020,-306.0885,692.8010,0.6625,,,,,,,
44.7808,0,0,-6,-96,-0.0093,0.1493,0.0021,-306.1877,692.9128,0.6647,,,,,,,
44.7909,-2,-86,-3,-96,-0.0078,0.2892,0.0001,-306.3722,693.1356,0.6648,,,,,,,
44.8010,-1,-75,0,0,-0.0016,0.1220,-0.0017,-306.4487,693.2307,0.6631,,,,,,,
44.8111,0,0,-6,-89,-0.0093,0.1384,0.0020,-306.5412,693.3340,0.6650,,,,,,,
44.8212,-1,-90,0,0,-0.0016,0.1464,-0.0021,-306.6327,693.4483,0.6629,,,,,,,
44.8313,-1,-83,-5,-98,-0.0093,0.2874,0.0002,-306.8169,693.6691,0.6632,,,,,,,
44.8414,0,0,-4,-89,-0.0062,0.1384,0.0020,-306.9071,693.7743,0.6652,,,,,,,
44.8414,,,,,,,,,,,-179.1888,769.9176,0.3962,0.4928,2.7145,0.0012,1
44.8515,-2,-78,0,0,-0.0032,0.1269,-0.0018,-306.9878,693.8722,0.6634,,,,,,,
44.8615,0,0,-4,-90,-0.0062,0.1399,0.0020,-307.0790,693.9786,0.6654,,,,,,,
44.8716,-5,-77,-9,-106,-0.0218,0.2901,0.0006,-307.2753,694.1932,0.6659,,,,,,,
44.8817,-4,-98,0,0,-0.0064,0.1594,-0.0023,-307.3786,694.3148,0.6636,,,,,,,
44.8918,0,0,-9,-104,-0.0139,0.1617,0.0023,-307.4893,694.4335,0.6660,,,,,,,
44.9019,-3,-87,0,0,-0.0048,0.1415,-0.0020,-307.5804,694.5419,0.6639,,,,,,,
44.9119,-9,-91,-10,-103,-0.0297,0.3082,0.0002,-307.7937,694.7663,0.6641,,,,,,,
44.9220,0,0,-9,-111,-0.0139,0.1726,0.0025,-307.9112,694.8935,0.6666,,,,,,,
44.9321,-7,-93,0,0,-0.0111,0.1513,-0.0022,-308.0134,695.0057,0.6644,,,,,,,
44.9422,0,0,-11,-99,-0.0170,0.1539,0.0022,-308.1217,695.1163,0.6666,,,,,,,
44.9523,-9,-86,-12,-110,-0.0328,0.3109,0.0004,-308.3398,695.3403,0.6671,,,,,,,
44.9623,-10,-86,0,0,-0.0159,0.1399,-0.0020,-308.4388,695.4405,0.6651,,,,,,,
44.9724,0,0,-14,-102,-0.0216,0.1586,0.0023,-308.5538,695.5518,0.6673,,,,,,,
44.9756,,,,,,,,,,,-180.4661,772.4917,0.3966,-0.1848,2.8676,0.0003,1
44.9825,-10,-82,0,0,-0.0159,0.1334,-0.0019,-308.6487,695.6468,0.6654,,,,,,,
44.9926,-10,-66,-8,-89,-0.0282,0.2457,0.0004,-308.8227,695.8227,0.6659,,,,,,,
45.0027,0,0,-12,-95,-0.0185,0.1477,0.0021,-308.9286,695.9273,0.6680,,,,,,,
45.0128,-12,-88,0,0,-0.0191,0.1432,-0.0020,-309.0322,696.0280,0.6659,,,,,,,
45.0229,-3,-98,-12,-110,-0.0233,0.3305,0.0002,-309.2546,696.2734,0.6661,,,,,,,
45.0330,0,0,-10,-111,-0.0154,0.1726,0.0025,-309.3735,696.3994,0.6686,,,,,,,
45.0431,-8,-93,0,0,-0.0127,0.1513,-0.0022,-309.4772,696.5104,0.6664,,,,,,,
45.0532,0,0,-9,-101,-0.0139,0.1570,0.0022,-309.5853,696.6251,0.6686,,,,,,,
45.0633,-7,-81,-9,-100,-0.0250,0.2873,0.0003,-309.7830,696.8350,0.6690,,,,,,,
45.0734,-6,-88,0,0,-0.0095,0.1432,-0.0020,-309.8792,696.9415,0.6669,,,,,,,
45.0834,0,0,-8,-115,-0.0123,0.1788,0.0026,-309.9997,697.0742,0.6695,,,,,,,
45.0935,-9,-89,0,0,-0.0143,0.1448,-0.0021,-310.1006,697.1789,0.6674,,,,,,,
45.1036,-4,-76,-7,-87,-0.0172,0.2589,0.0002,-310.2744,697.3717,0.6676,,,,,,,
45.1137,0,0,-10,-91,-0.0154,0.1415,0.0020,-310.3742,697.4731,0.6696,,,,,,,
45.1225,,,,,,,,,,,-182.3518,775.2851,0.3975,-0.6604,3.3050,0.0009,1
45.1238,-6,-89,0,0,-0.0095,0.1448,-0.0021,-310.4714,697.5808,0.6675,,,,,,,
45.1339,0,0,-9,-94,-0.0139,0.1461,0.0021,-310.5729,697.6869,0.6696,,,,,,,
45.1439,-4,-85,-11,-104,-0.0233,0.3000,0.0003,-310.7774,697.9076,0.6700,,,,,,,
45.1540,-6,-85,0,0,-0.0095,0.1383,-0.0020,-310.8706,698.0101,0.6680,,,,,,,
45.1641,0,0,-8,-102,-0.0123,0.1586,0.0023,-310.9787,698.1269,0.6702,,,,,,,
45.1742,-5,-87,0,0,-0.0080,0.1415,-0.0020,-311.0727,698.2330,0.6682,,,,,,,
45.1843,-1,-79,-8,-89,-0.0139,0.2669,0.0001,-311.2490,698.4338,0.6684,,,,,,,
45.1943,0,0,-3,-97,-0.0046,0.1508,0.0022,-311.3463,698.5492,0.6705,,,,,,,
45.2044,0,-87,0,0,0.0000,0.1415,-0.0020,-311.4341,698.6602,0.6685,,,,,,,
45.2145,0,0,-5,-97,-0.0077,0.1508,0.0022,-311.5337,698.7736,0.6707,,,,,,,
45.2246,-2,-93,-1,-96,-0.0047,0.3006,-0.0000,-311.7242,699.0062,0.6706,,,,,,,
45.2347,-1,-81,0,0,-0.0016,0.1318,-0.0019,-311.8073,699.1085,0.6687,,,,,,,
45.2448,0,0,-8,-101,-0.0123,0.1570,0.0022,-311.9144,699.2239,0.6710,,,,,,,
45.2548,-7,-84,0,0,-0.0111,0.1367,-0.0020,-312.0080,699.3241,0.6690,,,,,,,
45.2588,,,,,,,,,,,-182.9833,776.7028,0.3992,-0.0335,1.5516,0.0018,1
45.2649,-6,-87,-8,-101,-0.0219,0.2986,0.0002,-312.2104,699.5448,0.6693,,,,,,,
45.2750,0,0,-10,-100,-0.0154,0.1555,0.0022,-312.3191,699.6570,0.6715,,,,,,,
45.2851,-11,-82,0,0,-0.0175,0.1334,-0.0019,-312.4157,699.7507,0.6696,,,,,,,
45.2952,-8,-90,-12,-100,-0.0312,0.3019,0.0001,-312.6275,699.9680,0.6697,,,,,,,
45.3052,0,0,-10,-107,-0.0154,0.1664,0.0024,-312.7430,700.0887,0.6721,,,,,,,
45.3153,-8,-88,0,0,-0.0127,0.1432,-0.0020,-312.8420,700.1929,0.6700,,,,,,,
45.3254,0,0,-11,-114,-0.0170,0.1772,0.0025,-312.9656,700.3211,0.6726,,,,,,,
45.3355,-10,-95,-12,-105,-0.0344,0.3178,0.0001,-313.1905,700.5483,0.6727,,,,,,,
45.3456,-6,-91,0,0,-0.0095,0.1480,-0.0021,-313.2901,700.6582,0.6706,,,,,,,
45.3557,0,0,-6,-97,-0.0093,0.1508,0.0022,-313.3912,700.7705,0.6727,,,,,,,
45.3657,-4,-86,0,0,-0.0064,0.1399,-0.0020,-313.4832,700.8761,0.6707,,,,,,,
45.3758,-11,-93,-9,-102,-0.0314,0.3099,0.0001,-313.7004,701.0993,0.6708,,,,,,,
45.3859,0,0,-14,-117,-0.0216,0.1819,0.0026,-313.8306,701.2282,0.6734,,,,,,,
45.3960,-12,-92,0,0,-0.0191,0.1497,-0.0021,-313.9387,701.3334,0.6713,,,,,,,
45.4059,,,,,,,,,,,-184.1675,779.7212,0.3999,0.0822,3.2414,0.0007,1
45.4061,0,0,-12,-106,-0.0185,0.1648,0.0024,-314.0558,701.4508,0.6736,,,,,,,
45.4161,-6,-78,-13,-98,-0.0296,0.2793,0.0004,-314.2532,701.6506,0.6740,,,,,,,
45.4262,0,0,0,0,0.0000,0.0000,0.0000,-314.2532,701.6506,0.6740,,,,,,,
45.4363,0,0,-13,-97,-0.0200,0.1508,0.0022,-314.3631,701.7558,0.6762,,,,,,,
45.4464,-10,-77,0,0,-0.0159,0.1253,-0.0018,-314.4538,701.8436,0.6744,,,,,,,
45.4565,-9,-84,-14,-95,-0.0359,0.2844,0.0002,-314.6594,702.0433,0.6745,,,,,,,
45.4665,0,0,-11,-96,-0.0170,0.1493,0.0021,-314.7660,702.1492,0.6767,,,,,,,
45.4766,-14,-164,0,0,-0.0223,0.2668,-0.0038,-314.9501,702.3436,0.6729,,,,,,,
45.4867,0,0,-3,-89,-0.0046,0.1384,0.0020,-315.0400,702.4488,0.6748,,,,,,,
45.4968,-5,-75,-6,-101,-0.0172,0.2790,0.0005,-315.2279,702.6559,0.6753,,,,,,,
45.5069,-3,-94,0,0,-0.0048,0.1529,-0.0022,-315.3271,702.7724,0.6731,,,,,,,
45.5169,0,0,-2,-96,-0.0031,0.1493,0.0021,-315.4226,702.8871,0.6753,,,,,,,
45.5270,-3,-89,-3,-91,-0.0094,0.2863,-0.0000,-315.6089,703.1047,0.6752,,,,,,,
45.5371,-3,-84,0,0,-0.0048,0.1367,-0.0020,-315.6980,703.2084,0.6733,,,,,,,
45.5426,,,,,,,,,,,-186.5313,782.0599,0.4023,-1.2666,3.0744,0.0024,1
45.5472,0,0,-7,-95,-0.0108,0.1477,0.0021,-315.7986,703.3171,0.6754,,,,,,,
45.5573,-2,-79,0,0,-0.0032,0.1285,-0.0018,-315.8814,703.4155,0.6735,,,,,,,
45.5674,-4,-81,-2,-89,-0.0094,0.2701,0.0001,-316.0573,703.6207,0.6736,,,,,,,
45.5774,0,0,-6,-90,-0.0093,0.1399,0.0020,-316.1519,703.7242,0.6756,,,,,,,
45.5875,-8,-83,0,0,-0.0127,0.1350,-0.0019,-316.2462,703.8217,0.6737,,,,,,,
45.5976,0,0,-6,-89,-0.0093,0.1384,0.0020,-316.3398,703.9240,0.6757,,,,,,,
45.6077,-4,-70,-8,-81,-0.0187,0.2398,0.0002,-316.5044,704.0994,0.6759,,,,,,,
45.6178,-4,-87,0,0,-0.0064,0.1415,-0.0020,-316.5978,704.2059,0.6738,,,,,,,
45.6278,0,0,-2,-102,-0.0031,0.1586,0.0023,-316.6993,704.3278,0.6761,,,,,,,
45.6379,-5,-91,0,0,-0.0080,0.1480,-0.0021,-316.7981,704.4384,0.6740,,,,,,,
45.6480,-9,-90,-12,-107,-0.0328,0.3128,0.0003,-317.0189,704.6623,0.6743,,,,,,,
45.6581,0,0,-7,-99,-0.0108,0.1539,0.0022,-317.1236,704.7757,0.6765,,,,,,,
45.6682,-7,-85,0,0,-0.0111,0.1383,-0.0020,-317.2187,704.8766,0.6745,,,,,,,
45.6761,,,,,,,,,,,-186.5581,785.0632,0.4024,1.1513,2.7740,0.0001,1
45.6782,0,0,-9,-105,-0.0139,0.1632,0.0023,-317.3317,704.9953,0.6768,,,,,,,
45.6883,-6,-85,-11,-106,-0.0265,0.3031,0.0004,-317.5422,705.2150,0.6772,,,,,,,
45.6984,-12,-88,0,0,-0.0191,0.1432,-0.0020,-317.6467,705.3147,0.6752,,,,,,,
45.7085,0,0,-10,-98,-0.0154,0.1524,0.0022,-317.7541,705.4239,0.6773,,,,,,,
45.7186,-4,-88,0,0,-0.0064,0.1432,-0.0020,-317.8486,705.5315,0.6753,,,,,,,
45.7287,-3,-83,-5,-96,-0.0125,0.2843,0.0002,-318.0361,705.7456,0.6755,,,,,,,
45.7387,0,0,-11,-99,-0.0170,0.1539,0.0022,-318.1457,705.8550,0.6777,,,,,,,
45.7488,-10,-93,0,0,-0.0159,0.1513,-0.0022,-318.2529,705.9630,0.6755,,,,,,,
45.7589,0,0,-12,-112,-0.0185,0.1741,0.0025,-318.3763,706.0872,0.6780,,,,,,,
45.7690,-11,-91,-10,-96,-0.0329,0.2973,0.0000,-318.5885,706.2981,0.6780,,,,,,,
45.7791,-8,-86,0,0,-0.0127,0.1399,-0.0020,-318.6860,706.3991,0.6760,,,,,,,
45.7891,0,0,-11,-110,-0.0170,0.1710,0.0024,-318.8064,706.5218,0.6785,,,,,,,
45.7992,-6,-97,-9,-99,-0.0234,0.3117,-0.0001,-319.0203,706.7498,0.6784,,,,,,,
45.8093,-9,-84,0,0,-0.0143,0.1367,-0.0020,-319.1171,706.8473,0.6765,,,,,,,
45.8194,0,0,-8,-102,-0.0123,0.1586,0.0023,-319.2261,706.9631,0.6787,,,,,,,
45.8258,,,,,,,,,,,-188.3915,787.0904,0.4045,-0.8930,2.5833,0.0020,1
45.8295,-4,-96,0,0,-0.0064,0.1562,-0.0022,-319.3290,707.0808,0.6765,,,,,,,
45.8395,-2,-80,-7,-92,-0.0140,0.2732,0.0002,-319.5110,707.2850,0.6767,,,,,,,
45.8496,0,0,-7,-90,-0.0108,0.1399,0.0020,-319.6071,707.3873,0.6787,,,,,,,
45.8597,-2,-78,0,0,-0.0032,0.1269,-0.0018,-319.6892,707.4841,0.6769,,,,,,,
45.8698,0,0,-7,-93,-0.0108,0.1446,0.0021,-319.7883,707.5900,0.6789,,,,,,,
45.8799,-3,-91,-7,-97,-0.0156,0.2989,0.0000,-319.9880,707.8128,0.6790,,,,,,,
45.8899,-1,-79,0,0,-0.0016,0.1285,-0.0018,-320.0699,707.9119,0.6772,,,,,,,
45.9000,0,0,-8,-90,-0.0123,0.1399,0.0020,-320.1673,708.0131,0.6792,,,,,,,
45.9101,-6,-74,0,0,-0.0095,0.1204,-0.0017,-320.2503,708.1009,0.6774,,,,,,,
45.9202,-5,-83,-10,-90,-0.0234,0.2750,0.0001,-320.4408,708.3004,0.6775,,,,,,,
45.9303,0,0,-2,-90,-0.0031,0.1399,0.0020,-320.5310,708.4074,0.6795,,,,,,,
45.9403,0,-87,0,0,0.0000,0.1415,-0.0020,-320.6199,708.5176,0.6775,,,,,,,
45.9504,0,0,-2,-105,-0.0031,0.1632,0.0023,-320.7248,708.6428,0.6798,,,,,,,
45.9577,,,,,,,,,,,-189.3365,789.1357,0.4054,-0.0639,2.2521,0.0009,1
45.9605,-3,-88,-3,-96,-0.0094,0.2924,0.0001,-320.9159,708.8643,0.6799,,,,,,,
45.9706,-1,-87,0,0,-0.0016,0.1415,-0.0020,-321.0060,708.9734,0.6779,,,,,,,
45.9807,0,0,-1,-101,-0.0015,0.1570,0.0022,-321.1058,709.0947,0.6801,,,,,,,
45.9908,-5,-86,0,0,-0.0080,0.1399,-0.0020,-321.1999,709.1985,0.6781,,,,,,,
46.0009,-2,-93,-8,-103,-0.0155,0.3114,0.0001,-321.4074,709.4313,0.6782,,,,,,,
46.0110,0,0,-10,-103,-0.0154,0.1601,0.0023,-321.5200,709.5462,0.6805,,,,,,,
46.0211,-6,-92,0,0,-0.0095,0.1497,-0.0021,-321.6215,709.6566,0.6784,,,,,,,
46.0312,-6,-83,-13,-103,-0.0296,0.2952,0.0004,-321.8298,709.8679,0.6788,,,,,,,
46.0413,0,0,-8,-101,-0.0123,0.1570,0.0022,-321.9381,709.9822,0.6810,,,,,,,
46.0514,-8,-88,0,0,-0.0127,0.1432,-0.0020,-322.0380,710.0855,0.6790,,,,,,,
46.0614,0,0,-10,-113,-0.0154,0.1757,0.0025,-322.1605,710.2124,0.6815,,,,,,,
46.0715,-13,-89,-11,-113,-0.0376,0.3205,0.0004,-322.3916,710.4376,0.6819,,,,,,,
46.0816,-6,-89,0,0,-0.0095,0.1448,-0.0021,-322.4902,710.5441,0.6798,,,,,,,
46.0917,0,0,-9,-100,-0.0139,0.1555,0.0022,-322.5989,710.6561,0.6821,,,,,,,
46.1018,-6,-85,0,0,-0.0095,0.1383,-0.0020,-322.6933,710.7576,0.6801,,,,,,,
46.1057,,,,,,,,,,,-190.2102,791.9585,0.4051,0.3103,2.9386,-0.0002,1
46.1119,-6,-102,-8,-101,-0.0219,0.3230,-0.0001,-322.9134,710.9949,0.6800,,,,,,,
46.1220,0,0,-9,-116,-0.0139,0.1804,0.0026,-323.0378,711.1263,0.6825,,,,,,,
46.1320,-8,-82,0,0,-0.0127,0.1334,-0.0019,-323.1317,711.2219,0.6806,,,,,,,
46.1421,0,0,-10,-104,-0.0154,0.1617,0.0023,-323.2456,711.3377,0.6829,,,,,,,
46.1522,-11,-87,-12,-111,-0.0360,0.3141,0.0004,-323.4718,711.5586,0.6834,,,,,,,
46.1623,-5,-100,0,0,-0.0080,0.1627,-0.0023,-323.5805,711.6799,0.6811,,,,,,,
46.1724,0,0,-7,-109,-0.0108,0.1695,0.0024,-323.6958,711.8046,0.6835,,,,,,,
46.1825,-3,-94,0,0,-0.0048,0.1529,-0.0022,-323.7959,711.9202,0.6813,,,,,,,
46.1926,-11,-84,-11,-99,-0.0345,0.2906,0.0002,-324.0057,712.1242,0.6815,,,,,,,
46.2026,0,0,-11,-103,-0.0170,0.1601,0.0023,-324.1199,712.2378,0.6838,,,,,,,
46.2127,-6,-84,0,0,-0.0095,0.1367,-0.0020,-324.2135,712.3378,0.6819,,,,,,,
46.2228,0,0,-5,-99,-0.0077,0.1539,0.0022,-324.3167,712.4523,0.6841,,,,,,,
46.2329,-4,-87,-11,-111,-0.0233,0.3141,0.0004,-324.5333,712.6810,0.6845,,,,,,,
46.2424,,,,,,,,,,,-191.0293,794.0987,0.4073,0.0907,2.2898,0.0022,1
46.2430,-2,-79,0,0,-0.0032,0.1285,-0.0018,-324.6169,712.7786,0.6827,,,,,,,
46.2531,0,0,-3,-100,-0.0046,0.1555,0.0022,-324.7187,712.8962,0.6849,,,,,,,
46.2632,-2,-87,-4,-103,-0.0093,0.3017,0.0003,-324.9168,713.1239,0.6852,,,,,,,
46.2733,0,-24,0,0,0.0000,0.0390,-0.0006,-324.9415,713.1541,0.6846,,,,,,,
46.2834,0,0,-4,-97,-0.0062,0.1508,0.0022,-325.0418,713.2670,0.6868,,,,,,,
46.2935,0,-10,0,0,0.0000,0.0163,-0.0002,-325.0521,713.2795,0.6865,,,,,,,
46.3036,-5,-85,-8,-100,-0.0203,0.2938,0.0002,-325.2540,713.4939,0.6868,,,,,,,
46.3136,0,0,-9,-108,-0.0139,0.1679,0.0024,-325.3714,713.6148,0.6892,,,,,,,
46.3237,-11,-78,0,0,-0.0175,0.1269,-0.0018,-325.4655,713.7017,0.6874,,,,,,,
46.3338,0,0,-11,-99,-0.0170,0.1539,0.0022,-325.5764,713.8097,0.6896,,,,,,,
46.3439,-7,-78,-12,-104,-0.0296,0.2886,0.0005,-325.7829,714.0135,0.6901,,,,,,,
46.3540,-6,-91,0,0,-0.0095,0.1480,-0.0021,-325.8844,714.1217,0.6879,,,,,,,
46.3641,0,0,-9,-111,-0.0139,0.1726,0.0025,-326.0048,714.2461,0.6904,,,,,,,
46.3742,-7,-89,0,0,-0.0111,0.1448,-0.0021,-326.1055,714.3507,0.6883,,,,,,,
46.3775,,,,,,,,,,,-192.6134,796.5304,0.4091,-0.4911,2.8603,0.0017,1
46.3842,-8,-84,-14,-104,-0.0343,0.2984,0.0004,-326.3216,714.5593,0.6887,,,,,,,
46.3943,0,0,-13,-111,-0.0200,0.1726,0.0025,-326.4469,714.6796,0.6912,,,,,,,
46.4044,-8,-93,0,0,-0.0127,0.1513,-0.0022,-326.5530,714.7882,0.6890,,,,,,,
46.4145,0,0,-6,-112,-0.0093,0.1741,0.0025,-326.6710,714.9166,0.6915,,,,,,,
46.4246,-4,-76,-8,-105,-0.0187,0.2869,0.0006,-326.8684,715.1256,0.6921,,,,,,,
46.4347,-8,-88,0,0,-0.0127,0.1432,-0.0020,-326.9695,715.2278,0.6900,,,,,,,
46.4448,0,0,-11,-112,-0.0170,0.1741,0.0025,-327.0936,715.3512,0.6925,,,,,,,
46.4549,-9,-101,0,0,-0.0143,0.1643,-0.0023,-327.2094,715.4686,0.6902,,,,,,,
46.4650,-12,-95,-15,-113,-0.0422,0.3302,0.0003,-327.4522,715.6964,0.6905,,,,,,,
46.4750,0,0,-11,-108,-0.0170,0.1679,0.0024,-327.5724,715.8149,0.6929,,,,,,,
46.4851,-9,-85,0,0,-0.0143,0.1383,-0.0020,-327.6716,715.9122,0.6909,,,,,,,
46.4953,-9,-88,-14,-98,-0.0359,0.2955,0.0001,-327.8876,716.1171,0.6910,,,,,,,
46.5053,0,0,-11,-109,-0.0170,0.1695,0.0024,-328.0088,716.2368,0.6934,,,,,,,
46.5154,-10,-89,0,0,-0.0159,0.1448,-0.0021,-328.1135,716.3380,0.6914,,,,,,,
46.5235,,,,,,,,,,,-194.4615,799.8965,0.4094,-0.3568,3.8235,0.0004,1
46.5255,0,0,-11,-109,-0.0170,0.1695,0.0024,-328.2347,716.4576,0.6938,,,,,,,
46.5356,-10,-99,-9,-104,-0.0298,0.3228,0.0000,-328.4640,716.6867,0.6938,,,,,,,
46.5457,-4,-80,0,0,-0.0064,0.1301,-0.0019,-328.5521,716.7828,0.6919,,,,,,,
46.5558,0,0,-11,-102,-0.0170,0.1586,0.0023,-328.6664,716.8940,0.6942,,,,,,,
46.5659,-9,-95,0,0,-0.0143,0.1546,-0.0022,-328.7762,717.0037,0.6920,,,,,,,
46.5759,-3,-80,-9,-106,-0.0186,0.2950,0.0005,-328.9788,717.2189,0.6925,,,,,,,
46.5860,0,0,-11,-89,-0.0170,0.1384,0.0020,-329.0803,717.3145,0.6945,,,,,,,
46.5961,-5,-76,0,0,-0.0080,0.1236,-0.0018,-329.1654,717.4044,0.6927,,,,,,,
46.6062,0,0,-5,-104,-0.0077,0.1617,0.0023,-329.2748,717.5238,0.6950,,,,,,,
46.6163,-6,-96,-10,-97,-0.0250,0.3070,-0.0001,-329.4905,717.7436,0.6949,,,,,,,
46.6264,-5,-76,0,0,-0.0080,0.1236,-0.0018,-329.5757,717.8336,0.6932,,,,,,,
46.6365,0,0,-7,-85,-0.0108,0.1322,0.0019,-329.6686,717.9283,0.6950,,,,,,,
46.6466,-7,-85,0,0,-0.0111,0.1383,-0.0020,-329.7656,718.0274,0.6931,,,,,,,
46.6567,-3,-86,-8,-102,-0.0171,0.2985,0.0003,-329.9695,718.2461,0.6933,,,,,,,
46.6597,,,,,,,,,,,-195.0596,801.2084,0.4120,-0.0264,1.4415,0.0026,1
46.6667,0,0,-7,-94,-0.0108,0.1461,0.0021,-330.0713,718.3515,0.6954,,,,,,,
46.6768,0,-81,0,0,0.0000,0.1318,-0.0019,-330.1556,718.4527,0.6935,,,,,,,
46.6869,0,0,-9,-96,-0.0139,0.1493,0.0021,-330.2618,718.5585,0.6957,,,,,,,
46.6970,-2,-85,-5,-101,-0.0109,0.2953,0.0003,-330.4595,718.7782,0.6959,,,,,,,
46.7071,0,-83,0,0,0.0000,0.1350,-0.0019,-330.5460,718.8819,0.6940,,,,,,,
46.7172,0,0,-9,-92,-0.0139,0.1430,0.0020,-330.6482,718.9829,0.6961,,,,,,,
46.7273,-6,-81,0,0,-0.0095,0.1318,-0.0019,-330.7399,719.0780,0.6942,,,,,,,
46.7373,-10,-86,0,0,-0.0159,0.1399,-0.0020,-330.8416,719.1755,0.6922,,,,,,,
46.7474,0,0,-10,-101,-0.0154,0.1570,0.0022,-330.9538,719.2864,0.6944,,,,,,,
46.7575,-10,-78,0,0,-0.0159,0.1269,-0.0018,-331.0471,719.3738,0.6926,,,,,,,
46.7676,-14,-79,-13,-101,-0.0423,0.2856,0.0004,-331.2621,719.5665,0.6930,,,,,,,
46.7777,0,0,-30,-201,-0.0463,0.3125,0.0045,-331.4978,719.7768,0.6975,,,,,,,
46.7878,-13,-77,0,0,-0.0207,0.1253,-0.0018,-331.5940,719.8596,0.6957,,,,,,,
46.7979,0,0,-16,-108,-0.0247,0.1679,0.0024,-331.7207,719.9726,0.6981,,,,,,,
46.8056,,,,,,,,,,,-196.3228,804.3105,0.4125,0.0848,3.3484,0.0004,1
46.8079,-11,-90,-12,-108,-0.0360,0.3143,0.0003,-331.9504,720.1902,0.6984,,,,,,,
46.8180,-6,-85,0,0,-0.0095,0.1383,-0.0020,-332.0465,720.2901,0.6964,,,,,,,
46.8281,0,0,-10,-96,-0.0154,0.1493,0.0021,-332.1542,720.3946,0.6986,,,,,,,
46.8382,-6,-83,0,0,-0.0095,0.1350,-0.0019,-332.2482,720.4919,0.6966,,,,,,,
46.8483,-10,-89,-12,-104,-0.0344,0.3065,0.0002,-332.4713,720.7049,0.6969,,,,,,,
46.8584,0,0,-4,-111,-0.0062,0.1726,0.0025,-332.5869,720.8331,0.6993,,,,,,,
46.8685,-4,-86,0,0,-0.0064,0.1399,-0.0020,-332.6818,720.9362,0.6973,,,,,,,
46.8785,0,0,-12,-107,-0.0185,0.1664,0.0024,-332.8029,721.0517,0.6997,,,,,,,
46.8886,-8,-86,-12,-102,-0.0312,0.2985,0.0003,-333.0191,721.2599,0.7000,,,,,,,
46.8987,-9,-82,0,0,-0.0143,0.1334,-0.0019,-333.1159,721.3528,0.6981,,,,,,,
46.9088,0,0,-11,-103,-0.0170,0.1601,0.0023,-333.2319,721.4645,0.7004,,,,,,,
46.9189,-12,-78,0,0,-0.0191,0.1269,-0.0018,-333.3282,721.5493,0.6985,,,,,,,
46.9290,-11,-86,-16,-102,-0.0422,0.2985,0.0003,-333.5525,721.7507,0.6988,,,,,,,
46.9391,0,0,-5,-91,-0.0077,0.1415,0.0020,-333.6495,721.8540,0.7008,,,,,,,
46.9413,,,,,,,,,,,-198.0153,806.7812,0.4142,-0.5600,2.9420,0.0017,1
46.9491,-2,-71,0,0,-0.0032,0.1155,-0.0017,-333.7264,721.9403,0.6992,,,,,,,
46.9593,-5,-78,-9,-84,-0.0218,0.2575,0.0001,-333.9088,722.1233,0.6992,,,,,,,
46.9694,0,0,-12,-100,-0.0185,0.1555,0.0022,-334.0231,722.2302,0.7015,,,,,,,
46.9795,-11,-85,0,0,-0.0175,0.1383,-0.0020,-334.1256,722.3247,0.6995,,,,,,,
46.9896,0,0,-6,-105,-0.0093,0.1632,0.0023,-334.2380,722.4435,0.7018,,,,,,,
46.9996,-1,-84,-10,-100,-0.0170,0.2921,0.0003,-334.4396,722.6556,0.7021,,,,,,,
47.0097,-4,-81,0,0,-0.0064,0.1318,-0.0019,-334.5295,722.7522,0.7002,,,,,,,
47.0199,0,0,-5,-94,-0.0077,0.1461,0.0021,-334.6296,722.8589,0.7023,,,,,,,
47.0300,-3,-86,0,0,-0.0048,0.1399,-0.0020,-334.7236,722.9627,0.7003,,,,,,,
47.0401,-8,-86,-5,-97,-0.0204,0.2907,0.0002,-334.9265,723.1718,0.7004,,,,,,,
47.0502,0,0,-13,-99,-0.0200,0.1539,0.0022,-335.0412,723.2764,0.7026,,,,,,,
47.0602,-10,-81,0,0,-0.0159,0.1318,-0.0019,-335.1384,723.3668,0.7008,,,,,,,
47.0703,0,0,-7,-93,-0.0108,0.1446,0.0021,-335.2400,723.4703,0.7028,,,,,,,
47.0804,-3,-79,-13,-103,-0.0248,0.2887,0.0005,-335.4456,723.6744,0.7033,,,,,,,
47.0886,,,,,,,,,,,-198.4255,808.7445,0.4158,0.4145,1.9623,0.0017,1
47.0905,-13,-86,0,0,-0.0207,0.1399,-0.0020,-335.5517,723.7679,0.7013,,,,,,,
47.1006,0,0,-13,-104,-0.0200,0.1617,0.0023,-335.6715,723.8784,0.7036,,,,,,,
47.1107,-7,-82,0,0,-0.0111,0.1334,-0.0019,-335.7662,723.9730,0.7017,,,,,,,
47.1208,-9,-92,-12,-113,-0.0328,0.3254,0.0004,-336.0013,724.2002,0.7021,,,,,,,
47.1309,0,0,-12,-106,-0.0185,0.1648,0.0024,-336.1220,724.3140,0.7044,,,,,,,
47.1410,-9,-85,0,0,-0.0143,0.1383,-0.0020,-336.2224,724.4102,0.7024,,,,,,,
47.1510,0,0,-10,-101,-0.0154,0.1570,0.0022,-336.3357,724.5199,0.7047,,,,,,,
47.1611,-8,-95,-12,-116,-0.0312,0.3349,0.0004,-336.5765,724.7548,0.7050,,,,,,,
47.1712,-10,-93,0,0,-0.0159,0.1513,-0.0022,-336.6866,724.8598,0.7029,,,,,,,
47.1813,0,0,-12,-107,-0.0185,0.1664,0.0024,-336.8083,724.9747,0.7053,,,,,,,
47.1914,-7,-79,-11,-95,-0.0281,0.2762,0.0003,-337.0088,725.1668,0.7055,,,,,,,
47.2015,-10,-88,0,0,-0.0159,0.1432,-0.0020,-337.1137,725.2655,0.7035,,,,,,,
47.2116,0,0,-14,-109,-0.0216,0.1695,0.0024,-337.2399,725.3806,0.7059,,,,,,,
47.2217,-11,-97,0,0,-0.0175,0.1578,-0.0023,-337.3555,725.4895,0.7037,,,,,,,
47.2241,,,,,,,,,,,-200.5098,811.7085,0.4170,-0.7094,3.5534,0.0012,1
47.2317,-12,-84,-11,-108,-0.0360,0.3046,0.0004,-337.5800,725.6984,0.7041,,,,,,,
47.2418,0,0,-18,-112,-0.0278,0.1741,0.0025,-337.7141,725.8130,0.7066,,,,,,,
47.2519,-15,-89,0,0,-0.0239,0.1448,-0.0021,-337.8261,725.9077,0.7045,,,,,,,
47.2620,0,0,-12,-105,-0.0185,0.1632,0.0023,-337.9461,726.0200,0.7069,,,,,,,
47.2721,-6,-87,-10,-110,-0.0250,0.3126,0.0004,-338.1681,726.2414,0.7073,,,,,,,
47.2822,-10,-93,0,0,-0.0159,0.1513,-0.0022,-338.2784,726.3462,0.7051,,,,,,,
47.2922,0,0,-10,-110,-0.0154,0.1710,0.0024,-338.4011,726.4663,0.7076,,,,,,,
47.3023,-6,-89,0,0,-0.0095,0.1448,-0.0021,-338.5024,726.5702,0.7055,,,,,,,
47.3124,-3,-88,-6,-96,-0.0140,0.2924,0.0001,-338.7027,726.7837,0.7056,,,,,,,
47.3225,0,0,-9,-106,-0.0139,0.1648,0.0024,-338.8202,726.9001,0.7079,,,,,,,
47.3326,-7,-95,0,0,-0.0111,0.1546,-0.0022,-338.9291,727.0103,0.7057,,,,,,,
47.3427,0,0,-8,-107,-0.0123,0.1664,0.0024,-339.0465,727.1288,0.7081,,,,,,,
47.3528,-2,-85,-6,-93,-0.0124,0.2829,0.0001,-339.2399,727.3356,0.7082,,,,,,,
47.3591,,,,,,,,,,,-201.5425,814.1293,0.4191,0.0363,2.6316,0.0020,1
47.3629,-8,-82,0,0,-0.0127,0.1334,-0.0019,-339.3363,727.4287,0.7063,,,,,,,
47.3729,0,0,-9,-100,-0.0139,0.1555,0.0022,-339.4479,727.5379,0.7085,,,,,,,
47.3830,-4,-92,0,0,-0.0064,0.1497,-0.0021,-339.5500,727.6475,0.7064,,,,,,,
47.3931,-4,-80,-8,-98,-0.0187,0.2825,0.0003,-339.7476,727.8503,0.7067,,,,,,,
47.4032,0,0,-3,-105,-0.0046,0.1632,0.0023,-339.8573,727.9713,0.7090,,,,,,,
47.4133,-7,-92,0,0,-0.0111,0.1497,-0.0021,-339.9630,728.0778,0.7069,,,,,,,
47.4234,2,-84,-8,-101,-0.0092,0.2937,0.0003,-340.1608,728.2951,0.7072,,,,,,,
47.4334,0,0,-3,-96,-0.0046,0.1493,0.0021,-340.2614,728.4055,0.7093,,,,,,,
47.4435,-2,-86,0,0,-0.0032,0.1399,-0.0020,-340.3548,728.5096,0.7073,,,,,,,
47.4536,0,0,-6,-114,-0.0093,0.1772,0.0025,-340.4772,728.6382,0.7098,,,,,,,
47.4637,-2,-92,-9,-106,-0.0171,0.3145,0.0002,-340.6951,728.8656,0.7101,,,,,,,
47.4738,-7,-89,0,0,-0.0111,0.1448,-0.0021,-340.7978,728.9682,0.7080,,,,,,,
47.4839,0,0,-12,-111,-0.0185,0.1726,0.0025,-340.9242,729.0871,0.7104,,,,,,,
47.4939,-14,-94,0,0,-0.0223,0.1529,-0.0022,-341.0407,729.1887,0.7083,,,,,,,
47.5040,-4,-89,-11,-116,-0.0233,0.3251,0.0005,-341.2700,729.4204,0.7088,,,,,,,
47.5059,,,,,,,,,,,-201.8934,816.3471,0.4203,0.5819,2.1686,0.0012,1
47.5141,0,0,-12,-102,-0.0185,0.1586,0.0023,-341.3874,729.5286,0.7110,,,,,,,
47.5242,-11,-87,0,0,-0.0175,0.1415,-0.0020,-341.4929,729.6245,0.7090,,,,,,,
47.5343,0,0,-14,-112,-0.0216,0.1741,0.0025,-341.6228,729.7425,0.7115,,,,,,,
47.5444,-11,-96,-13,-112,-0.0375,0.3303,0.0003,-341.8670,729.9681,0.7118,,,,,,,
47.5544,-8,-95,0,0,-0.0127,0.1546,-0.0022,-341.9775,730.0769,0.7096,,,,,,,
47.5645,0,0,-9,-111,-0.0139,0.1726,0.0025,-342.1006,730.1987,0.7120,,,,,,,
47.5746,-10,-92,0,0,-0.0159,0.1497,-0.0021,-342.2103,730.3017,0.7099,,,,,,,
47.5847,-3,-90,-10,-116,-0.0202,0.3268,0.0005,-342.4386,730.5363,0.7104,,,,,,,
47.5948,0,0,-11,-107,-0.0170,0.1664,0.0024,-342.5601,730.6512,0.7127,,,,,,,
47.6049,-6,-87,0,0,-0.0095,0.1415,-0.0020,-342.6598,730.7522,0.7107,,,,,,,
47.6149,0,0,-13,-119,-0.0200,0.1850,0.0026,-342.7958,730.8792,0.7134,,,,,,,
47.6250,-9,-84,-12,-103,-0.0328,0.2968,0.0003,-343.0149,731.0821,0.7137,,,,,,,
47.6351,-5,-90,0,0,-0.0080,0.1464,-0.0021,-343.1166,731.1877,0.7116,,,,,,,
47.6421,,,,,,,,,,,-204.3746,819.4177,0.4211,-1.0125,3.8158,0.0008,1
47.6452,0,0,-12,-107,-0.0185,0.1664,0.0024,-343.2394,731.3014,0.7140,,,,,,,
47.6553,-13,-94,0,0,-0.0207,0.1529,-0.0022,-343.3551,731.4036,0.7118,,,,,,,
47.6654,-9,-77,-13,-109,-0.0344,0.2947,0.0006,-343.5737,731.6042,0.7124,,,,,,,
47.6755,0,0,-11,-93,-0.0170,0.1446,0.0021,-343.6811,731.7025,0.7145,,,,,,,
47.6855,-11,-76,0,0,-0.0175,0.1236,-0.0018,-343.7753,731.7845,0.7127,,,,,,,
47.6956,-6,-77,-12,-104,-0.0280,0.2870,0.0005,-343.9842,731.9832,0.7132,,,,,,,
47.7057,0,0,-11,-104,-0.0170,0.1617,0.0023,-344.1030,732.0942,0.7156,,,,,,,
47.7162,1,-72,0,0,0.0016,0.1171,-0.0017,-344.1785,732.1838,0.7139,,,,,,,
47.7263,0,0,-4,-97,-0.0062,0.1508,0.0022,-344.2821,732.2936,0.7160,,,,,,,
47.7364,-4,-75,-7,-104,-0.0172,0.2837,0.0006,-344.4813,732.4963,0.7166,,,,,,,
47.7465,-3,-86,0,0,-0.0048,0.1399,-0.0020,-344.5767,732.5988,0.7146,,,,,,,
47.7566,0,0,-5,-102,-0.0077,0.1586,0.0023,-344.6866,732.7134,0.7169,,,,,,,
47.7667,-5,-92,0,0,-0.0080,0.1497,-0.0021,-344.7908,732.8211,0.7147,,,,,,,
47.7768,-7,-88,-9,-110,-0.0250,0.3142,0.0004,-345.0156,733.0420,0.7151,,,,,,,
47.7869,0,0,-10,-102,-0.0154,0.1586,0.0023,-345.1314,733.1514,0.7174,,,,,,,
47.7890,,,,,,,,,,,-205.5231,822.1069,0.4227,0.0510,2.9237,0.0016,1
47.7969,-4,-82,0,0,-0.0064,0.1334,-0.0019,-345.2238,733.2479,0.7155,,,,,,,
47.8070,0,0,-10,-103,-0.0154,0.1601,0.0023,-345.3406,733.3585,0.7178,,,,,,,
47.8171,-9,-83,-14,-111,-0.0359,0.3076,0.0005,-345.5700,733.5665,0.7183,,,,,,,
47.8272,-6,-83,0,0,-0.0095,0.1350,-0.0019,-345.6660,733.6620,0.7164,,,,,,,
47.8373,0,0,-9,-97,-0.0139,0.1508,0.0022,-345.7756,733.7665,0.7185,,,,,,,
47.8474,-10,-83,-12,-113,-0.0344,0.3107,0.0006,-346.0061,733.9777,0.7191,,,,,,,
47.8575,-11,-86,0,0,-0.0175,0.1399,-0.0020,-346.1113,734.0715,0.7171,,,,,,,
47.8676,0,0,-11,-113,-0.0170,0.1757,0.0025,-346.2397,734.1926,0.7196,,,,,,,
47.8777,-3,-90,0,0,-0.0048,0.1464,-0.0021,-346.3397,734.2997,0.7175,,,,,,,
47.8878,-11,-95,-13,-112,-0.0375,0.3287,0.0003,-346.5842,734.5226,0.7178,,,,,,,
47.8979,0,0,-10,-113,-0.0154,0.1757,0.0025,-346.7115,734.6447,0.7203,,,,,,,
47.9079,-7,-89,0,0,-0.0111,0.1448,-0.0021,-346.8152,734.7463,0.7183,,,,,,,
47.9180,0,0,-9,-107,-0.0139,0.1664,0.0024,-346.9353,734.8622,0.7206,,,,,,,
47.9245,,,,,,,,,,,-206.9971,824.1129,0.4249,-0.5215,2.4341,0.0022,1
47.9281,-8,-87,-12,-111,-0.0312,0.3141,0.0004,-347.1661,735.0776,0.7211,,,,,,,
47.9382,-12,-91,0,0,-0.0191,0.1480,-0.0021,-347.2781,735.1763,0.7190,,,,,,,
47.9483,0,0,-15,-117,-0.0231,0.1819,0.0026,-347.4154,735.2978,0.7216,,,,,,,
47.9584,-12,-87,0,0,-0.0191,0.1415,-0.0020,-347.5232,735.3916,0.7195,,,,,,,
47.9684,-11,-90,-14,-114,-0.0391,0.3237,0.0004,-347.7659,735.6092,0.7200,,,,,,,
47.9785,0,0,-14,-114,-0.0216,0.1772,0.0025,-347.8992,735.7280,0.7225,,,,,,,
47.9886,-10,-86,0,0,-0.0159,0.1399,-0.0020,-348.0035,735.8226,0.7205,,,,,,,
47.9987,0,0,-12,-104,-0.0185,0.1617,0.0023,-348.1242,735.9317,0.7228,,,,,,,
48.0088,-7,-88,-12,-122,-0.0296,0.3328,0.0007,-348.3667,736.1616,0.7235,,,,,,,
48.0189,-8,-92,0,0,-0.0127,0.1497,-0.0021,-348.4752,736.2655,0.7214,,,,,,,
48.0290,0,0,-9,-103,-0.0139,0.1601,0.0023,-348.5915,736.3765,0.7236,,,,,,,
48.0391,-4,-84,0,0,-0.0064,0.1367,-0.0020,-348.6867,736.4748,0.7217,,,,,,,
48.0492,3,-78,-3,-90,0.0001,0.2668,0.0002,-348.8629,736.6751,0.7219,,,,,,,
48.0593,0,0,-9,-114,-0.0139,0.1772,0.0025,-348.9906,736.7988,0.7244,,,,,,,
48.0694,-5,-93,0,0,-0.0080,0.1513,-0.0022,-349.0967,736.9070,0.7222,,,,,,,
48.0713,,,,,,,,,,,-208.6497,826.6789,0.4264,-0.4479,3.0191,0.0015,1
48.0795,-5,-83,-9,-105,-0.0218,0.2983,0.0004,-349.3103,737.1163,0.7227,,,,,,,
48.0896,0,0,-14,-102,-0.0216,0.1586,0.0023,-349.4315,737.2209,0.7249,,,,,,,
48.0997,-8,-81,0,0,-0.0127,0.1318,-0.0019,-349.5283,737.3112,0.7230,,,,,,,
48.1098,0,0,-8,-102,-0.0123,0.1586,0.0023,-349.6426,737.4218,0.7253,,,,,,,
48.1199,-7,-74,-17,-110,-0.0373,0.2914,0.0007,-349.8639,737.6150,0.7260,,,,,,,
48.1300,-9,-76,0,0,-0.0143,0.1236,-0.0018,-349.9566,737.6980,0.7243,,,,,,,
48.1400,0,0,-11,-99,-0.0170,0.1539,0.0022,-350.0714,737.8019,0.7265,,,,,,,
48.1501,-4,-78,0,0,-0.0064,0.1269,-0.0018,-350.1604,737.8927,0.7246,,,,,,,
48.1602,-4,-92,-3,-95,-0.0110,0.2974,-0.0000,-350.3657,738.1080,0.7246,,,,,,,
48.1703,0,0,-14,-116,-0.0216,0.1804,0.0026,-350.5016,738.2286,0.7272,,,,,,,
48.1804,-11,-90,0,0,-0.0175,0.1464,-0.0021,-350.6119,738.3264,0.7251,,,,,,,
48.1905,0,0,-12,-112,-0.0185,0.1741,0.0025,-350.7414,738.4443,0.7276,,,,,,,
48.2006,-10,-82,-14,-116,-0.0375,0.3138,0.0007,-350.9781,738.6536,0.7283,,,,,,,
48.2067,,,,,,,,,,,-209.6585,828.2511,0.4293,-0.2683,1.8486,0.0029,1
48.2107,-9,-98,0,0,-0.0143,0.1594,-0.0023,-351.0948,738.7632,0.7260,,,,,,,
48.2208,0,0,-15,-118,-0.0231,0.1835,0.0026,-351.2340,738.8849,0.7286,,,,,,,
48.2308,-12,-87,0,0,-0.0191,0.1415,-0.0020,-351.3424,738.9779,0.7266,,,,,,,
48.2409,-12,-86,-15,-113,-0.0422,0.3156,0.0005,-351.5837,739.1857,0.7271,,,,,,,
48.2510,0,0,-15,-112,-0.0231,0.1741,0.0025,-351.7168,739.3002,0.7296,,,,,,,
48.2611,-10,-88,0,0,-0.0159,0.1432,-0.0020,-351.8240,739.3965,0.7275,,,,,,,
48.2712,0,0,-9,-102,-0.0139,0.1586,0.0023,-351.9400,739.5055,0.7298,,,,,,,
48.2813,-7,-76,-16,-109,-0.0358,0.2931,0.0007,-352.1622,739.7001,0.7305,,,,,,,
48.2913,-13,-90,0,0,-0.0207,0.1464,-0.0021,-352.2751,739.7954,0.7284,,,,,,,
48.3014,0,0,-20,-115,-0.0308,0.1788,0.0026,-352.4173,739.9082,0.7309,,,,,,,
48.3115,-13,-90,-15,-115,-0.0438,0.3252,0.0005,-352.6671,740.1210,0.7314,,,,,,,
48.3216,-13,-87,0,0,-0.0207,0.1415,-0.0020,-352.7769,740.2127,0.7294,,,,,,,
48.3317,0,0,-13,-110,-0.0200,0.1710,0.0024,-352.9060,740.3267,0.7318,,,,,,,
48.3418,-10,-91,0,0,-0.0159,0.1480,-0.0021,-353.0166,740.4263,0.7297,,,,,,,
48.3421,,,,,,,,,,,-210.9735,831.5122,0.4318,0.1616,3.5126,0.0025,1
48.3518,-11,-88,-11,-111,-0.0345,0.3157,0.0004,-353.2528,740.6386,0.7301,,,,,,,
48.3619,0,0,-13,-105,-0.0200,0.1632,0.0023,-353.3768,740.7467,0.7324,,,,,,,
48.3720,-8,-90,0,0,-0.0127,0.1464,-0.0021,-353.4840,740.8472,0.7303,,,,,,,
48.3821,0,0,-10,-100,-0.0154,0.1555,0.0022,-353.5993,740.9526,0.7326,,,,,,,
48.3922,-3,-81,-6,-100,-0.0140,0.2873,0.0003,-353.8019,741.1568,0.7329,,,,,,,
48.4023,-6,-86,0,0,-0.0095,0.1399,-0.0020,-353.9025,741.2545,0.7309,,,,,,,
48.4123,0,0,-13,-116,-0.0200,0.1804,0.0026,-354.0380,741.3752,0.7335,,,,,,,
48.4224,-11,-89,0,0,-0.0175,0.1448,-0.0021,-354.1478,741.4712,0.7314,,,,,,,
48.4325,-8,-76,-9,-93,-0.0266,0.2682,0.0003,-354.3468,741.6530,0.7317,,,,,,,
48.4426,0,0,-12,-100,-0.0185,0.1555,0.0022,-354.4646,741.7562,0.7339,,,,,,,
48.4527,-7,-83,0,0,-0.0111,0.1350,-0.0019,-354.5632,741.8491,0.7320,,,,,,,
48.4628,0,0,-8,-107,-0.0123,0.1664,0.0024,-354.6837,741.9644,0.7344,,,,,,,
48.4729,-5,-97,-10,-104,-0.0234,0.3195,0.0001,-354.9151,742.1859,0.7344,,,,,,,
48.4829,-6,-78,0,0,-0.0095,0.1269,-0.0018,-355.0072,742.2738,0.7326,,,,,,,
48.4908,,,,,,,,,,,-211.3032,833.1050,0.4341,0.3671,1.5846,0.0023,1
48.4930,0,0,-14,-98,-0.0216,0.1524,0.0022,-355.1252,742.3725,0.7348,,,,,,,
48.5031,-3,-85,0,0,-0.0048,0.1383,-0.0020,-355.2214,742.4720,0.7328,,,,,,,
48.5132,-5,-87,-2,-100,-0.0110,0.2970,0.0002,-355.4283,742.6853,0.7330,,,,,,,
48.5233,0,0,-13,-110,-0.0200,0.1710,0.0024,-355.5578,742.7989,0.7355,,,,,,,
48.5334,-11,-95,0,0,-0.0175,0.1546,-0.0022,-355.6743,742.9019,0.7333,,,,,,,
48.5435,0,0,-14,-104,-0.0216,0.1617,0.0023,-355.7987,743.0074,0.7356,,,,,,,
48.5535,-10,-82,-14,-113,-0.0375,0.3091,0.0006,-356.0340,743.2114,0.7362,,,,,,,
48.5636,-15,-93,0,0,-0.0239,0.1513,-0.0022,-356.1531,743.3076,0.7340,,,,,,,
48.5737,0,0,-17,-114,-0.0262,0.1772,0.0025,-356.2915,743.4214,0.7365,,,,,,,
48.5838,-10,-82,-16,-103,-0.0406,0.2935,0.0004,-356.5188,743.6116,0.7369,,,,,,,
48.5939,-20,-80,0,0,-0.0318,0.1301,-0.0019,-356.6297,743.6867,0.7351,,,,,,,
48.6040,0,0,-24,-118,-0.0370,0.1835,0.0026,-356.7803,743.7978,0.7377,,,,,,,
48.6141,-15,-92,0,0,-0.0239,0.1497,-0.0021,-356.8986,743.8926,0.7355,,,,,,,
48.6237,,,,,,,,,,,-213.1213,835.8252,0.4346,-0.5055,3.2325,0.0006,1
48.6241,-11,-82,-16,-111,-0.0422,0.3060,0.0006,-357.1352,744.0911,0.7361,,,,,,,
48.6342,0,0,-13,-105,-0.0200,0.1632,0.0023,-357.2598,744.1985,0.7384,,,,,,,
48.6443,-11,-87,0,0,-0.0175,0.1415,-0.0020,-357.3679,744.2915,0.7364,,,,,,,
48.6544,0,0,-14,-117,-0.0216,0.1819,0.0026,-357.5062,744.4116,0.7390,,,,,,,
48.6645,-14,-98,-14,-117,-0.0439,0.3413,0.0003,-357.7686,744.6343,0.7393,,,,,,,
48.6746,-11,-87,0,0,-0.0175,0.1415,-0.0020,-357.8768,744.7272,0.7373,,,,,,,
48.6846,0,0,-13,-109,-0.0200,0.1695,0.0024,-358.0057,744.8391,0.7397,,,,,,,
48.6947,-10,-80,0,0,-0.0159,0.1301,-0.0019,-358.1051,744.9246,0.7379,,,,,,,
48.7048,-7,-80,-14,-99,-0.0327,0.2841,0.0003,-358.3204,745.1127,0.7382,,,,,,,
48.7149,0,0,-11,-116,-0.0170,0.1804,0.0026,-358.4545,745.2345,0.7408,,,,,,,
48.7250,-10,-89,0,0,-0.0159,0.1448,-0.0021,-358.5639,745.3307,0.7387,,,,,,,
48.7351,0,0,-11,-98,-0.0170,0.1524,0.0022,-358.6791,745.4318,0.7409,,,,,,,
48.7451,-5,-79,-9,-92,-0.0218,0.2716,0.0002,-358.8785,745.6174,0.7411,,,,,,,
48.7552,-12,-79,0,0,-0.0191,0.1285,-0.0018,-358.9793,745.6995,0.7393,,,,,,,
48.7653,0,0,-18,-109,-0.0278,0.1695,0.0024,-359.1141,745.8058,0.7417,,,,,,,
48.7728,,,,,,,,,,,-214.7660,839.1343,0.4365,-0.0984,3.6940,0.0019,1
48.7754,-9,-84,0,0,-0.0143,0.1367,-0.0020,-359.2169,745.8970,0.7397,,,,,,,
48.7855,-10,-84,-11,-105,-0.0329,0.2999,0.0004,-359.4434,746.0964,0.7401,,,,,,,
48.7956,0,0,-12,-96,-0.0185,0.1493,0.0021,-359.5578,746.1940,0.7423,,,,,,,
48.8056,-7,-75,0,0,-0.0111,0.1220,-0.0017,-359.6484,746.2764,0.7405,,,,,,,
48.8157,-7,-81,-9,-93,-0.0250,0.2764,0.0002,-359.8533,746.4635,0.7407,,,,,,,
48.8258,0,0,-10,-92,-0.0154,0.1430,0.0020,-359.9613,746.5586,0.7427,,,,,,,
48.8359,-11,-86,0,0,-0.0175,0.1399,-0.0020,-360.0687,746.6499,0.7407,,,,,,,
48.8460,0,0,-13,-105,-0.0200,0.1632,0.0023,-360.1938,746.7567,0.7431,,,,,,,
48.8560,-8,-86,-7,-95,-0.0235,0.2876,0.0001,-360.4057,746.9526,0.7432,,,,,,,
48.8661,-3,-83,0,0,-0.0048,0.1350,-0.0019,-360.5005,747.0489,0.7413,,,,,,,
48.8763,0,0,-14,-110,-0.0216,0.1710,0.0024,-360.6321,747.1603,0.7437,,,,,,,
48.8864,-12,-88,0,0,-0.0191,0.1432,-0.0020,-360.7429,747.2528,0.7417,,,,,,,
48.8964,-12,-86,-13,-107,-0.0391,0.3063,0.0004,-360.9787,747.4522,0.7420,,,,,,,
48.9065,0,0,-12,-107,-0.0185,0.1664,0.0024,-361.1049,747.5622,0.7444,,,,,,,
48.9077,,,,,,,,,,,-215.6455,841.5422,0.4382,0.2210,2.5540,0.0017,1
48.9166,-10,-90,0,0,-0.0159,0.1464,-0.0021,-361.2157,747.6592,0.7423,,,,,,,
48.9267,0,0,-18,-111,-0.0278,0.1726,0.0025,-361.3530,747.7674,0.7448,,,,,,,
48.9368,-8,-75,-12,-110,-0.0312,0.2930,0.0007,-361.5746,747.9616,0.7455,,,,,,,
48.9469,-5,-29,0,0,-0.0080,0.0472,-0.0007,-361.6124,747.9909,0.7448,,,,,,,
48.9569,0,0,-13,-113,-0.0200,0.1757,0.0025,-361.7464,748.1063,0.7473,,,,,,,
48.9670,-10,-88,0,0,-0.0159,0.1432,-0.0020,-361.8553,748.2007,0.7453,,,,,,,
48.9771,-5,-88,-10,-102,-0.0234,0.3017,0.0002,-362.0771,748.4065,0.7455,,,,,,,
48.9872,0,0,-15,-109,-0.0231,0.1695,0.0024,-362.2092,748.5152,0.7479,,,,,,,
48.9973,-14,-94,0,0,-0.0223,0.1529,-0.0022,-362.3294,748.6123,0.7457,,,,,,,
49.0074,0,0,-15,-116,-0.0231,0.1804,0.0026,-362.4689,748.7289,0.7483,,,,,,,
49.0175,-12,-85,-12,-104,-0.0376,0.3000,0.0003,-362.7006,748.9231,0.7486,,,,,,,
49.0276,-9,-85,0,0,-0.0143,0.1383,-0.0020,-362.8051,749.0148,0.7467,,,,,,,
49.0377,0,0,-13,-102,-0.0200,0.1586,0.0023,-362.9277,749.1174,0.7489,,,,,,,
49.0423,,,,,,,,,,,-217.0825,843.7253,0.4404,-0.3749,2.5866,0.0022,1
49.0478,-13,-80,-12,-99,-0.0392,0.2841,0.0003,-363.1498,749.2988,0.7493,,,,,,,
49.0579,-16,-86,0,0,-0.0254,0.1399,-0.0020,-363.2637,749.3840,0.7473,,,,,,,
49.0679,0,0,-16,-105,-0.0247,0.1632,0.0023,-363.3928,749.4868,0.7496,,,,,,,
49.0780,-10,-81,0,0,-0.0159,0.1318,-0.0019,-363.4942,749.5726,0.7477,,,,,,,
49.0881,-5,-88,-10,-98,-0.0234,0.2955,0.0001,-363.7123,749.7734,0.7479,,,,,,,
49.0982,0,0,-10,-93,-0.0154,0.1446,0.0021,-363.8220,749.8688,0.7499,,,,,,,
49.1083,-5,-90,0,0,-0.0080,0.1464,-0.0021,-363.9275,749.9706,0.7478,,,,,,,
49.1184,0,0,-7,-105,-0.0108,0.1632,0.0023,-364.0466,750.0828,0.7502,,,,,,,
49.1285,-5,-94,-9,-105,-0.0218,0.3162,0.0001,-364.2781,750.2992,0.7503,,,,,,,
49.1385,-3,-88,0,0,-0.0048,0.1432,-0.0020,-364.3791,750.4008,0.7483,,,,,,,
49.1486,0,0,-12,-106,-0.0185,0.1648,0.0024,-364.5049,750.5088,0.7506,,,,,,,
49.1587,-9,-81,0,0,-0.0143,0.1318,-0.0019,-364.6052,750.5955,0.7487,,,,,,,
49.1688,-2,-80,-12,-87,-0.0217,0.2654,0.0001,-364.8018,750.7752,0.7488,,,,,,,
49.1789,0,0,-2,-92,-0.0031,0.1430,0.0020,-364.9015,750.8778,0.7508,,,,,,,
49.1890,-6,-81,0,0,-0.0095,0.1318,-0.0019,-364.9983,750.9677,0.7490,,,,,,,
49.1904,,,,,,,,,,,-218.8085,845.5181,0.4434,-0.7970,2.3575,0.0029,1
49.1990,0,0,-6,-104,-0.0093,0.1617,0.0023,-365.1153,751.0797,0.7513,,,,,,,
49.2091,-11,-66,-3,-80,-0.0221,0.2318,0.0002,-365.2897,751.2339,0.7515,,,,,,,
49.2192,0,-72,0,0,0.0000,0.1171,-0.0017,-365.3696,751.3196,0.7498,,,,,,,
49.2293,0,0,-12,-104,-0.0185,0.1617,0.0023,-365.4934,751.4251,0.7522,,,,,,,
49.2394,-13,-91,0,0,-0.0207,0.1480,-0.0021,-365.6096,751.5192,0.7500,,,,,,,
49.2495,-8,-93,-14,-108,-0.0343,0.3192,0.0002,-365.8523,751.7294,0.7503,,,,,,,
49.2595,0,0,-11,-105,-0.0170,0.1632,0.0023,-365.9761,751.8371,0.7526,,,,,,,
49.2696,-12,-86,0,0,-0.0191,0.1399,-0.0020,-366.0856,751.9263,0.7506,,,,,,,
49.2797,-7,-94,-11,-107,-0.0281,0.3193,0.0002,-366.3240,752.1406,0.7508,,,,,,,
49.2898,0,0,-12,-105,-0.0185,0.1632,0.0023,-366.4490,752.2472,0.7531,,,,,,,
49.2999,-14,-87,0,0,-0.0223,0.1415,-0.0020,-366.5619,752.3353,0.7511,,,,,,,
49.3100,0,0,-15,-112,-0.0231,0.1741,0.0025,-366.6978,752.4466,0.7536,,,,,,,
49.3200,-9,-92,-11,-99,-0.0313,0.3036,0.0001,-366.9284,752.6466,0.7537,,,,,,,
49.3255,,,,,,,,,,,-219.8513,848.1746,0.4457,0.1976,2.8470,0.0023,1
49.3301,-8,-87,0,0,-0.0127,0.1415,-0.0020,-367.0344,752.7412,0.7516,,,,,,,
49.3402,0,0,-9,-91,-0.0139,0.1415,0.0020,-367.1413,752.8350,0.7537,,,,,,,
49.3503,-10,-73,0,0,-0.0159,0.1188,-0.0017,-367.2341,752.9108,0.7520,,,,,,,
49.3604,-15,-96,-17,-112,-0.0501,0.3303,0.0003,-367.4963,753.1178,0.7522,,,,,,,
49.3705,0,0,-17,-110,-0.0262,0.1710,0.0024,-367.6324,753.2246,0.7547,,,,,,,
49.3806,-14,-90,0,0,-0.0223,0.1464,-0.0021,-367.7488,753.3161,0.7526,,,,,,,
49.3906,0,0,-13,-94,-0.0200,0.1461,0.0021,-367.8635,753.4090,0.7547,,,,,,,
49.4007,-8,-86,-11,-101,-0.0297,0.2969,0.0002,-368.0885,753.6049,0.7549,,,,,,,
49.4108,-7,-84,0,0,-0.0111,0.1367,-0.0020,-368.1902,753.6970,0.7530,,,,,,,
49.4209,0,0,-13,-110,-0.0200,0.1710,0.0024,-368.3219,753.8079,0.7554,,,,,,,
49.4310,-12,-92,0,0,-0.0191,0.1497,-0.0021,-368.4383,753.9039,0.7533,,,,,,,
49.4411,-6,-86,-7,-97,-0.0203,0.2907,0.0002,-368.6520,754.1020,0.7534,,,,,,,
49.4511,0,0,-10,-91,-0.0154,0.1415,0.0020,-368.7601,754.1946,0.7554,,,,,,,
49.4612,-8,-75,0,0,-0.0127,0.1220,-0.0017,-368.8530,754.2747,0.7537,,,,,,,
49.4713,0,0,-8,-94,-0.0123,0.1461,0.0021,-368.9621,754.3727,0.7558,,,,,,,
49.4713,,,,,,,,,,,-221.6848,851.0055,0.4468,-0.4342,3.3448,0.0011,1
49.4814,-11,-83,-16,-94,-0.0422,0.2812,0.0002,-369.1856,754.5484,0.7559,,,,,,,
49.4915,-10,-81,0,0,-0.0159,0.1318,-0.0019,-369.2875,754.6335,0.7541,,,,,,,
49.5016,0,0,-15,-94,-0.0231,0.1461,0.0021,-369.4045,754.7241,0.7561,,,,,,,
49.5117,-11,-78,-10,-91,-0.0329,0.2684,0.0002,-369.6126,754.8967,0.7564,,,,,,,
49.5218,0,0,0,0,0.0000,0.0000,0.0000,-369.6126,754.8967,0.7564,,,,,,,
49.5318,0,0,-11,-91,-0.0170,0.1415,0.0020,-369.7221,754.9879,0.7584,,,,,,,
49.5419,-6,-77,0,0,-0.0095,0.1253,-0.0018,-369.8152,755.0723,0.7566,,,,,,,
49.5520,-10,-81,-11,-98,-0.0329,0.2841,0.0003,-370.0341,755.2564,0.7569,,,,,,,
49.5621,0,0,-9,-86,-0.0139,0.1337,0.0019,-370.1361,755.3439,0.7588,,,,,,,
49.5722,-11,-164,0,0,-0.0175,0.2668,-0.0038,-370.3320,755.5259,0.7550,,,,,,,
49.5823,0,0,-8,-89,-0.0123,0.1384,0.0020,-370.4359,755.6181,0.7570,,,,,,,
49.5923,-14,-87,-15,-99,-0.0454,0.2955,0.0002,-370.6718,755.8017,0.7571,,,,,,,
49.6024,-12,-94,0,0,-0.0191,0.1529,-0.0022,-370.7906,755.8999,0.7549,,,,,,,
49.6068,,,,,,,,,,,-223.1583,852.8133,0.4486,-0.5478,2.2670,0.0018,1
49.6125,0,0,-11,-106,-0.0170,0.1648,0.0024,-370.9160,756.0081,0.7573,,,,,,,
49.6226,-12,-96,0,0,-0.0191,0.1562,-0.0022,-371.0371,756.1086,0.7551,,,,,,,
49.6327,-13,-81,-14,-100,-0.0423,0.2873,0.0003,-371.2648,756.2888,0.7554,,,,,,,
49.6428,0,0,-15,-95,-0.0231,0.1477,0.0021,-371.3830,756.3804,0.7575,,,,,,,
49.6528,-12,-87,0,0,-0.0191,0.1415,-0.0020,-371.4940,756.4702,0.7555,,,,,,,
49.6629,0,0,-16,-109,-0.0247,0.1695,0.0024,-371.6283,756.5765,0.7579,,,,,,,
49.6730,-18,-101,-16,-100,-0.0533,0.3198,-0.0001,-371.8868,756.7721,0.7578,,,,,,,
49.6831,-16,-72,0,0,-0.0254,0.1171,-0.0017,-371.9857,756.8398,0.7561,,,,,,,
49.6932,0,0,-14,-95,-0.0216,0.1477,0.0021,-372.1029,756.9323,0.7582,,,,,,,
49.7033,-6,-89,0,0,-0.0095,0.1448,-0.0021,-372.2093,757.0310,0.7562,,,,,,,
49.7133,-14,-92,-15,-110,-0.0454,0.3207,0.0003,-372.4623,757.2331,0.7565,,,,,,,
49.7234,0,0,-16,-95,-0.0247,0.1477,0.0021,-372.5818,757.3234,0.7586,,,,,,,
49.7335,-11,-87,0,0,-0.0175,0.1415,-0.0020,-372.6917,757.4142,0.7566,,,,,,,
49.7436,0,0,-12,-98,-0.0185,0.1524,0.0022,-372.8099,757.5122,0.7587,,,,,,,
49.7537,-11,-86,-13,-106,-0.0375,0.3047,0.0004,-373.0468,757.7075,0.7591,,,,,,,
49.7550,,,,,,,,,,,-224.1773,855.0425,0.4515,0.0486,2.4505,0.0029,1
49.7638,-11,-95,0,0,-0.0175,0.1546,-0.0022,-373.1658,757.8077,0.7569,,,,,,,
49.7738,0,0,-16,-100,-0.0247,0.1555,0.0022,-373.2906,757.9036,0.7591,,,,,,,
49.7839,-12,-87,-10,-96,-0.0345,0.2908,0.0001,-373.5157,758.0908,0.7592,,,,,,,
49.7940,-9,-89,0,0,-0.0143,0.1448,-0.0021,-373.6257,758.1861,0.7571,,,,,,,
49.8041,0,0,-10,-93,-0.0154,0.1446,0.0021,-373.7363,758.2805,0.7592,,,,,,,
49.8142,-9,-91,0,0,-0.0143,0.1480,-0.0021,-373.8485,758.3782,0.7571,,,,,,,
49.8243,-10,-83,-11,-91,-0.0329,0.2765,0.0001,-374.0623,758.5566,0.7572,,,,,,,
49.8343,0,0,-10,-86,-0.0154,0.1337,0.0019,-374.1654,758.6431,0.7591,,,,,,,
49.8445,-9,-78,0,0,-0.0143,0.1269,-0.0018,-374.2631,758.7254,0.7573,,,,,,,
49.8546,0,0,-13,-95,-0.0200,0.1477,0.0021,-374.3792,758.8188,0.7594,,,,,,,
49.8647,-10,-86,-9,-98,-0.0298,0.2923,0.0002,-374.6020,759.0102,0.7596,,,,,,,
49.8748,-8,-86,0,0,-0.0127,0.1399,-0.0020,-374.7075,759.1030,0.7576,,,,,,,
49.8848,0,0,-11,-92,-0.0170,0.1430,0.0020,-374.8182,759.1952,0.7596,,,,,,,
49.8893,,,,,,,,,,,-226.0491,857.4891,0.4535,-0.6165,3.0182,0.0020,1
49.8949,-14,-81,0,0,-0.0223,0.1318,-0.0019,-374.9250,759.2755,0.7577,,,,,,,
49.9050,-10,-90,-14,-98,-0.0375,0.2988,0.0001,-375.1576,759.4668,0.7578,,,,,,,
49.9151,0,0,-10,-91,-0.0154,0.1415,0.0020,-375.2662,759.5588,0.7598,,,,,,,
49.9252,-8,-80,0,0,-0.0127,0.1301,-0.0019,-375.3650,759.6445,0.7580,,,,,,,
49.9352,0,0,-12,-93,-0.0185,0.1446,0.0021,-375.4779,759.7367,0.7600,,,,,,,
49.9453,-16,-82,-19,-93,-0.0547,0.2780,0.0002,-375.7091,759.9004,0.7602,,,,,,,
49.9554,-10,-88,0,0,-0.0159,0.1432,-0.0020,-375.8192,759.9933,0.7582,,,,,,,
49.9655,0,0,-12,-96,-0.0185,0.1493,0.0021,-375.9354,760.0889,0.7603,,,,,,,
49.9756,-15,-80,0,0,-0.0239,0.1301,-0.0019,-376.0423,760.1668,0.7584,,,,,,,
49.9857,-19,-83,-17,-95,-0.0564,0.2827,0.0002,-376.2777,760.3332,0.7586,,,,,,,
49.9958,0,0,-20,-96,-0.0308,0.1493,0.0021,-376.4028,760.4202,0.7607,,,,,,,
50.0059,-16,-81,0,0,-0.0254,0.1318,-0.0019,-376.5121,760.4982,0.7589,,,,,,,
50.0160,-15,-89,-19,-100,-0.0532,0.3003,0.0002,-376.7572,760.6795,0.7590,,,,,,,
50.0252,,,,,,,,,,,-227.4078,860.0933,0.4564,-0.0804,2.9363,0.0029,1
50.0261,0,0,-17,-95,-0.0262,0.1477,0.0021,-376.8780,760.7685,0.7611,,,,,,,
50.0362,-14,-80,0,0,-0.0223,0.1301,-0.0019,-376.9838,760.8475,0.7593,,,,,,,
50.0463,0,0,-12,-92,-0.0185,0.1430,0.0020,-377.0958,760.9384,0.7613,,,,,,,
50.0563,-13,-79,-18,-106,-0.0484,0.2933,0.0005,-377.3333,761.1173,0.7618,,,,,,,
50.0664,-18,-91,0,0,-0.0286,0.1480,-0.0021,-377.4561,761.2048,0.7597,,,,,,,
50.0765,0,0,-12,-101,-0.0185,0.1570,0.0022,-377.5778,761.3057,0.7620,,,,,,,
50.0866,-10,-85,0,0,-0.0159,0.1383,-0.0020,-377.6846,761.3949,0.7600,,,,,,,
50.0967,-11,-85,-16,-98,-0.0422,0.2906,0.0002,-377.9154,761.5765,0.7602,,,,,,,
50.1067,0,0,-11,-101,-0.0170,0.1570,0.0022,-378.0361,761.6785,0.7624,,,,,,,
50.1168,-14,-89,0,0,-0.0223,0.1448,-0.0021,-378.1521,761.7679,0.7604,,,,,,,
50.1269,0,0,-12,-95,-0.0185,0.1477,0.0021,-378.2674,761.8621,0.7625,,,,,,,
50.1370,-8,-79,-14,-92,-0.0343,0.2716,0.0002,-378.4798,762.0347,0.7627,,,,,,,
50.1471,-13,-90,0,0,-0.0207,0.1464,-0.0021,-378.5958,762.1264,0.7606,,,,,,,
50.1572,0,0,-16,-91,-0.0247,0.1415,0.0020,-378.7113,762.2118,0.7626,,,,,,,
50.1673,-12,-77,0,0,-0.0191,0.1253,-0.0018,-378.8115,762.2893,0.7608,,,,,,,
50.1727,,,,,,,,,,,-229.3381,862.5757,0.4585,-0.6387,3.0790,0.0021,1
50.1773,-9,-79,-15,-91,-0.0374,0.2700,0.0002,-379.0248,762.4590,0.7610,,,,,,,
50.1874,0,0,-10,-88,-0.0154,0.1368,0.0020,-379.1304,762.5474,0.7630,,,,,,,
50.1975,-9,-83,0,0,-0.0143,0.1350,-0.0019,-379.2340,762.6352,0.7610,,,,,,,
50.2076,0,0,-10,-93,-0.0154,0.1446,0.0021,-379.3450,762.7291,0.7631,,,,,,,
50.2177,-8,-83,-10,-91,-0.0281,0.2765,0.0001,-379.5564,762.9095,0.7632,,,,,,,
50.2278,-6,-88,0,0,-0.0095,0.1432,-0.0020,-379.6622,763.0065,0.7611,,,,,,,
50.2378,0,0,-7,-89,-0.0108,0.1384,0.0020,-379.7656,763.0991,0.7631,,,,,,,
50.2479,-8,-77,-9,-84,-0.0266,0.2559,0.0001,-379.9616,763.2656,0.7632,,,,,,,
50.2580,-10,-77,0,0,-0.0159,0.1253,-0.0018,-380.0596,763.3452,0.7614,,,,,,,
50.2681,0,0,-13,-94,-0.0200,0.1461,0.0021,-380.1751,763.4371,0.7635,,,,,,,
50.2782,-9,-80,0,0,-0.0143,0.1301,-0.0019,-380.2753,763.5213,0.7616,,,,,,,
50.2883,-9,-87,-12,-87,-0.0328,0.2768,-0.0001,-380.4901,763.6990,0.7615,,,,,,,
50.2983,0,0,-9,-94,-0.0139,0.1461,0.0021,-380.6011,763.7951,0.7636,,,,,,,
50.3066,,,,,,,,,,,-230.0809,864.5947,0.4608,0.2276,2.1393,0.0023,1
50.3084,-11,-79,0,0,-0.0175,0.1285,-0.0018,-380.7025,763.8759,0.7618,,,,,,,
50.3185,0,0,-14,-88,-0.0216,0.1368,0.0020,-380.8127,763.9599,0.7637,,,,,,,
50.3286,-13,-86,-16,-96,-0.0453,0.2892,0.0001,-381.0454,764.1374,0.7639,,,,,,,
50.3386,-14,-85,0,0,-0.0223,0.1383,-0.0020,-381.1571,764.2219,0.7619,,,,,,,
50.3487,0,0,-16,-103,-0.0247,0.1601,0.0023,-381.2856,764.3206,0.7642,,,,,,,
50.3588,-6,-39,0,0,-0.0095,0.0634,-0.0009,-381.3364,764.3599,0.7633,,,,,,,
50.3689,-12,-82,-14,-91,-0.0407,0.2749,0.0001,-381.5558,764.5304,0.7634,,,,,,,
50.3789,0,0,-14,-97,-0.0216,0.1508,0.0022,-381.6757,764.6243,0.7656,,,,,,,
50.3891,-16,-88,0,0,-0.0254,0.1432,-0.0020,-381.7932,764.7100,0.7635,,,,,,,
50.3991,0,0,-13,-91,-0.0200,0.1415,0.0020,-381.9056,764.7982,0.7655,,,,,,,
50.4092,-9,-82,-13,-95,-0.0344,0.2811,0.0002,-382.1252,764.9771,0.7657,,,,,,,
50.4193,-15,-83,0,0,-0.0239,0.1350,-0.0019,-382.2359,765.0580,0.7638,,,,,,,
50.4294,0,0,-17,-100,-0.0262,0.1555,0.0022,-382.3625,765.1520,0.7660,,,,,,,
50.4394,-14,-87,0,0,-0.0223,0.1415,-0.0020,-382.4765,765.2387,0.7640,,,,,,,
50.4495,-20,-88,-15,-91,-0.0549,0.2846,-0.0000,-382.7131,765.4062,0.7640,,,,,,,
50.4548,,,,,,,,,,,-231.7677,866.8894,0.4625,-0.4904,2.8053,0.0017,1
50.4596,0,0,-22,-96,-0.0339,0.1493,0.0021,-382.8410,765.4904,0.7661,,,,,,,
50.4697,-21,-77,0,0,-0.0334,0.1253,-0.0018,-382.9518,765.5576,0.7643,,,,,,,
50.4798,-6,-78,-20,-92,-0.0404,0.2699,0.0002,-383.1678,765.7245,0.7646,,,,,,,
50.4899,0,0,-16,-92,-0.0247,0.1430,0.0020,-383.2847,765.8105,0.7666,,,,,,,
50.5000,-14,-90,0,0,-0.0223,0.1464,-0.0021,-383.4022,765.9006,0.7645,,,,,,,
50.5101,0,0,-14,-98,-0.0216,0.1524,0.0022,-383.5234,765.9955,0.7667,,,,,,,
50.5201,-13,-89,-10,-88,-0.0361,0.2816,-0.0001,-383.7447,766.1733,0.7666,,,,,,,
50.5302,-1,-82,0,0,-0.0016,0.1334,-0.0019,-383.8383,766.2684,0.7647,,,,,,,
50.5403,0,0,-6,-86,-0.0093,0.1337,0.0019,-383.9376,766.3584,0.7666,,,,,,,
50.5504,-10,-87,0,0,-0.0159,0.1415,-0.0020,-384.0472,766.4494,0.7645,,,,,,,
50.5604,-11,-95,-11,-93,-0.0345,0.2991,-0.0001,-384.2791,766.6415,0.7644,,,,,,,
50.5705,0,0,-9,-89,-0.0139,0.1384,0.0020,-384.3850,766.7316,0.7664,,,,,,,
50.5806,-5,-80,0,0,-0.0080,0.1301,-0.0019,-384.4809,766.8200,0.7645,,,,,,,
50.5907,0,0,0,-46,0.0000,0.0715,0.0010,-384.5304,766.8716,0.7655,,,,,,,
50.5925,,,,,,,,,,,-233.7215,869.2304,0.4660,-0.7040,2.9669,0.0034,1
50.6008,-9,-89,-10,-84,-0.0297,0.2754,-0.0002,-384.7427,767.0495,0.7653,,,,,,,
50.6108,-8,-79,0,0,-0.0127,0.1285,-0.0018,-384.8408,767.1335,0.7635,,,,,,,
50.6209,0,0,-13,-88,-0.0200,0.1368,0.0020,-384.9500,767.2184,0.7655,,,,,,,
50.6310,-10,-78,0,0,-0.0159,0.1269,-0.0018,-385.0493,767.2989,0.7636,,,,,,,
50.6410,-7,-82,-12,-90,-0.0296,0.2733,0.0001,-385.2597,767.4759,0.7637,,,,,,,
50.6511,0,0,-9,-88,-0.0139,0.1368,0.0020,-385.3645,767.5650,0.7657,,,,,,,
50.6612,-13,-77,0,0,-0.0207,0.1253,-0.0018,-385.4661,767.6410,0.7639,,,,,,,
50.6713,0,0,-16,-89,-0.0247,0.1384,0.0020,-385.5797,767.7238,0.7659,,,,,,,
50.6813,-15,-87,-16,-93,-0.0485,0.2861,0.0000,-385.8131,767.8964,0.7659,,,,,,,
50.6914,-12,-83,0,0,-0.0191,0.1350,-0.0019,-385.9203,767.9806,0.7640,,,,,,,
50.7015,0,0,-17,-100,-0.0262,0.1555,0.0022,-386.0469,768.0746,0.7662,,,,,,,
50.7116,-15,-97,0,0,-0.0239,0.1578,-0.0023,-386.1734,768.1719,0.7640,,,,,,,
50.7217,-11,-81,-17,-98,-0.0437,0.2841,0.0003,-386.4016,768.3468,0.7643,,,,,,,
50.7317,0,0,-16,-96,-0.0247,0.1493,0.0021,-386.5228,768.4373,0.7664,,,,,,,
50.7405,,,,,,,,,,,-234.8308,871.2630,0.4678,-0.0778,2.3143,0.0019,1
50.7418,-14,-88,0,0,-0.0223,0.1432,-0.0020,-386.6380,768.5251,0.7643,,,,,,,
50.7519,-10,-91,-18,-104,-0.0437,0.3097,0.0002,-386.8839,768.7185,0.7645,,,,,,,
50.7620,0,0,-10,-96,-0.0154,0.1493,0.0021,-386.9985,768.8154,0.7667,,,,,,,
50.7720,-9,-88,0,0,-0.0143,0.1432,-0.0020,-387.1080,768.9087,0.7646,,,,,,,
50.7821,0,0,-12,-105,-0.0185,0.1632,0.0023,-387.2345,769.0135,0.7670,,,,,,,
50.7922,-14,-96,-16,-97,-0.0469,0.3070,-0.0001,-387.4813,769.2020,0.7669,,,,,,,
50.8023,-5,-83,0,0,-0.0080,0.1350,-0.0019,-387.5806,769.2938,0.7650,,,,,,,
50.8123,0,0,-15,-104,-0.0231,0.1617,0.0023,-387.7094,769.3943,0.7673,,,,,,,
50.8224,-17,-93,0,0,-0.0270,0.1513,-0.0022,-387.8338,769.4846,0.7651,,,,,,,
50.8327,-12,-94,0,0,-0.0191,0.1529,-0.0022,-387.9534,769.5818,0.7629,,,,,,,
50.8428,0,0,-16,-104,-0.0247,0.1617,0.0023,-388.0831,769.6815,0.7652,,,,,,,
50.8529,-10,-60,0,0,-0.0159,0.0976,-0.0014,-388.1621,769.7409,0.7638,,,,,,,
50.8629,0,0,-13,-100,-0.0200,0.1555,0.0022,-388.2842,769.8392,0.7661,,,,,,,
50.8727,,,,,,,,,,,-236.0688,873.2728,0.4710,-0.1987,2.3521,0.0032,1
50.8730,-15,-67,-23,-203,-0.0593,0.4246,0.0030,-388.6218,770.1036,0.7690,,,,,,,
50.8831,-8,-76,0,0,-0.0127,0.1236,-0.0018,-388.7168,770.1837,0.7672,,,,,,,
50.8932,0,0,-11,-96,-0.0170,0.1493,0.0021,-388.8327,770.2792,0.7694,,,,,,,
50.9032,-18,-94,0,0,-0.0286,0.1529,-0.0022,-388.9596,770.3693,0.7672,,,,,,,
50.9133,-10,-87,-14,-103,-0.0375,0.3017,0.0003,-389.1960,770.5604,0.7675,,,,,,,
50.9234,0,0,-11,-90,-0.0170,0.1399,0.0020,-389.3054,770.6492,0.7695,,,,,,,
50.9335,-10,-81,0,0,-0.0159,0.1318,-0.0019,-389.4085,770.7329,0.7676,,,,,,,
50.9435,0,0,-10,-88,-0.0154,0.1368,0.0020,-389.5147,770.8205,0.7695,,,,,,,
50.9536,-16,-73,-14,-90,-0.0470,0.2587,0.0003,-389.7285,770.9736,0.7698,,,,,,,
50.9637,-9,-73,0,0,-0.0143,0.1188,-0.0017,-389.8213,771.0490,0.7681,,,,,,,
50.9738,0,0,-13,-87,-0.0200,0.1353,0.0019,-389.9298,771.1322,0.7701,,,,,,,
50.9839,-13,-72,-14,-87,-0.0423,0.2524,0.0003,-390.1359,771.2840,0.7703,,,,,,,
50.9940,-11,-86,0,0,-0.0175,0.1399,-0.0020,-390.2458,771.3723,0.7683,,,,,,,
51.0041,0,0,-11,-96,-0.0170,0.1493,0.0021,-390.3618,771.4677,0.7705,,,,,,,
51.0074,,,,,,,,,,,-236.8569,875.4399,0.4729,0.2811,2.2888,0.0019,1
51.0142,-14,-89,0,0,-0.0223,0.1448,-0.0021,-390.4785,771.5562,0.7684,,,,,,,
51.0243,-11,-85,-17,-99,-0.0437,0.2922,0.0002,-390.7130,771.7359,0.7686,,,,,,,
51.0344,0,0,-12,-95,-0.0185,0.1477,0.0021,-390.8291,771.8291,0.7707,,,,,,,
51.0445,-12,-86,0,0,-0.0191,0.1399,-0.0020,-390.9402,771.9163,0.7687,,,,,,,
51.0545,0,0,-15,-98,-0.0231,0.1524,0.0022,-391.0628,772.0096,0.7709,,,,,,,
51.0646,-15,-91,-17,-108,-0.0501,0.3160,0.0003,-391.3189,772.2013,0.7712,,,,,,,
51.0748,-15,-96,0,0,-0.0239,0.1562,-0.0022,-391.4448,772.2968,0.7690,,,,,,,
51.0848,0,0,-15,-101,-0.0231,0.1570,0.0022,-391.5707,772.3935,0.7712,,,,,,,
51.0949,-17,-87,0,0,-0.0270,0.1415,-0.0020,-391.6887,772.4762,0.7692,,,,,,,
51.1050,-18,-93,-21,-102,-0.0610,0.3099,0.0001,-391.9480,772.6564,0.7693,,,,,,,
51.1151,0,0,-17,-104,-0.0262,0.1617,0.0023,-392.0795,772.7542,0.7716,,,,,,,
51.1251,-15,-91,0,0,-0.0239,0.1480,-0.0021,-392.1997,772.8438,0.7695,,,,,,,
51.1352,0,0,-14,-101,-0.0216,0.1570,0.0022,-392.3246,772.9414,0.7717,,,,,,,
51.1453,-20,-84,-16,-91,-0.0565,0.2781,0.0001,-392.5590,773.1014,0.7718,,,,,,,
51.1553,,,,,,,,,,,-239.9517,878.0194,0.4752,-1.5802,3.7061,0.0023,1
51.1554,-13,-83,0,0,-0.0207,0.1350,-0.0019,-392.6679,773.1839,0.7699,,,,,,,
51.1655,0,0,-13,-104,-0.0200,0.1617,0.0023,-392.7950,773.2859,0.7722,,,,,,,
51.1756,-14,-90,0,0,-0.0223,0.1464,-0.0021,-392.9130,773.3753,0.7701,,,,,,,
51.1857,-12,-84,-18,-111,-0.0468,0.3092,0.0005,-393.1620,773.5647,0.7706,,,,,,,
51.1957,0,0,-12,-95,-0.0185,0.1477,0.0021,-393.2782,773.6576,0.7727,,,,,,,
51.2058,-23,-65,0,0,-0.0366,0.1057,-0.0015,-393.3782,773.7079,0.7712,,,,,,,
51.2160,-15,-87,-15,-98,-0.0470,0.2939,0.0002,-393.6167,773.8859,0.7713,,,,,,,
51.2261,0,0,-15,-98,-0.0231,0.1524,0.0022,-393.7396,773.9788,0.7735,,,,,,,
51.2361,-10,-85,0,0,-0.0159,0.1383,-0.0020,-393.8475,774.0668,0.7715,,,,,,,
51.2462,0,0,-12,-89,-0.0185,0.1384,0.0020,-393.9574,774.1530,0.7735,,,,,,,
51.2563,-13,-78,-15,-95,-0.0438,0.2746,0.0003,-394.1806,774.3188,0.7738,,,,,,,
51.2664,-10,-80,0,0,-0.0159,0.1301,-0.0019,-394.2828,774.4009,0.7720,,,,,,,
51.2765,0,0,-11,-93,-0.0170,0.1446,0.0021,-394.3959,774.4925,0.7740,,,,,,,
51.2865,-9,-88,0,0,-0.0143,0.1432,-0.0020,-394.5062,774.5850,0.7720,,,,,,,
51.2927,,,,,,,,,,,-240.9382,880.3015,0.4790,0.1669,2.4805,0.0038,1
51.2966,-15,-89,-11,-95,-0.0408,0.2925,0.0000,-394.7394,774.7661,0.7720,,,,,,,
51.3067,0,0,-8,-89,-0.0123,0.1384,0.0020,-394.8449,774.8565,0.7740,,,,,,,
51.3168,-3,-81,0,0,-0.0048,0.1318,-0.0019,-394.9403,774.9475,0.7721,,,,,,,
51.3269,0,0,-9,-98,-0.0139,0.1524,0.0022,-395.0567,775.0469,0.7743,,,,,,,
51.3369,-11,-86,-15,-96,-0.0406,0.2892,0.0001,-395.2879,775.2252,0.7744,,,,,,,
51.3470,-12,-83,0,0,-0.0191,0.1350,-0.0019,-395.3959,775.3085,0.7725,,,,,,,
51.3571,0,0,-8,-91,-0.0123,0.1415,0.0020,-395.5036,775.4011,0.7745,,,,,,,
51.3672,-8,-80,0,0,-0.0127,0.1301,-0.0019,-395.6036,775.4853,0.7727,,,,,,,
51.3773,-17,-89,-14,-97,-0.0486,0.2956,0.0001,-395.8448,775.6630,0.7727,,,,,,,
51.3874,0,0,-17,-93,-0.0262,0.1446,0.0021,-395.9646,775.7481,0.7748,,,,,,,
51.3975,-12,-83,0,0,-0.0191,0.1350,-0.0019,-396.0726,775.8314,0.7729,,,,,,,
51.4075,0,0,-17,-98,-0.0262,0.1524,0.0022,-396.1978,775.9220,0.7751,,,,,,,
51.4176,-18,-82,-19,-102,-0.0579,0.2920,0.0004,-396.4436,776.0900,0.7754,,,,,,,
51.4277,-18,-90,0,0,-0.0286,0.1464,-0.0021,-396.5664,776.1747,0.7733,,,,,,,
51.4363,,,,,,,,,,,-242.1670,882.6647,0.4809,-0.0013,2.6636,0.0018,1
51.4378,0,0,-17,-104,-0.0262,0.1617,0.0023,-396.6982,776.2719,0.7756,,,,,,,
51.4479,-13,-84,-12,-97,-0.0392,0.2875,0.0002,-396.9275,776.4497,0.7758,,,,,,,
51.4580,-12,-84,0,0,-0.0191,0.1367,-0.0020,-397.0368,776.5340,0.7739,,,,,,,
51.4681,0,0,-10,-103,-0.0154,0.1601,0.0023,-397.1598,776.6376,0.7762,,,,,,,
51.4781,-11,-83,0,0,-0.0175,0.1350,-0.0019,-397.2668,776.7218,0.7742,,,,,,,
51.4882,-9,-92,-13,-99,-0.0344,0.3036,0.0001,-397.5037,776.9148,0.7743,,,,,,,
51.4983,0,0,-16,-106,-0.0247,0.1648,0.0024,-397.6366,777.0152,0.7767,,,,,,,
51.5084,-15,-90,0,0,-0.0239,0.1464,-0.0021,-397.7562,777.1031,0.7746,,,,,,,
51.5184,0,0,-14,-103,-0.0216,0.1601,0.0023,-397.8837,777.2023,0.7769,,,,,,,
51.5285,-11,-81,-14,-106,-0.0391,0.2966,0.0005,-398.1196,777.3863,0.7773,,,,,,,
51.5386,-11,-90,0,0,-0.0175,0.1464,-0.0021,-398.2346,777.4786,0.7752,,,,,,,
51.5487,0,0,-14,-103,-0.0216,0.1601,0.0023,-398.3622,777.5777,0.7775,,,,,,,
51.5587,-12,-77,0,0,-0.0191,0.1253,-0.0018,-398.4637,777.6537,0.7757,,,,,,,
51.5688,-12,-88,-15,-97,-0.0422,0.2940,0.0001,-398.6997,777.8340,0.7758,,,,,,,
51.5720,,,,,,,,,,,-244.0680,885.1592,0.4835,-0.5316,3.0909,0.0027,1
51.5789,0,0,-13,-93,-0.0200,0.1446,0.0021,-398.8153,777.9230,0.7779,,,,,,,
51.5890,-8,-77,0,0,-0.0127,0.1253,-0.0018,-398.9122,778.0034,0.7761,,,,,,,
51.5990,0,0,-9,-92,-0.0139,0.1430,0.0020,-399.0224,778.0957,0.7782,,,,,,,
51.6091,-10,-83,-12,-97,-0.0344,0.2858,0.0002,-399.2476,778.2751,0.7784,,,,,,,
51.6192,-11,-87,0,0,-0.0175,0.1415,-0.0020,-399.3593,778.3637,0.7764,,,,,,,
51.6293,0,0,-12,-101,-0.0185,0.1570,0.0022,-399.4827,778.4626,0.7786,,,,,,,
51.6393,-9,-81,0,0,-0.0143,0.1318,-0.0019,-399.5853,778.5465,0.7767,,,,,,,
51.6494,0,-39,-9,-99,-0.0139,0.2174,0.0013,-399.7477,778.6916,0.7780,,,,,,,
51.6595,0,0,-14,-93,-0.0216,0.1446,0.0021,-399.8646,778.7794,0.7801,,,,,,,
51.6696,-8,-82,0,0,-0.0127,0.1334,-0.0019,-399.9674,778.8654,0.7782,,,,,,,
51.6797,0,0,-6,-95,-0.0093,0.1477,0.0021,-400.0778,778.9639,0.7803,,,,,,,
51.6898,-11,-83,-10,-96,-0.0329,0.2843,0.0002,-400.3012,779.1428,0.7805,,,,,,,
51.6998,-8,-73,0,0,-0.0127,0.1188,-0.0017,-400.3937,779.2183,0.7788,,,,,,,
51.7066,,,,,,,,,,,-245.3847,887.6347,0.4848,-0.0148,2.8039,0.0013,1
51.7099,0,0,-9,-84,-0.0139,0.1306,0.0019,-400.4954,779.3014,0.7807,,,,,,,
51.7200,-7,-74,-11,-89,-0.0281,0.2588,0.0003,-400.6975,779.4655,0.7809,,,,,,,
51.7301,-13,-88,0,0,-0.0207,0.1432,-0.0020,-400.8129,779.5527,0.7789,,,,,,,
51.7401,0,0,-17,-107,-0.0262,0.1664,0.0024,-400.9485,779.6525,0.7812,,,,,,,
51.7502,-11,-93,0,0,-0.0175,0.1513,-0.0022,-401.0674,779.7478,0.7791,,,,,,,
51.7603,-14,-82,-14,-108,-0.0439,0.3013,0.0005,-401.3104,779.9313,0.7796,,,,,,,
51.7704,0,0,-16,-106,-0.0247,0.1648,0.0024,-401.4439,780.0310,0.7819,,,,,,,
51.7804,-17,-83,0,0,-0.0270,0.1350,-0.0019,-401.5581,780.1079,0.7800,,,,,,,
51.7905,0,0,-14,-107,-0.0216,0.1664,0.0024,-401.6906,780.2108,0.7824,,,,,,,
51.8006,-11,-95,-13,-109,-0.0375,0.3240,0.0002,-401.9457,780.4141,0.7826,,,,,,,
51.8107,-11,-87,0,0,-0.0175,0.1415,-0.0020,-402.0578,780.5023,0.7806,,,,,,,
51.8208,0,0,-13,-99,-0.0200,0.1539,0.0022,-402.1804,780.5974,0.7828,,,,,,,
51.8308,-9,-82,0,0,-0.0143,0.1334,-0.0019,-402.2846,780.6820,0.7809,,,,,,,
51.8409,-11,-88,-13,-94,-0.0375,0.2893,0.0000,-402.5149,780.8610,0.7809,,,,,,,
51.8510,0,0,-17,-112,-0.0262,0.1741,0.0025,-402.6562,780.9661,0.7834,,,,,,,
51.8561,,,,,,,,,,,-247.2778,889.2435,0.4885,-0.9252,2.3057,0.0037,1
51.8611,-19,-93,0,0,-0.0302,0.1513,-0.0022,-402.7843,781.0521,0.7812,,,,,,,
51.8711,0,0,-20,-118,-0.0308,0.1835,0.0026,-402.9355,781.1605,0.7839,,,,,,,
51.8812,-17,-89,-19,-89,-0.0563,0.2832,-0.0001,-403.1753,781.3212,0.7838,,,,,,,
51.8913,-16,-71,0,0,-0.0254,0.1155,-0.0017,-403.2749,781.3852,0.7821,,,,,,,
51.9014,0,0,-18,-93,-0.0278,0.1446,0.0021,-403.3965,781.4681,0.7842,,,,,,,
51.9114,-9,-91,0,0,-0.0143,0.1480,-0.0021,-403.5111,781.5629,0.7821,,,,,,,
51.9215,-13,-94,-16,-113,-0.0453,0.3286,0.0003,-403.7749,781.7640,0.7824,,,,,,,
51.9316,0,0,-15,-103,-0.0231,0.1601,0.0023,-403.9043,781.8611,0.7847,,,,,,,
51.9417,-11,-82,0,0,-0.0175,0.1334,-0.0019,-404.0109,781.9433,0.7828,,,,,,,
51.9518,0,0,-6,-86,-0.0093,0.1337,0.0019,-404.1118,782.0314,0.7847,,,,,,,
51.9618,-5,-81,-8,-99,-0.0203,0.2857,0.0003,-404.3281,782.2192,0.7850,,,,,,,
51.9719,-6,-104,0,0,-0.0095,0.1692,-0.0024,-404.4543,782.3323,0.7826,,,,,,,
51.9820,0,0,-13,-112,-0.0200,0.1741,0.0025,-404.5914,782.4415,0.7851,,,,,,,
51.9911,,,,,,,,,,,-249.1278,891.2491,0.4916,-0.6924,2.6392,0.0031,1
51.9921,-15,-88,-12,-105,-0.0424,0.3064,0.0003,-404.8380,782.6283,0.7854,,,,,,,
52.0021,-11,-93,0,0,-0.0175,0.1513,-0.0022,-404.9573,782.7230,0.7832,,,,,,,
52.0123,0,0,-11,-106,-0.0170,0.1648,0.0024,-405.0857,782.8277,0.7855,,,,,,,
52.0223,-11,-91,0,0,-0.0175,0.1480,-0.0021,-405.2026,782.9201,0.7834,,,,,,,
52.0324,-12,-84,-15,-98,-0.0422,0.2890,0.0002,-405.4365,783.0951,0.7837,,,,,,,
52.0425,0,0,-12,-98,-0.0185,0.1524,0.0022,-405.5573,783.1898,0.7858,,,,,,,
52.0526,-7,-82,0,0,-0.0111,0.1334,-0.0019,-405.6595,783.2763,0.7839,,,,,,,
52.0626,0,0,-10,-88,-0.0154,0.1368,0.0020,-405.7671,783.3622,0.7859,,,,,,,
52.0727,-2,-78,-5,-98,-0.0109,0.2793,0.0004,-405.9724,783.5518,0.7862,,,,,,,
52.0828,-3,-82,0,0,-0.0048,0.1334,-0.0019,-406.0701,783.6428,0.7843,,,,,,,
52.0929,0,0,-9,-105,-0.0139,0.1632,0.0023,-406.1953,783.7484,0.7867,,,,,,,
52.1029,-7,-96,0,0,-0.0111,0.1562,-0.0022,-406.3136,783.8509,0.7844,,,,,,,
52.1130,-9,-92,-9,-98,-0.0282,0.3020,0.0000,-406.5470,784.0448,0.7845,,,,,,,
52.1231,0,0,-13,-110,-0.0200,0.1710,0.0024,-406.6821,784.1515,0.7869,,,,,,,
52.1332,-12,-91,0,0,-0.0191,0.1480,-0.0021,-406.8003,784.2426,0.7848,,,,,,,
52.1380,,,,,,,,,,,-250.4670,893.7585,0.4932,0.0038,2.8444,0.0016,1
52.1432,0,0,-13,-104,-0.0200,0.1617,0.0023,-406.9289,784.3427,0.7871,,,,,,,
52.1533,-9,-96,-10,-100,-0.0297,0.3117,-0.0000,-407.1706,784.5417,0.7871,,,,,,,
52.1634,-16,-88,0,0,-0.0254,0.1432,-0.0020,-407.2899,784.6248,0.7851,,,,,,,
52.1735,0,0,-15,-115,-0.0231,0.1788,0.0026,-407.4328,784.7348,0.7876,,,,,,,
52.1835,-10,-92,0,0,-0.0159,0.1497,-0.0021,-407.5500,784.8292,0.7855,,,,,,,
52.1936,-14,-91,-13,-110,-0.0423,0.3191,0.0003,-407.8056,785.0249,0.7858,,,,,,,
52.2037,0,0,-14,-109,-0.0216,0.1695,0.0024,-407.9408,785.1292,0.7882,,,,,,,
52.2138,-13,-95,0,0,-0.0207,0.1546,-0.0022,-408.0649,785.2237,0.7860,,,,,,,
52.2238,0,0,-15,-113,-0.0231,0.1757,0.0025,-408.2057,785.3313,0.7885,,,,,,,
52.2339,-9,-89,-12,-115,-0.0328,0.3236,0.0005,-408.4584,785.5360,0.7890,,,,,,,
52.2440,-15,-93,0,0,-0.0239,0.1513,-0.0022,-408.5825,785.6258,0.7869,,,,,,,
52.2541,0,0,-14,-100,-0.0216,0.1555,0.0022,-408.7079,785.7202,0.7891,,,,,,,
52.2641,-18,-87,-13,-115,-0.0487,0.3203,0.0005,-408.9696,785.9112,0.7896,,,,,,,
52.2729,,,,,,,,,,,-251.9441,895.9640,0.4958,-0.2570,2.6419,0.0026,1
52.2742,-9,-96,0,0,-0.0143,0.1562,-0.0022,-409.0905,786.0112,0.7874,,,,,,,
52.2843,0,0,-11,-104,-0.0170,0.1617,0.0023,-409.2171,786.1131,0.7897,,,,,,,
52.2944,-8,-88,0,0,-0.0127,0.1432,-0.0020,-409.3276,786.2050,0.7876,,,,,,,
52.3044,-9,-86,-12,-98,-0.0328,0.2923,0.0002,-409.5579,786.3879,0.7878,,,,,,,
52.3145,0,0,-12,-105,-0.0185,0.1632,0.0023,-409.6868,786.4898,0.7902,,,,,,,
52.3246,-15,-95,0,0,-0.0239,0.1546,-0.0022,-409.8133,786.5818,0.7879,,,,,,,
52.3347,0,0,-10,-109,-0.0154,0.1695,0.0024,-409.9445,786.6902,0.7904,,,,,,,
52.3447,-8,-75,-15,-93,-0.0359,0.2666,0.0003,-410.1592,786.8523,0.7907,,,,,,,
52.3548,-10,-79,0,0,-0.0159,0.1285,-0.0018,-410.2616,786.9315,0.7889,,,,,,,
52.3649,0,0,-9,-93,-0.0139,0.1446,0.0021,-410.3741,787.0234,0.7909,,,,,,,
52.3750,-10,-92,0,0,-0.0159,0.1497,-0.0021,-410.4916,787.1174,0.7888,,,,,,,
52.3850,-9,-89,-10,-113,-0.0297,0.3205,0.0004,-410.7400,787.3221,0.7892,,,,,,,
52.3951,0,0,-9,-96,-0.0139,0.1493,0.0021,-410.8558,787.4173,0.7914,,,,,,,
52.4052,-5,-90,0,0,-0.0080,0.1464,-0.0021,-410.9654,787.5147,0.7893,,,,,,,
52.4153,0,0,-6,-97,-0.0093,0.1508,0.0022,-411.0791,787.6142,0.7914,,,,,,,
52.4207,,,,,,,,,,,-253.4892,899.0684,0.4972,0.1178,3.4656,0.0014,1
52.4254,-2,-94,-14,-114,-0.0248,0.3302,0.0003,-411.3314,787.8286,0.7918,,,,,,,
52.4354,-9,-103,0,0,-0.0143,0.1676,-0.0024,-411.4606,787.9363,0.7894,,,,,,,
52.4455,0,0,-12,-114,-0.0185,0.1772,0.0025,-411.5996,788.0478,0.7919,,,,,,,
52.4556,-12,-90,0,0,-0.0191,0.1464,-0.0021,-411.7171,788.1372,0.7898,,,,,,,
52.4657,-10,-95,-11,-109,-0.0329,0.3240,0.0002,-411.9704,788.3420,0.7900,,,,,,,
52.4757,0,0,-14,-117,-0.0216,0.1819,0.0026,-412.1149,788.4545,0.7926,,,,,,,
52.4858,-5,-92,0,0,-0.0080,0.1497,-0.0021,-412.2270,788.5540,0.7905,,,,,,,
52.4959,0,0,-11,-118,-0.0170,0.1835,0.0026,-412.3695,788.6708,0.7931,,,,,,,
52.5060,-13,-96,-18,-112,-0.0484,0.3303,0.0003,-412.6389,788.8680,0.7934,,,,,,,
52.5160,-14,-95,0,0,-0.0223,0.1546,-0.0022,-412.7645,788.9607,0.7912,,,,,,,
52.5261,0,0,-13,-109,-0.0200,0.1695,0.0024,-412.8993,789.0654,0.7936,,,,,,,
52.5362,-11,-83,-13,-104,-0.0375,0.2967,0.0004,-413.1371,789.2467,0.7940,,,,,,,
52.5463,-13,-100,0,0,-0.0207,0.1627,-0.0023,-413.2675,789.3462,0.7916,,,,,,,
52.5541,,,,,,,,,,,-255.0796,900.9741,0.4991,-0.4888,2.4336,0.0019,1
52.5563,0,0,-13,-122,-0.0200,0.1897,0.0027,-413.4167,789.4650,0.7943,,,,,,,
52.5664,-4,-103,0,0,-0.0064,0.1676,-0.0024,-413.5406,789.5780,0.7919,,,,,,,
52.5765,-7,-97,-11,-114,-0.0281,0.3350,0.0003,-413.7988,789.7934,0.7922,,,,,,,
52.5866,0,0,-14,-113,-0.0216,0.1757,0.0025,-413.9392,789.9012,0.7947,,,,,,,
52.5967,-11,-98,0,0,-0.0175,0.1594,-0.0023,-414.0651,790.0005,0.7925,,,,,,,
52.6067,0,0,-9,-102,-0.0139,0.1586,0.0023,-414.1879,790.1018,0.7947,,,,,,,
52.6168,-5,-86,-11,-101,-0.0249,0.2969,0.0002,-414.4173,790.2920,0.7950,,,,,,,
52.6269,-8,-96,0,0,-0.0127,0.1562,-0.0022,-414.5376,790.3925,0.7927,,,,,,,
52.6370,0,0,-6,-93,-0.0093,0.1446,0.0021,-414.6472,790.4873,0.7948,,,,,,,
52.6471,-2,-86,0,0,-0.0032,0.1399,-0.0020,-414.7492,790.5831,0.7928,,,,,,,
52.6571,-3,-84,-10,-97,-0.0202,0.2875,0.0002,-414.9681,790.7704,0.7930,,,,,,,
52.6672,0,0,-11,-100,-0.0170,0.1555,0.0022,-415.0909,790.8673,0.7952,,,,,,,
52.6773,-8,-97,0,0,-0.0127,0.1578,-0.0023,-415.2124,790.9688,0.7930,,,,,,,
52.6874,0,0,-3,-114,-0.0046,0.1772,0.0025,-415.3420,791.0898,0.7955,,,,,,,
52.6888,,,,,,,,,,,-256.1357,903.7402,0.4998,0.3967,2.9341,0.0006,1
52.6974,-7,-89,-11,-97,-0.0281,0.2956,0.0001,-415.5728,791.2766,0.7956,,,,,,,
52.7075,-5,-87,0,0,-0.0080,0.1415,-0.0020,-415.6794,791.3701,0.7936,,,,,,,
52.7176,0,0,-10,-89,-0.0154,0.1384,0.0020,-415.7889,791.4560,0.7955,,,,,,,
52.7277,-5,-90,0,0,-0.0080,0.1464,-0.0021,-415.8990,791.5529,0.7935,,,,,,,
52.7377,-11,-102,-6,-109,-0.0267,0.3354,0.0001,-416.1568,791.7691,0.7935,,,,,,,
52.7478,0,0,-11,-99,-0.0170,0.1539,0.0022,-416.2785,791.8648,0.7957,,,,,,,
52.7579,-2,-72,0,0,-0.0032,0.1171,-0.0017,-416.3644,791.9446,0.7940,,,,,,,
52.7680,0,0,-3,-84,-0.0046,0.1306,0.0019,-416.4608,792.0328,0.7959,,,,,,,
52.7781,-1,-76,-10,-102,-0.0170,0.2822,0.0005,-416.6744,792.2180,0.7964,,,,,,,
52.7882,-14,-94,0,0,-0.0223,0.1529,-0.0022,-416.7992,792.3092,0.7942,,,,,,,
52.7982,0,0,-17,-109,-0.0262,0.1695,0.0024,-416.9386,792.4091,0.7966,,,,,,,
52.8083,-13,-91,-12,-104,-0.0392,0.3097,0.0002,-417.1875,792.5976,0.7968,,,,,,,
52.8184,-16,-92,0,0,-0.0254,0.1497,-0.0021,-417.3122,792.6841,0.7947,,,,,,,
52.8284,0,0,-15,-101,-0.0231,0.1570,0.0022,-417.4406,792.7775,0.7969,,,,,,,
52.8373,,,,,,,,,,,-258.1577,906.1741,0.5016,-0.6082,3.1052,0.0019,1
52.8385,-4,-91,0,0,-0.0064,0.1480,-0.0021,-417.5508,792.8765,0.7948,,,,,,,
52.8485,-11,-99,-13,-113,-0.0375,0.3367,0.0002,-417.8175,793.0856,0.7950,,,,,,,
52.8586,0,0,-14,-106,-0.0216,0.1648,0.0024,-417.9503,793.1854,0.7974,,,,,,,
52.8687,-8,-85,0,0,-0.0127,0.1383,-0.0020,-418.0581,793.2730,0.7954,,,,,,,
52.8788,0,0,-5,-96,-0.0077,0.1493,0.0021,-418.1702,793.3719,0.7975,,,,,,,
52.8888,-12,-92,-15,-113,-0.0422,0.3254,0.0004,-418.4325,793.5689,0.7979,,,,,,,
52.8989,-13,-94,0,0,-0.0207,0.1529,-0.0022,-418.5564,793.6610,0.7957,,,,,,,
52.9090,0,0,-14,-111,-0.0216,0.1726,0.0025,-418.6949,793.7661,0.7982,,,,,,,
52.9191,-17,-92,0,0,-0.0270,0.1497,-0.0021,-418.8208,793.8514,0.7960,,,,,,,
52.9291,-10,-80,-12,-96,-0.0344,0.2794,0.0003,-419.0446,794.0222,0.7963,,,,,,,
52.9392,0,0,-17,-105,-0.0262,0.1632,0.0023,-419.1797,794.1175,0.7987,,,,,,,
52.9493,-14,-88,0,0,-0.0223,0.1432,-0.0020,-419.2977,794.2015,0.7966,,,,,,,
52.9594,0,0,-14,-109,-0.0216,0.1695,0.0024,-419.4341,794.3044,0.7990,,,,,,,
52.9694,-15,-90,-10,-91,-0.0393,0.2879,-0.0001,-419.6678,794.4771,0.7990,,,,,,,
52.9720,,,,,,,,,,,-259.6783,908.0214,0.5042,-0.4450,2.3509,0.0025,1
52.9795,-10,-79,0,0,-0.0159,0.1285,-0.0018,-419.7710,794.5554,0.7971,,,,,,,
52.9896,0,0,-10,-89,-0.0154,0.1384,0.0020,-419.8808,794.6410,0.7991,,,,,,,
52.9997,-8,-88,0,0,-0.0127,0.1432,-0.0020,-419.9922,794.7318,0.7971,,,,,,,
53.0097,-13,-94,-12,-103,-0.0392,0.3131,0.0001,-420.2435,794.9225,0.7972,,,,,,,
53.0199,0,0,-9,-103,-0.0139,0.1601,0.0023,-420.3679,795.0243,0.7994,,,,,,,
53.0300,-7,-90,0,0,-0.0111,0.1464,-0.0021,-420.4805,795.1186,0.7974,,,,,,,
53.0400,0,0,-7,-93,-0.0108,0.1446,0.0021,-420.5916,795.2117,0.7994,,,,,,,
53.0501,-5,-95,-9,-104,-0.0218,0.3162,0.0001,-420.8336,795.4165,0.7995,,,,,,,
53.0602,-8,-93,0,0,-0.0127,0.1513,-0.0022,-420.9508,795.5130,0.7974,,,,,,,
53.0703,0,0,-8,-93,-0.0123,0.1446,0.0021,-421.0630,795.6051,0.7994,,,,,,,
53.0803,-7,-89,-11,-100,-0.0281,0.3003,0.0002,-421.2979,795.7942,0.7996,,,,,,,
53.0904,-10,-91,0,0,-0.0159,0.1480,-0.0021,-421.4150,795.8861,0.7975,,,,,,,
53.1005,0,0,-7,-95,-0.0108,0.1477,0.0021,-421.5284,795.9815,0.7996,,,,,,,
53.1106,-4,-90,0,0,-0.0064,0.1464,-0.0021,-421.6377,796.0791,0.7975,,,,,,,
53.1207,-9,-97,-13,-103,-0.0344,0.3179,0.0000,-421.8892,796.2766,0.7975,,,,,,,
53.1216,,,,,,,,,,,-260.8493,910.0785,0.5073,-0.0316,2.3668,0.0031,1
53.1307,0,0,-12,-103,-0.0185,0.1601,0.0023,-422.0168,796.3750,0.7998,,,,,,,
53.1408,-10,-98,0,0,-0.0159,0.1594,-0.0023,-422.1422,796.4749,0.7975,,,,,,,
53.1509,0,0,-9,-113,-0.0139,0.1757,0.0025,-422.2777,796.5875,0.8000,,,,,,,
53.1609,-9,-96,-14,-103,-0.0359,0.3163,0.0001,-422.5297,796.7821,0.8001,,,,,,,
53.1710,-11,-98,0,0,-0.0175,0.1594,-0.0023,-422.6561,796.8808,0.7978,,,,,,,
53.1811,0,0,-10,-111,-0.0154,0.1726,0.0025,-422.7906,796.9901,0.8003,,,,,,,
53.1912,-9,-90,0,0,-0.0143,0.1464,-0.0021,-422.9055,797.0819,0.7982,,,,,,,
53.2012,-12,-90,-15,-102,-0.0422,0.3050,0.0002,-423.1534,797.2645,0.7984,,,,,,,
53.2113,0,0,-13,-104,-0.0200,0.1617,0.0023,-423.2833,797.3629,0.8007,,,,,,,
53.2214,-10,-86,0,0,-0.0159,0.1399,-0.0020,-423.3947,797.4490,0.7987,,,,,,,
53.2315,0,0,-11,-97,-0.0170,0.1508,0.0022,-423.5147,797.5419,0.8008,,,,,,,
53.2416,-13,-83,-16,-101,-0.0453,0.2921,0.0003,-423.7560,797.7126,0.8011,,,,,,,
53.2516,-12,-79,0,0,-0.0191,0.1285,-0.0018,-423.8615,797.7884,0.7993,,,,,,,
53.2542,,,,,,,,,,,-261.9907,912.3511,0.5086,0.1064,2.5409,0.0013,1
53.2617,0,0,-16,-109,-0.0247,0.1695,0.0024,-424.0003,797.8887,0.8017,,,,,,,
53.2718,-17,-93,0,0,-0.0270,0.1513,-0.0022,-424.1277,797.9747,0.7996,,,,,,,
53.2819,-13,-92,-14,-111,-0.0423,0.3222,0.0003,-424.3883,798.1689,0.7999,,,,,,,
53.2919,0,0,-12,-109,-0.0185,0.1695,0.0024,-424.5228,798.2736,0.8023,,,,,,,
53.3020,-3,-97,0,0,-0.0048,0.1578,-0.0023,-424.6395,798.3800,0.8001,,,,,,,
53.3121,-5,-91,-9,-107,-0.0218,0.3144,0.0003,-424.8803,798.5833,0.8003,,,,,,,
53.3222,0,0,-10,-111,-0.0154,0.1726,0.0025,-425.0150,798.6923,0.8028,,,,,,,
53.3323,-9,-93,0,0,-0.0143,0.1513,-0.0022,-425.1337,798.7872,0.8006,,,,,,,
53.3423,0,0,-10,-99,-0.0154,0.1539,0.0022,-425.2550,798.8832,0.8028,,,,,,,
53.3524,-3,-83,-7,-97,-0.0156,0.2858,0.0002,-425.4714,799.0705,0.8030,,,,,,,
53.3625,-4,-91,0,0,-0.0064,0.1480,-0.0021,-425.5823,799.1689,0.8009,,,,,,,
53.3726,0,0,-10,-100,-0.0154,0.1555,0.0022,-425.7047,799.2659,0.8032,,,,,,,
53.3827,-3,-92,0,0,-0.0048,0.1497,-0.0021,-425.8156,799.3665,0.8010,,,,,,,
53.3910,,,,,,,,,,,-264.0765,914.9896,0.5104,-0.5369,3.3203,0.0018,1
53.3927,-12,-85,-10,-96,-0.0345,0.2875,0.0002,-426.0461,799.5419,0.8012,,,,,,,
53.4028,0,0,-11,-106,-0.0170,0.1648,0.0024,-426.1764,799.6442,0.8035,,,,,,,
53.4129,-10,-88,0,0,-0.0159,0.1432,-0.0020,-426.2904,799.7322,0.8015,,,,,,,
53.4230,0,0,-11,-99,-0.0170,0.1539,0.0022,-426.4129,799.8270,0.8037,,,,,,,
53.4331,-7,-93,-9,-104,-0.0250,0.3130,0.0001,-426.6556,800.0262,0.8038,,,,,,,
53.4431,-6,-90,0,0,-0.0095,0.1464,-0.0021,-426.7675,800.1211,0.8017,,,,,,,
53.4532,0,0,-10,-107,-0.0154,0.1664,0.0024,-426.8979,800.2255,0.8041,,,,,,,
53.4633,-6,-93,0,0,-0.0095,0.1513,-0.0022,-427.0134,800.3237,0.8020,,,,,,,
53.4734,-6,-93,-6,-99,-0.0188,0.3052,0.0000,-427.2458,800.5225,0.8020,,,,,,,
53.4834,0,0,-10,-104,-0.0154,0.1617,0.0023,-427.3729,800.6236,0.8043,,,,,,,
53.4935,-3,-95,0,0,-0.0048,0.1546,-0.0022,-427.4874,800.7275,0.8021,,,,,,,
53.5036,0,0,-9,-107,-0.0139,0.1664,0.0024,-427.6168,800.8331,0.8045,,,,,,,
53.5137,-10,-104,-12,-112,-0.0344,0.3433,0.0001,-427.8880,801.0464,0.8045,,,,,,,
53.5237,-10,-89,0,0,-0.0159,0.1448,-0.0021,-428.0033,801.1354,0.8025,,,,,,,
53.5338,0,0,-14,-103,-0.0216,0.1601,0.0023,-428.1335,801.2310,0.8048,,,,,,,
53.5370,,,,,,,,,,,-265.3596,917.1024,0.5122,-0.0874,2.4703,0.0018,1
53.5439,-9,-83,0,0,-0.0143,0.1350,-0.0019,-428.2407,801.3144,0.8028,,,,,,,
53.5540,-13,-83,-12,-105,-0.0392,0.2983,0.0004,-428.4825,801.4934,0.8032,,,,,,,
53.5640,0,0,-15,-115,-0.0231,0.1788,0.0026,-428.6274,801.6007,0.8058,,,,,,,
53.5741,-22,-50,0,0,-0.0350,0.0813,-0.0012,-428.7102,801.6319,0.8046,,,,,,,
53.5842,-6,-93,-10,-110,-0.0250,0.3223,0.0003,-428.9598,801.8373,0.8049,,,,,,,
53.5943,0,0,-9,-106,-0.0139,0.1648,0.0024,-429.0884,801.9414,0.8073,,,,,,,
53.6044,-10,-86,0,0,-0.0159,0.1399,-0.0020,-429.2003,802.0268,0.8053,,,,,,,
53.6144,0,0,-11,-115,-0.0170,0.1788,0.0026,-429.3412,802.1383,0.8078,,,,,,,
53.6245,0,0,-11,-106,-0.0170,0.1648,0.0024,-429.4721,802.2398,0.8102,,,,,,,
53.6346,-10,-86,0,0,-0.0159,0.1399,-0.0020,-429.5843,802.3248,0.8082,,,,,,,
53.6447,0,0,-9,-99,-0.0139,0.1539,0.0022,-429.7053,802.4210,0.8104,,,,,,,
53.6547,-9,-84,0,0,-0.0143,0.1367,-0.0020,-429.8141,802.5049,0.8084,,,,,,,
53.6648,-14,-167,-10,-107,-0.0377,0.4380,-0.0015,-430.1567,802.7804,0.8069,,,,,,,
53.6701,,,,,,,,,,,-266.2491,919.8297,0.5125,0.5613,2.8132,0.0003,1
53.6749,0,0,-18,-100,-0.0278,0.1555,0.0022,-430.2883,802.8678,0.8091,,,,,,,
53.6850,-8,-81,0,0,-0.0127,0.1318,-0.0019,-430.3924,802.9496,0.8073,,,,,,,
53.6950,0,0,-9,-105,-0.0139,0.1632,0.0023,-430.5200,803.0523,0.8096,,,,,,,
53.7051,-8,-81,-10,-93,-0.0281,0.2764,0.0002,-430.7395,803.2226,0.8098,,,,,,,
53.7152,-7,-85,0,0,-0.0111,0.1383,-0.0020,-430.8473,803.3100,0.8078,,,,,,,
53.7253,0,0,-8,-103,-0.0123,0.1601,0.0023,-430.9717,803.4116,0.8101,,,,,,,
53.7353,2,-50,0,0,0.0032,0.0813,-0.0012,-431.0283,803.4700,0.8089,,,,,,,
53.7454,0,-1,-3,-102,-0.0046,0.1602,0.0022,-431.1476,803.5771,0.8112,,,,,,,
53.7555,0,0,-5,-103,-0.0077,0.1601,0.0023,-431.2691,803.6817,0.8134,,,,,,,
53.7656,-1,-73,0,0,-0.0016,0.1188,-0.0017,-431.3564,803.7622,0.8118,,,,,,,
53.7757,0,0,-4,-94,-0.0062,0.1461,0.0021,-431.4668,803.8582,0.8138,,,,,,,
53.7857,-1,-85,-3,-95,-0.0062,0.2860,0.0001,-431.6790,804.0500,0.8140,,,,,,,
53.7958,-5,-91,0,0,-0.0080,0.1480,-0.0021,-431.7920,804.1460,0.8119,,,,,,,
53.8059,0,0,-7,-100,-0.0108,0.1555,0.0022,-431.9123,804.2450,0.8141,,,,,,,
53.8160,0,-102,0,0,0.0000,0.1659,-0.0024,-432.0328,804.3591,0.8117,,,,,,,
53.8221,,,,,,,,,,,-268.6462,922.0323,0.5150,-1.0089,3.0952,0.0024,1
53.8261,-6,-86,-6,-100,-0.0188,0.2954,0.0002,-432.2601,804.5487,0.8119,,,,,,,
53.8362,0,0,-10,-97,-0.0154,0.1508,0.0022,-432.3802,804.6412,0.8141,,,,,,,
53.8462,-8,-90,0,0,-0.0127,0.1464,-0.0021,-432.4953,804.7326,0.8120,,,,,,,
53.8563,-10,-99,-12,-105,-0.0344,0.3243,0.0000,-432.7544,804.9308,0.8120,,,,,,,
53.8664,0,0,-10,-107,-0.0154,0.1664,0.0024,-432.8858,805.0339,0.8144,,,,,,,
53.8765,-8,-97,0,0,-0.0127,0.1578,-0.0023,-433.0092,805.1331,0.8121,,,,,,,
53.8866,0,0,-11,-112,-0.0170,0.1741,0.0025,-433.1474,805.2404,0.8146,,,,,,,
53.8966,-10,-100,-11,-113,-0.0329,0.3384,0.0002,-433.4161,805.4486,0.8148,,,,,,,
53.9067,-6,-93,0,0,-0.0095,0.1513,-0.0022,-433.5326,805.5456,0.8127,,,,,,,
53.9168,0,0,-8,-103,-0.0123,0.1601,0.0023,-433.6575,805.6466,0.8149,,,,,,,
53.9269,-6,-90,0,0,-0.0095,0.1464,-0.0021,-433.7705,805.7402,0.8129,,,,,,,
53.9369,-4,-86,-5,-95,-0.0141,0.2876,0.0001,-433.9891,805.9277,0.8130,,,,,,,
53.9470,0,0,-4,-95,-0.0062,0.1477,0.0021,-434.1007,806.0246,0.8151,,,,,,,
53.9548,,,,,,,,,,,-269.5711,924.3218,0.5150,0.3227,2.4480,0.0000,1
53.9571,-4,-83,0,0,-0.0064,0.1350,-0.0019,-434.2032,806.1127,0.8131,,,,,,,
53.9672,0,0,-9,-101,-0.0139,0.1570,0.0022,-434.3270,806.2104,0.8154,,,,,,,
53.9773,-7,-93,-13,-113,-0.0312,0.3270,0.0003,-434.5864,806.4118,0.8157,,,,,,,
53.9873,-12,-98,0,0,-0.0191,0.1594,-0.0023,-434.7155,806.5073,0.8135,,,,,,,
53.9974,0,0,-13,-115,-0.0200,0.1788,0.0026,-434.8593,806.6154,0.8160,,,,,,,
54.0075,-8,-92,0,0,-0.0127,0.1497,-0.0021,-434.9770,806.7088,0.8139,,,,,,,
54.0176,-11,-86,-10,-105,-0.0329,0.3032,0.0003,-435.2200,806.8930,0.8142,,,,,,,
54.0277,0,0,-9,-112,-0.0139,0.1741,0.0025,-435.3563,807.0023,0.8167,,,,,,,
54.0378,-8,-96,0,0,-0.0127,0.1562,-0.0022,-435.4787,807.1001,0.8145,,,,,,,
54.0478,0,0,-9,-102,-0.0139,0.1586,0.0023,-435.6037,807.1986,0.8167,,,,,,,
54.0579,-3,-85,-6,-96,-0.0140,0.2875,0.0002,-435.8229,807.3853,0.8169,,,,,,,
54.0680,-12,-74,0,0,-0.0191,0.1204,-0.0017,-435.9237,807.4538,0.8152,,,,,,,
54.0781,0,0,-13,-108,-0.0200,0.1679,0.0024,-436.0598,807.5542,0.8176,,,,,,,
54.0882,-10,-87,0,0,-0.0159,0.1415,-0.0020,-436.1738,807.6396,0.8155,,,,,,,
54.0982,-8,-93,-11,-104,-0.0297,0.3130,0.0001,-436.4220,807.8325,0.8157,,,,,,,
54.1016,,,,,,,,,,,-271.0223,926.6085,0.5168,-0.1365,2.7049,0.0018,1
54.1083,0,0,-8,-100,-0.0123,0.1555,0.0022,-436.5438,807.9299,0.8179,,,,,,,
54.1184,-8,-96,0,0,-0.0127,0.1562,-0.0022,-436.6664,808.0275,0.8157,,,,,,,
54.1285,-10,-80,-13,-103,-0.0359,0.2903,0.0004,-436.9024,808.2003,0.8161,,,,,,,
54.1385,0,0,-12,-95,-0.0185,0.1477,0.0021,-437.0228,808.2878,0.8182,,,,,,,
54.1486,-12,-91,0,0,-0.0191,0.1480,-0.0021,-437.1438,808.3752,0.8161,,,,,,,
54.1587,0,0,-11,-117,-0.0170,0.1819,0.0026,-437.2881,808.4873,0.8187,,,,,,,
54.1688,-3,-93,-3,-93,-0.0094,0.2959,-0.0001,-437.5106,808.6826,0.8186,,,,,,,
54.1789,-5,-79,0,0,-0.0080,0.1285,-0.0018,-437.6098,808.7647,0.8168,,,,,,,
54.1889,0,0,-12,-109,-0.0185,0.1695,0.0024,-437.7461,808.8671,0.8192,,,,,,,
54.1990,-8,-95,0,0,-0.0127,0.1546,-0.0022,-437.8676,808.9634,0.8170,,,,,,,
54.2091,-7,-93,-10,-106,-0.0266,0.3161,0.0002,-438.1163,809.1604,0.8172,,,,,,,
54.2192,0,0,-11,-119,-0.0170,0.1850,0.0026,-438.2630,809.2744,0.8198,,,,,,,
54.2292,-10,-95,0,0,-0.0159,0.1546,-0.0022,-438.3867,809.3684,0.8176,,,,,,,
54.2376,,,,,,,,,,,-272.5105,928.9400,0.5194,-0.1418,2.7623,0.0026,1
54.2393,0,0,-15,-109,-0.0231,0.1695,0.0024,-438.5263,809.4673,0.8200,,,,,,,
54.2494,-9,-85,-12,-106,-0.0328,0.3031,0.0004,-438.7703,809.6500,0.8204,,,,,,,
54.2595,-12,-91,0,0,-0.0191,0.1480,-0.0021,-438.8915,809.7371,0.8183,,,,,,,
54.2696,0,0,-13,-110,-0.0200,0.1710,0.0024,-439.0302,809.8392,0.8207,,,,,,,
54.2796,-8,-82,0,0,-0.0127,0.1334,-0.0019,-439.1364,809.9209,0.8188,,,,,,,
54.2897,-11,-86,-12,-104,-0.0360,0.3016,0.0003,-439.3813,810.1006,0.8192,,,,,,,
54.2998,0,0,-14,-112,-0.0216,0.1741,0.0025,-439.5233,810.2036,0.8216,,,,,,,
54.3099,-11,-102,0,0,-0.0175,0.1659,-0.0024,-439.6567,810.3039,0.8193,,,,,,,
54.3200,0,0,-11,-114,-0.0170,0.1772,0.0025,-439.7979,810.4124,0.8218,,,,,,,
54.3300,-10,-93,-11,-107,-0.0329,0.3177,0.0002,-440.0529,810.6046,0.8220,,,,,,,
54.3401,-8,-89,0,0,-0.0127,0.1448,-0.0021,-440.1675,810.6939,0.8199,,,,,,,
54.3502,0,0,-11,-113,-0.0170,0.1757,0.0025,-440.3077,810.8012,0.8225,,,,,,,
54.3603,-6,-92,-15,-114,-0.0327,0.3269,0.0004,-440.5695,810.9997,0.8229,,,,,,,
54.3704,-11,-94,0,0,-0.0175,0.1529,-0.0022,-440.6934,811.0910,0.8207,,,,,,,
54.3723,,,,,,,,,,,-273.7933,931.7200,0.5205,0.2662,3.0501,0.0011,1
54.3805,0,0,-12,-115,-0.0185,0.1788,0.0026,-440.8370,811.1991,0.8232,,,,,,,
54.3906,-6,-81,0,0,-0.0095,0.1318,-0.0019,-440.9400,811.2818,0.8213,,,,,,,
54.4006,-8,-76,-9,-100,-0.0266,0.2791,0.0005,-441.1625,811.4525,0.8218,,,,,,,
54.4107,0,0,-12,-94,-0.0185,0.1461,0.0021,-441.2823,811.5383,0.8239,,,,,,,
54.4208,-11,-90,0,0,-0.0175,0.1464,-0.0021,-441.4015,811.6251,0.8218,,,,,,,
54.4309,0,0,-14,-105,-0.0216,0.1632,0.0023,-441.5359,811.7202,0.8241,,,,,,,
54.4410,-2,-88,-6,-101,-0.0124,0.3002,0.0002,-441.7647,811.9150,0.8243,,,,,,,
54.4510,-4,-81,0,0,-0.0064,0.1318,-0.0019,-441.8656,811.9999,0.8224,,,,,,,
54.4611,0,0,-9,-103,-0.0139,0.1601,0.0023,-441.9925,812.0985,0.8247,,,,,,,
54.4712,-9,-93,0,0,-0.0143,0.1513,-0.0022,-442.1133,812.1909,0.8226,,,,,,,
54.4813,-2,-88,-7,-103,-0.0140,0.3033,0.0002,-442.3451,812.3869,0.8228,,,,,,,
54.4914,0,0,-6,-105,-0.0093,0.1632,0.0023,-442.4712,812.4910,0.8251,,,,,,,
54.5014,-3,-87,0,0,-0.0048,0.1415,-0.0020,-442.5783,812.5837,0.8231,,,,,,,
54.5115,0,0,-4,-104,-0.0062,0.1617,0.0023,-442.7012,812.6890,0.8254,,,,,,,
54.5193,,,,,,,,,,,-276.1892,933.5621,0.5228,-1.1626,2.7896,0.0023,1
54.5216,-7,-79,-12,-106,-0.0296,0.2933,0.0005,-442.9369,812.8661,0.8259,,,,,,,
54.5317,-9,-80,0,0,-0.0143,0.1301,-0.0019,-443.0422,812.9439,0.8241,,,,,,,
54.5418,0,0,-15,-102,-0.0231,0.1586,0.0023,-443.1744,813.0344,0.8264,,,,,,,
54.5519,-8,-74,0,0,-0.0127,0.1204,-0.0017,-443.2715,813.1067,0.8246,,,,,,,
54.5619,-11,-80,-12,-109,-0.0360,0.2996,0.0006,-443.5160,813.2836,0.8252,,,,,,,
54.5720,0,0,-17,-103,-0.0262,0.1601,0.0023,-443.6515,813.3729,0.8275,,,,,,,
54.5821,-17,-80,0,0,-0.0270,0.1301,-0.0019,-443.7656,813.4411,0.8256,,,,,,,
54.5922,0,0,-17,-109,-0.0262,0.1695,0.0024,-443.9080,813.5366,0.8280,,,,,,,
54.6023,-11,-90,-11,-112,-0.0345,0.3205,0.0004,-444.1675,813.7280,0.8284,,,,,,,
54.6123,-9,-93,0,0,-0.0143,0.1513,-0.0022,-444.2885,813.8198,0.8263,,,,,,,
54.6224,0,0,-12,-111,-0.0185,0.1726,0.0025,-444.4281,813.9230,0.8287,,,,,,,
54.6325,-11,-93,-11,-109,-0.0345,0.3208,0.0003,-444.6879,814.1143,0.8290,,,,,,,
54.6426,-7,-84,0,0,-0.0111,0.1367,-0.0020,-444.7960,814.1986,0.8270,,,,,,,
54.6527,0,0,-15,-113,-0.0231,0.1757,0.0025,-444.9411,814.3003,0.8296,,,,,,,
54.6549,,,,,,,,,,,-277.6403,936.2087,0.5242,0.0641,3.0176,0.0015,1
54.6627,-11,-96,0,0,-0.0175,0.1562,-0.0022,-445.0680,814.3930,0.8273,,,,,,,
54.6728,-10,-84,-13,-107,-0.0359,0.3030,0.0004,-445.3155,814.5716,0.8278,,,,,,,
54.6829,0,0,-14,-107,-0.0216,0.1664,0.0024,-445.4527,814.6681,0.8301,,,,,,,
54.6930,-11,-91,0,0,-0.0175,0.1480,-0.0021,-445.5737,814.7552,0.8280,,,,,,,
54.7031,0,0,-14,-112,-0.0216,0.1741,0.0025,-445.7167,814.8569,0.8305,,,,,,,
54.7132,-10,-90,-13,-102,-0.0359,0.3050,0.0002,-445.9661,815.0360,0.8307,,,,,,,
54.7232,-9,-85,0,0,-0.0143,0.1383,-0.0020,-446.0778,815.1188,0.8287,,,,,,,
54.7333,0,0,-11,-107,-0.0170,0.1664,0.0024,-446.2120,815.2186,0.8311,,,,,,,
54.7434,-7,-86,0,0,-0.0111,0.1399,-0.0020,-446.3227,815.3048,0.8291,,,,,,,
54.7535,0,-77,-11,-99,-0.0170,0.2792,0.0004,-446.5401,815.4809,0.8295,,,,,,,
54.7636,0,0,-8,-97,-0.0123,0.1508,0.0022,-446.6597,815.5735,0.8316,,,,,,,
54.7737,-5,-81,0,0,-0.0080,0.1318,-0.0019,-446.7624,815.6565,0.8298,,,,,,,
54.7837,0,0,-9,-104,-0.0139,0.1617,0.0023,-446.8912,815.7552,0.8321,,,,,,,
54.7938,-5,-91,-2,-97,-0.0110,0.2989,0.0000,-447.1196,815.9483,0.8321,,,,,,,
54.8039,-1,-84,0,0,-0.0016,0.1367,-0.0020,-447.2216,816.0392,0.8302,,,,,,,
54.8062,,,,,,,,,,,-278.6340,937.9500,0.5277,0.0114,2.0048,0.0035,1
54.8140,0,0,-8,-102,-0.0123,0.1586,0.0023,-447.3471,816.1370,0.8324,,,,,,,
54.8241,-8,-86,0,0,-0.0127,0.1399,-0.0020,-447.4590,816.2219,0.8304,,,,,,,
54.8342,-1,-86,-8,-101,-0.0139,0.2969,0.0002,-447.6876,816.4119,0.8307,,,,,,,
54.8442,0,0,-2,-107,-0.0031,0.1664,0.0024,-447.8127,816.5216,0.8330,,,,,,,
54.8543,-2,-90,0,0,-0.0032,0.1464,-0.0021,-447.9231,816.6179,0.8310,,,,,,,
54.8645,-5,-83,-12,-105,-0.0265,0.2983,0.0004,-448.1612,816.7994,0.8314,,,,,,,
54.8746,0,0,-8,-88,-0.0123,0.1368,0.0020,-448.2707,816.8824,0.8333,,,,,,,
54.8847,0,-82,0,0,0.0000,0.1334,-0.0019,-448.3694,816.9722,0.8314,,,,,,,
54.8947,0,0,-4,-109,-0.0062,0.1695,0.0024,-448.4989,817.0816,0.8338,,,,,,,
54.9048,-7,-94,-6,-106,-0.0204,0.3177,0.0002,-448.7479,817.2800,0.8340,,,,,,,
54.9149,-2,-92,0,0,-0.0032,0.1497,-0.0021,-448.8608,817.3784,0.8319,,,,,,,
54.9250,0,0,0,0,0.0000,0.0000,0.0000,-448.8608,817.3784,0.8319,,,,,,,
54.9350,-10,-95,0,0,-0.0159,0.1546,-0.0022,-448.9856,817.4709,0.8296,,,,,,,
54.9365,,,,,,,,,,,-279.9241,939.8967,0.5277,-0.1343,2.3316,0.0000,1
54.9451,-5,-86,-10,-107,-0.0234,0.3063,0.0004,-449.2274,817.6603,0.8300,,,,,,,
54.9552,0,0,-11,-115,-0.0170,0.1788,0.0026,-449.3709,817.7683,0.8326,,,,,,,
54.9653,-11,-80,0,0,-0.0175,0.1301,-0.0019,-449.4789,817.8430,0.8307,,,,,,,
54.9753,0,0,-24,-206,-0.0370,0.3203,0.0046,-449.7408,818.0311,0.8353,,,,,,,
54.9854,-11,-84,-10,-105,-0.0329,0.2999,0.0004,-449.9852,818.2079,0.8357,,,,,,,
54.9955,-7,-74,0,0,-0.0111,0.1204,-0.0017,-450.0820,818.2804,0.8340,,,,,,,
55.0056,0,0,-13,-100,-0.0200,0.1555,0.0022,-450.2107,818.3699,0.8362,,,,,,,
55.0157,-11,-81,0,0,-0.0175,0.1318,-0.0019,-450.3201,818.4454,0.8343,,,,,,,
55.0258,-9,-90,-14,-111,-0.0359,0.3190,0.0004,-450.5806,818.6330,0.8347,,,,,,,
55.0359,0,0,-14,-112,-0.0216,0.1741,0.0025,-450.7242,818.7337,0.8372,,,,,,,
55.0459,-9,-87,0,0,-0.0143,0.1415,-0.0020,-450.8389,818.8180,0.8351,,,,,,,
55.0560,0,0,-8,-108,-0.0123,0.1679,0.0024,-450.9718,818.9214,0.8375,,,,,,,
55.0661,-10,-91,-8,-112,-0.0282,0.3222,0.0004,-451.2301,819.1160,0.8379,,,,,,,
55.0762,-4,-85,0,0,-0.0064,0.1383,-0.0020,-451.3370,819.2039,0.8359,,,,,,,
55.0863,0,0,-12,-104,-0.0185,0.1617,0.0023,-451.4695,819.2984,0.8382,,,,,,,
55.0869,,,,,,,,,,,-282.1962,942.8975,0.5289,-0.4518,3.7367,0.0011,1
55.0965,-2,-77,-9,-108,-0.0171,0.2932,0.0006,-451.6989,819.4817,0.8389,,,,,,,
55.1065,-6,-75,0,0,-0.0095,0.1220,-0.0017,-451.7960,819.5562,0.8371,,,,,,,
55.1166,0,0,-6,-100,-0.0093,0.1555,0.0022,-451.9178,819.6533,0.8393,,,,,,,
55.1267,-2,-75,0,0,-0.0032,0.1220,-0.0017,-452.0106,819.7326,0.8376,,,,,,,
55.1368,-4,-78,-8,-92,-0.0187,0.2699,0.0002,-452.2237,819.8993,0.8378,,,,,,,
55.1469,0,0,-4,-107,-0.0062,0.1664,0.0024,-452.3516,820.0059,0.8402,,,,,,,
55.1570,-5,-87,0,0,-0.0080,0.1415,-0.0020,-452.4623,820.0945,0.8382,,,,,,,
55.1670,0,0,-6,-103,-0.0093,0.1601,0.0023,-452.5876,820.1946,0.8405,,,,,,,
55.1771,-1,-84,-8,-98,-0.0139,0.2890,0.0002,-452.8122,820.3770,0.8407,,,,,,,
55.1872,-4,-72,0,0,-0.0064,0.1171,-0.0017,-452.9037,820.4505,0.8390,,,,,,,
55.1973,0,0,-4,-93,-0.0062,0.1446,0.0021,-453.0155,820.5424,0.8411,,,,,,,
55.2074,1,-78,0,0,0.0016,0.1269,-0.0018,-453.1089,820.6282,0.8393,,,,,,,
55.2175,-1,-92,-7,-105,-0.0124,0.3129,0.0002,-453.3501,820.8280,0.8395,,,,,,,
55.2204,,,,,,,,,,,-283.0118,944.8557,0.5307,0.2838,2.1021,0.0018,1
55.2276,0,0,-6,-106,-0.0093,0.1648,0.0024,-453.4790,820.9311,0.8418,,,,,,,
55.2376,0,-30,0,0,0.0000,0.0488,-0.0007,-453.5154,820.9636,0.8411,,,,,,,
55.2477,0,0,-2,-89,-0.0031,0.1384,0.0020,-453.6207,821.0534,0.8431,,,,,,,
55.2578,0,-73,-6,-106,-0.0093,0.2836,0.0007,-453.8387,821.2351,0.8437,,,,,,,
55.2679,-4,-88,0,0,-0.0064,0.1432,-0.0020,-453.9498,821.3256,0.8417,,,,,,,
55.2780,0,0,-8,-120,-0.0123,0.1866,0.0027,-454.0973,821.4405,0.8444,,,,,,,
55.2880,-1,-33,0,0,-0.0016,0.0537,-0.0008,-454.1385,821.4750,0.8436,,,,,,,
55.2981,-7,-71,-12,-111,-0.0296,0.2881,0.0008,-454.3734,821.6442,0.8444,,,,,,,
55.3082,0,0,-11,-103,-0.0170,0.1601,0.0023,-454.5045,821.7378,0.8467,,,,,,,
55.3183,-6,-81,0,0,-0.0095,0.1318,-0.0019,-454.6095,821.8180,0.8448,,,,,,,
55.3285,-9,-83,-13,-114,-0.0344,0.3123,0.0006,-454.8659,821.9995,0.8454,,,,,,,
55.3386,0,0,-11,-107,-0.0170,0.1664,0.0024,-455.0017,822.0971,0.8478,,,,,,,
55.3487,-4,-86,0,0,-0.0064,0.1399,-0.0020,-455.1108,822.1850,0.8458,,,,,,,
55.3582,,,,,,,,,,,-284.2947,946.4732,0.5333,-0.2878,2.0444,0.0026,1
55.3588,0,0,-9,-94,-0.0139,0.1461,0.0021,-455.2294,822.2714,0.8479,,,,,,,
55.3688,-1,-69,-10,-110,-0.0170,0.2833,0.0008,-455.4532,822.4459,0.8487,,,,,,,
55.3789,10,-74,0,0,0.0159,0.1204,-0.0017,-455.5330,822.5375,0.8470,,,,,,,
55.3890,0,0,-14,-110,-0.0216,0.1710,0.0024,-455.6755,822.6344,0.8495,,,,,,,
55.3991,8,-25,0,0,0.0127,0.0407,-0.0006,-455.6976,822.6708,0.8489,,,,,,,
55.4092,-4,-34,-13,-105,-0.0264,0.2186,0.0015,-455.8792,822.7953,0.8504,,,,,,,
55.4192,0,0,-14,-99,-0.0216,0.1539,0.0022,-456.0092,822.8805,0.8526,,,,,,,
55.4293,-12,-71,0,0,-0.0191,0.1155,-0.0017,-456.1087,822.9422,0.8510,,,,,,,
55.4394,0,0,-14,-111,-0.0216,0.1726,0.0025,-456.2528,823.0395,0.8534,,,,,,,
55.4495,-10,-89,-11,-100,-0.0329,0.3003,0.0002,-456.5007,823.2122,0.8536,,,,,,,
55.4596,-6,-76,0,0,-0.0095,0.1236,-0.0018,-456.6001,823.2863,0.8518,,,,,,,
55.4697,0,0,-7,-90,-0.0108,0.1399,0.0020,-456.7126,823.3702,0.8538,,,,,,,
55.4798,-5,-81,0,0,-0.0080,0.1318,-0.0019,-456.8171,823.4509,0.8519,,,,,,,
55.4899,-9,-90,-9,-108,-0.0282,0.3143,0.0003,-457.0722,823.6367,0.8522,,,,,,,
55.4999,0,0,-9,-105,-0.0139,0.1632,0.0023,-457.2044,823.7335,0.8546,,,,,,,
55.5022,,,,,,,,,,,-286.1736,949.1468,0.5341,-0.2588,3.2575,0.0008,1
55.5100,-1,-84,0,0,-0.0016,0.1367,-0.0020,-457.3084,823.8222,0.8526,,,,,,,
55.5201,0,0,-7,-99,-0.0108,0.1539,0.0022,-457.4315,823.9152,0.8548,,,,,,,
55.5302,-5,-80,-9,-103,-0.0218,0.2903,0.0004,-457.6649,824.0892,0.8552,,,,,,,
55.5403,-5,-83,0,0,-0.0080,0.1350,-0.0019,-457.7719,824.1719,0.8533,,,,,,,
55.5503,0,0,-7,-97,-0.0108,0.1508,0.0022,-457.8928,824.2628,0.8555,,,,,,,
55.5604,-4,-84,0,0,-0.0064,0.1367,-0.0020,-458.0000,824.3477,0.8535,,,,,,,
55.5705,-7,-75,-6,-95,-0.0204,0.2697,0.0004,-458.2167,824.5096,0.8539,,,,,,,
55.5805,0,0,-7,-89,-0.0108,0.1384,0.0020,-458.3282,824.5923,0.8559,,,,,,,
55.5906,-2,-72,0,0,-0.0032,0.1171,-0.0017,-458.4187,824.6667,0.8542,,,,,,,
55.6007,-6,-87,-13,-101,-0.0296,0.2986,0.0002,-458.6632,824.8405,0.8544,,,,,,,
55.6108,0,0,-10,-113,-0.0154,0.1757,0.0025,-458.8060,824.9441,0.8569,,,,,,,
55.6209,-6,-87,0,0,-0.0095,0.1415,-0.0020,-458.9191,825.0296,0.8549,,,,,,,
55.6309,0,0,-11,-111,-0.0170,0.1726,0.0025,-459.0606,825.1299,0.8574,,,,,,,
55.6384,,,,,,,,,,,-288.0303,951.6869,0.5359,-0.3052,3.1315,0.0018,1
55.6410,-9,-87,-11,-108,-0.0313,0.3095,0.0004,-459.3151,825.3087,0.8577,,,,,,,
55.6511,-7,-74,0,0,-0.0111,0.1204,-0.0017,-459.4134,825.3792,0.8560,,,,,,,
55.6612,0,0,-11,-106,-0.0170,0.1648,0.0024,-459.5491,825.4742,0.8584,,,,,,,
55.6712,-10,-80,0,0,-0.0159,0.1301,-0.0019,-459.6579,825.5474,0.8565,,,,,,,
55.6813,-12,-87,-17,-118,-0.0453,0.3250,0.0006,-459.9332,825.7259,0.8571,,,,,,,
55.6914,0,0,-12,-106,-0.0185,0.1648,0.0024,-460.0700,825.8197,0.8595,,,,,,,
55.7015,-7,-78,0,0,-0.0111,0.1269,-0.0018,-460.1733,825.8942,0.8577,,,,,,,
55.7115,0,0,-11,-96,-0.0170,0.1493,0.0021,-460.2974,825.9789,0.8598,,,,,,,
55.7216,-7,-72,-14,-104,-0.0327,0.2788,0.0006,-460.5300,826.1360,0.8604,,,,,,,
55.7317,-11,-84,0,0,-0.0175,0.1367,-0.0020,-460.6450,826.2119,0.8585,,,,,,,
55.7418,0,0,-13,-111,-0.0200,0.1726,0.0025,-460.7888,826.3094,0.8609,,,,,,,
55.7519,-8,-84,0,0,-0.0127,0.1367,-0.0020,-460.9007,826.3889,0.8590,,,,,,,
55.7619,-7,-73,-14,-114,-0.0327,0.2960,0.0008,-461.1462,826.5574,0.8598,,,,,,,
55.7720,0,0,-9,-102,-0.0139,0.1586,0.0023,-461.2756,826.6502,0.8621,,,,,,,
55.7821,-9,-80,0,0,-0.0143,0.1301,-0.0019,-461.3836,826.7241,0.8602,,,,,,,
55.7832,,,,,,,,,,,-289.1088,953.8892,0.5372,0.1972,2.4443,0.0013,1
55.7921,0,0,-14,-112,-0.0216,0.1741,0.0025,-461.5298,826.8212,0.8627,,,,,,,
55.8022,-10,-96,-14,-108,-0.0375,0.3241,0.0002,-461.8004,827.0035,0.8629,,,,,,,
55.8123,-8,-84,0,0,-0.0127,0.1367,-0.0020,-461.9124,827.0828,0.8609,,,,,,,
55.8224,0,0,-8,-95,-0.0123,0.1477,0.0021,-462.0326,827.1695,0.8630,,,,,,,
55.8325,-6,-68,0,0,-0.0095,0.1106,-0.0016,-462.1228,827.2343,0.8615,,,,,,,
55.8425,-13,-78,-13,-96,-0.0407,0.2762,0.0003,-462.3589,827.3832,0.8618,,,,,,,
55.8526,0,0,-13,-104,-0.0200,0.1617,0.0023,-462.4948,827.4731,0.8641,,,,,,,
55.8627,-5,-70,0,0,-0.0080,0.1139,-0.0016,-462.5865,827.5411,0.8625,,,,,,,
55.8728,-7,-75,-10,-93,-0.0266,0.2666,0.0003,-462.8062,827.6943,0.8628,,,,,,,
55.8829,0,0,-10,-98,-0.0154,0.1524,0.0022,-462.9321,827.7816,0.8650,,,,,,,
55.8929,-8,-77,0,0,-0.0127,0.1253,-0.0018,-463.0356,827.8532,0.8632,,,,,,,
55.9030,0,0,-10,-99,-0.0154,0.1539,0.0022,-463.1627,827.9414,0.8654,,,,,,,
55.9131,-4,-84,-10,-100,-0.0218,0.2921,0.0003,-463.3993,828.1142,0.8656,,,,,,,
55.9207,,,,,,,,,,,-291.2223,956.8362,0.5387,-0.3078,3.6135,0.0015,1
55.9232,-5,-78,0,0,-0.0080,0.1269,-0.0018,-463.5010,828.1905,0.8638,,,,,,,
55.9332,0,0,-8,-98,-0.0123,0.1524,0.0022,-463.6250,828.2800,0.8660,,,,,,,
55.9433,-6,-78,0,0,-0.0095,0.1269,-0.0018,-463.7277,828.3550,0.8642,,,,,,,
55.9534,-7,-75,-10,-98,-0.0266,0.2744,0.0004,-463.9537,828.5129,0.8646,,,,,,,
55.9635,0,0,-10,-103,-0.0154,0.1601,0.0023,-464.0856,828.6049,0.8669,,,,,,,
55.9736,-6,-87,0,0,-0.0095,0.1415,-0.0020,-464.1996,828.6894,0.8649,,,,,,,
55.9836,0,0,-8,-103,-0.0123,0.1601,0.0023,-464.3296,828.7837,0.8672,,,,,,,
55.9937,-7,-83,-11,-106,-0.0281,0.2998,0.0004,-464.5764,828.9562,0.8676,,,,,,,
56.0038,-9,-83,0,0,-0.0143,0.1350,-0.0019,-464.6886,829.0327,0.8657,,,,,,,
56.0139,0,0,-17,-105,-0.0262,0.1632,0.0023,-464.8300,829.1184,0.8680,,,,,,,
56.0240,-9,-83,0,0,-0.0143,0.1350,-0.0019,-464.9422,829.1949,0.8661,,,,,,,
56.0341,-11,-85,-12,-107,-0.0360,0.3046,0.0004,-465.1977,829.3648,0.8665,,,,,,,
56.0442,0,0,-13,-110,-0.0200,0.1710,0.0024,-465.3411,829.4600,0.8689,,,,,,,
56.0542,-10,-88,0,0,-0.0159,0.1432,-0.0020,-465.4606,829.5405,0.8669,,,,,,,
56.0546,,,,,,,,,,,-292.1356,958.8250,0.5398,0.2363,2.1757,0.0012,1
56.0643,0,0,-12,-98,-0.0185,0.1524,0.0022,-465.5888,829.6248,0.8691,,,,,,,
56.0744,-6,-85,-10,-117,-0.0250,0.3202,0.0006,-465.8495,829.8124,0.8697,,,,,,,
56.0845,-8,-94,0,0,-0.0127,0.1529,-0.0022,-465.9745,829.9014,0.8675,,,,,,,
56.0946,0,0,-12,-115,-0.0185,0.1788,0.0026,-466.1230,830.0028,0.8700,,,,,,,
56.1047,-9,-89,-15,-112,-0.0374,0.3189,0.0004,-466.3909,830.1797,0.8705,,,,,,,
56.1148,-11,-84,0,0,-0.0175,0.1367,-0.0020,-466.5066,830.2545,0.8685,,,,,,,
56.1249,0,0,-9,-96,-0.0139,0.1493,0.0021,-466.6296,830.3402,0.8706,,,,,,,
56.1349,-4,-82,0,0,-0.0064,0.1334,-0.0019,-466.7356,830.4214,0.8687,,,,,,,
56.1450,-12,-90,-12,-112,-0.0376,0.3205,0.0004,-467.0047,830.5997,0.8691,,,,,,,
56.1551,0,0,-13,-103,-0.0200,0.1601,0.0023,-467.1401,830.6876,0.8714,,,,,,,
56.1652,-10,-76,0,0,-0.0159,0.1236,-0.0018,-467.2448,830.7551,0.8697,,,,,,,
56.1753,0,0,-11,-100,-0.0170,0.1555,0.0022,-467.3747,830.8423,0.8719,,,,,,,
56.1853,-7,-77,-4,-95,-0.0173,0.2730,0.0003,-467.5948,831.0046,0.8722,,,,,,,
56.1954,-7,-80,0,0,-0.0111,0.1301,-0.0019,-467.7016,831.0799,0.8703,,,,,,,
56.2023,,,,,,,,,,,-293.9798,961.1744,0.5421,-0.3744,2.9632,0.0023,1
56.2055,0,0,-9,-108,-0.0139,0.1679,0.0024,-467.8390,831.1774,0.8727,,,,,,,
56.2156,-5,-91,0,0,-0.0080,0.1480,-0.0021,-467.9574,831.2666,0.8706,,,,,,,
56.2256,-7,-85,-8,-102,-0.0235,0.2969,0.0003,-468.1996,831.4399,0.8709,,,,,,,
56.2357,0,0,-6,-103,-0.0093,0.1601,0.0023,-468.3282,831.5358,0.8732,,,,,,,
56.2458,-1,-82,0,0,-0.0016,0.1334,-0.0019,-468.4313,831.6204,0.8713,,,,,,,
56.2559,0,0,-6,-90,-0.0093,0.1399,0.0020,-468.5445,831.7033,0.8733,,,,,,,
56.2660,-2,-74,-4,-94,-0.0093,0.2665,0.0004,-468.7548,831.8672,0.8737,,,,,,,
56.2760,-5,-77,0,0,-0.0080,0.1253,-0.0018,-468.8559,831.9417,0.8719,,,,,,,
56.2861,0,0,-9,-101,-0.0139,0.1570,0.0022,-468.9851,832.0319,0.8741,,,,,,,
56.2962,-8,-74,0,0,-0.0127,0.1204,-0.0017,-469.0855,832.0995,0.8724,,,,,,,
56.3063,-8,-76,-7,-90,-0.0235,0.2636,0.0002,-469.3025,832.2509,0.8726,,,,,,,
56.3163,0,0,-12,-105,-0.0185,0.1632,0.0023,-469.4396,832.3415,0.8750,,,,,,,
56.3264,-11,-90,0,0,-0.0175,0.1464,-0.0021,-469.5631,832.4221,0.8729,,,,,,,
56.3365,0,0,-13,-115,-0.0200,0.1788,0.0026,-469.7131,832.5215,0.8754,,,,,,,
56.3366,,,,,,,,,,,-295.4270,963.2839,0.5432,-0.1512,2.5538,0.0010,1
56.3466,-9,-86,-8,-102,-0.0266,0.2985,0.0003,-469.9594,832.6922,0.8757,,,,,,,
56.3566,-10,-87,0,0,-0.0159,0.1415,-0.0020,-470.0782,832.7708,0.8737,,,,,,,
56.3667,0,0,-13,-114,-0.0200,0.1772,0.0025,-470.2271,832.8690,0.8762,,,,,,,
56.3768,-8,-92,-10,-114,-0.0281,0.3269,0.0004,-470.4963,833.0566,0.8766,,,,,,,
56.3869,-8,-91,0,0,-0.0127,0.1480,-0.0021,-470.6181,833.1416,0.8745,,,,,,,
56.3969,0,0,-14,-109,-0.0216,0.1695,0.0024,-470.7621,833.2336,0.8769,,,,,,,
56.4070,-11,-83,0,0,-0.0175,0.1350,-0.0019,-470.8770,833.3066,0.8750,,,,,,,
56.4171,-2,-87,-9,-102,-0.0171,0.3001,0.0002,-471.1183,833.4859,0.8752,,,,,,,
56.4272,0,0,-5,-106,-0.0077,0.1648,0.0024,-471.2499,833.5854,0.8776,,,,,,,
56.4373,-7,-95,0,0,-0.0111,0.1546,-0.0022,-471.3758,833.6757,0.8754,,,,,,,
56.4474,0,0,-15,-117,-0.0231,0.1819,0.0026,-471.5304,833.7743,0.8780,,,,,,,
56.4574,-12,-86,-12,-109,-0.0376,0.3094,0.0004,-471.7925,833.9430,0.8784,,,,,,,
56.4675,-9,-80,0,0,-0.0143,0.1301,-0.0019,-471.9017,834.0151,0.8765,,,,,,,
56.4776,0,0,-16,-110,-0.0247,0.1710,0.0024,-472.0491,834.1054,0.8790,,,,,,,
56.4865,,,,,,,,,,,-296.7792,965.5357,0.5454,0.0063,2.6265,0.0022,1
56.4877,-11,-86,0,0,-0.0175,0.1399,-0.0020,-472.1679,834.1813,0.8770,,,,,,,
56.4977,-5,-95,-10,-112,-0.0234,0.3287,0.0003,-472.4356,834.3735,0.8772,,,,,,,
56.5078,0,0,-10,-107,-0.0154,0.1664,0.0024,-472.5735,834.4678,0.8796,,,,,,,
56.5179,-4,-92,0,0,-0.0064,0.1497,-0.0021,-472.6927,834.5585,0.8775,,,,,,,
56.5280,0,0,-6,-112,-0.0093,0.1741,0.0025,-472.8327,834.6625,0.8800,,,,,,,
56.5380,-3,-83,-5,-97,-0.0125,0.2858,0.0002,-473.0610,834.8349,0.8802,,,,,,,
56.5481,0,-77,0,0,0.0000,0.1253,-0.0018,-473.1575,834.9148,0.8784,,,,,,,
56.5582,0,0,-7,-105,-0.0108,0.1632,0.0023,-473.2901,835.0106,0.8807,,,,,,,
56.5683,-7,-86,0,0,-0.0111,0.1399,-0.0020,-473.4051,835.0912,0.8787,,,,,,,
56.5783,-5,-91,-7,-111,-0.0187,0.3206,0.0004,-473.6639,835.2813,0.8791,,,,,,,
56.5884,0,0,-5,-103,-0.0077,0.1601,0.0023,-473.7923,835.3773,0.8814,,,,,,,
56.5985,-6,-84,0,0,-0.0095,0.1367,-0.0020,-473.9037,835.4570,0.8794,,,,,,,
56.6086,0,0,-8,-98,-0.0123,0.1524,0.0022,-474.0290,835.5445,0.8816,,,,,,,
56.6186,-2,-90,-10,-115,-0.0186,0.3252,0.0005,-474.2919,835.7369,0.8821,,,,,,,
56.6200,,,,,,,,,,,-298.2366,967.6620,0.5472,-0.1430,2.5739,0.0018,1
56.6287,-6,-95,0,0,-0.0095,0.1546,-0.0022,-474.4172,835.8279,0.8799,,,,,,,
56.6388,0,0,-6,-107,-0.0093,0.1664,0.0024,-474.5514,835.9266,0.8822,,,,,,,
56.6489,0,-88,-2,-82,-0.0031,0.2707,-0.0002,-474.7623,836.0963,0.8820,,,,,,,
56.6590,0,-79,0,0,0.0000,0.1285,-0.0018,-474.8615,836.1780,0.8802,,,,,,,
56.6690,0,0,-10,-102,-0.0154,0.1586,0.0023,-474.9937,836.2670,0.8824,,,,,,,
56.6791,-9,-88,0,0,-0.0143,0.1432,-0.0020,-475.1132,836.3470,0.8804,,,,,,,
56.6892,-8,-96,-13,-109,-0.0328,0.3256,0.0002,-475.3852,836.5291,0.8806,,,,,,,
56.6993,0,0,-11,-112,-0.0170,0.1741,0.0025,-475.5304,836.6267,0.8831,,,,,,,
56.7093,-10,-90,0,0,-0.0159,0.1464,-0.0021,-475.6535,836.7075,0.8810,,,,,,,
56.7194,0,0,-11,-106,-0.0170,0.1648,0.0024,-475.7916,836.7992,0.8833,,,,,,,
56.7295,-8,-79,-13,-99,-0.0328,0.2824,0.0004,-476.0307,836.9530,0.8837,,,,,,,
56.7396,-11,-89,0,0,-0.0175,0.1448,-0.0021,-476.1536,837.0315,0.8816,,,,,,,
56.7496,0,0,-17,-113,-0.0262,0.1757,0.0025,-476.3060,837.1228,0.8841,,,,,,,
56.7597,-13,-84,0,0,-0.0207,0.1367,-0.0020,-476.4247,837.1935,0.8822,,,,,,,
56.7676,,,,,,,,,,,-299.8802,969.6885,0.5492,-0.3491,2.5857,0.0020,1
56.7698,-9,-76,-12,-98,-0.0328,0.2760,0.0004,-476.6587,837.3435,0.8826,,,,,,,
56.7799,0,0,-14,-100,-0.0216,0.1555,0.0022,-476.7926,837.4255,0.8848,,,,,,,
56.7899,-14,-87,0,0,-0.0223,0.1415,-0.0020,-476.9162,837.4980,0.8828,,,,,,,
56.8000,0,0,-16,-109,-0.0247,0.1695,0.0024,-477.0629,837.5864,0.8852,,,,,,,
56.8101,-9,-84,-12,-109,-0.0328,0.3061,0.0005,-477.3206,837.7547,0.8857,,,,,,,
56.8202,-11,-93,0,0,-0.0175,0.1513,-0.0022,-477.4488,837.8371,0.8835,,,,,,,
56.8302,0,0,-12,-114,-0.0185,0.1772,0.0025,-477.5976,837.9350,0.8861,,,,,,,
56.8403,-5,-84,0,0,-0.0080,0.1367,-0.0020,-477.7084,838.0154,0.8841,,,,,,,
56.8504,-7,-86,-9,-101,-0.0250,0.2969,0.0002,-477.9540,838.1843,0.8844,,,,,,,
56.8605,0,0,-11,-106,-0.0170,0.1648,0.0024,-478.0923,838.2754,0.8867,,,,,,,
56.8706,-13,-91,0,0,-0.0207,0.1480,-0.0021,-478.2200,838.3531,0.8846,,,,,,,
56.8806,0,0,-10,-98,-0.0154,0.1524,0.0022,-478.3477,838.4376,0.8868,,,,,,,
56.8907,-3,-83,-9,-96,-0.0186,0.2843,0.0002,-478.5799,838.6028,0.8870,,,,,,,
56.9008,-5,-77,0,0,-0.0080,0.1253,-0.0018,-478.6819,838.6758,0.8852,,,,,,,
56.9039,,,,,,,,,,,-301.4921,971.8312,0.5519,-0.2563,2.6690,0.0026,1
56.9109,0,0,-12,-102,-0.0185,0.1586,0.0023,-478.8165,838.7618,0.8874,,,,,,,
56.9210,-9,-88,-8,-101,-0.0266,0.3002,0.0002,-479.0661,838.9306,0.8876,,,,,,,
56.9310,-3,-93,0,0,-0.0048,0.1513,-0.0022,-479.1864,839.0225,0.8855,,,,,,,
56.9411,0,0,-6,-102,-0.0093,0.1586,0.0023,-479.3151,839.1156,0.8877,,,,,,,
56.9512,-7,-92,0,0,-0.0111,0.1497,-0.0021,-479.4382,839.2016,0.8856,,,,,,,
56.9613,-3,-93,-8,-99,-0.0171,0.3052,0.0000,-479.6853,839.3815,0.8856,,,,,,,
56.9713,0,0,-7,-111,-0.0108,0.1726,0.0025,-479.8259,839.4821,0.8881,,,,,,,
56.9814,-5,-89,0,0,-0.0080,0.1448,-0.0021,-479.9432,839.5674,0.8860,,,,,,,
56.9915,0,0,-10,-99,-0.0154,0.1539,0.0022,-480.0722,839.6527,0.8882,,,,,,,
57.0016,-6,-86,-9,-101,-0.0234,0.2969,0.0002,-480.3175,839.8218,0.8885,,,,,,,
57.0117,-12,-87,0,0,-0.0191,0.1415,-0.0020,-480.4393,839.8964,0.8865,,,,,,,
57.0218,0,0,-10,-101,-0.0154,0.1570,0.0022,-480.5708,839.9835,0.8887,,,,,,,
57.0318,-10,-90,0,0,-0.0159,0.1464,-0.0021,-480.6944,840.0636,0.8866,,,,,,,
57.0375,,,,,,,,,,,-302.9046,974.5389,0.5529,0.2168,3.0463,0.0010,1
57.0419,-11,-84,-12,-107,-0.0360,0.3030,0.0004,-480.9520,840.2272,0.8870,,,,,,,
57.0520,0,0,-14,-101,-0.0216,0.1570,0.0022,-481.0874,840.3095,0.8893,,,,,,,
57.0621,-5,-82,0,0,-0.0080,0.1334,-0.0019,-481.1960,840.3875,0.8874,,,,,,,
57.0721,0,0,-12,-101,-0.0185,0.1570,0.0022,-481.3295,840.4721,0.8896,,,,,,,
57.0822,-12,-81,-10,-111,-0.0345,0.3044,0.0006,-481.5877,840.6369,0.8902,,,,,,,
57.0923,-12,-91,0,0,-0.0191,0.1480,-0.0021,-481.7147,840.7153,0.8881,,,,,,,
57.1023,0,0,-11,-103,-0.0170,0.1601,0.0023,-481.8498,840.8031,0.8904,,,,,,,
57.1124,-9,-98,0,0,-0.0143,0.1594,-0.0023,-481.9826,840.8924,0.8881,,,,,,,
57.1225,-9,-88,-10,-114,-0.0297,0.3204,0.0005,-482.2500,841.0714,0.8886,,,,,,,
57.1326,0,0,-14,-113,-0.0216,0.1757,0.0025,-482.4001,841.1652,0.8911,,,,,,,
57.1426,-12,-95,0,0,-0.0191,0.1546,-0.0022,-482.5322,841.2477,0.8889,,,,,,,
57.1527,0,0,-14,-109,-0.0216,0.1695,0.0024,-482.6775,841.3375,0.8913,,,,,,,
57.1628,-10,-88,-13,-107,-0.0359,0.3095,0.0003,-482.9409,841.5040,0.8916,,,,,,,
57.1729,-15,-90,0,0,-0.0239,0.1464,-0.0021,-483.0697,841.5776,0.8896,,,,,,,
57.1830,0,0,-20,-105,-0.0308,0.1632,0.0023,-483.2160,841.6563,0.8919,,,,,,,
57.1838,,,,,,,,,,,-304.4864,977.2270,0.5536,0.0655,3.1183,0.0007,1
57.1931,-16,-85,-16,-111,-0.0501,0.3109,0.0005,-483.4895,841.8124,0.8924,,,,,,,
57.2032,-9,-89,0,0,-0.0143,0.1448,-0.0021,-483.6111,841.8922,0.8903,,,,,,,
57.2132,0,0,-9,-99,-0.0139,0.1539,0.0022,-483.7396,841.9782,0.8925,,,,,,,
57.2233,-7,-95,0,0,-0.0111,0.1546,-0.0022,-483.8668,842.0666,0.8903,,,,,,,
57.2334,-11,-95,-11,-109,-0.0345,0.3240,0.0002,-484.1403,842.2437,0.8905,,,,,,,
57.2435,0,0,-8,-108,-0.0123,0.1679,0.0024,-484.2788,842.3395,0.8929,,,,,,,
57.2536,-4,-93,0,0,-0.0064,0.1513,-0.0022,-484.4005,842.4296,0.8907,,,,,,,
57.2636,0,0,-8,-107,-0.0123,0.1664,0.0024,-484.5377,842.5245,0.8931,,,,,,,
57.2737,-2,-89,-8,-97,-0.0155,0.2956,0.0001,-484.7777,842.6977,0.8932,,,,,,,
57.2838,-7,-86,0,0,-0.0111,0.1399,-0.0020,-484.8936,842.7768,0.8912,,,,,,,
57.2939,0,0,-13,-103,-0.0200,0.1601,0.0023,-485.0309,842.8617,0.8935,,,,,,,
57.3039,-9,-84,0,0,-0.0143,0.1367,-0.0020,-485.1463,842.9363,0.8915,,,,,,,
57.3140,-8,-88,-10,-98,-0.0281,0.2955,0.0001,-485.3939,843.1001,0.8917,,,,,,,
57.3192,,,,,,,,,,,-306.5005,979.7509,0.5552,-0.3864,3.2059,0.0017,1
57.3241,0,0,-6,-96,-0.0093,0.1493,0.0021,-485.5159,843.1865,0.8938,,,,,,,
57.3342,-8,-86,0,0,-0.0127,0.1399,-0.0020,-485.6329,843.2643,0.8918,,,,,,,
57.3442,0,0,-7,-99,-0.0108,0.1539,0.0022,-485.7596,843.3525,0.8940,,,,,,,
57.3543,-6,-107,-8,-108,-0.0219,0.3420,-0.0001,-486.0399,843.5496,0.8939,,,,,,,
57.3644,-6,-94,0,0,-0.0095,0.1529,-0.0022,-486.1649,843.6381,0.8917,,,,,,,
57.3745,0,0,-9,-105,-0.0139,0.1632,0.0023,-486.3008,843.7297,0.8941,,,,,,,
57.3845,-4,-92,0,0,-0.0064,0.1497,-0.0021,-486.4214,843.8186,0.8919,,,,,,,
57.3946,-6,-93,-8,-113,-0.0219,0.3270,0.0003,-486.6896,844.0068,0.8923,,,,,,,
57.4047,0,0,-11,-107,-0.0170,0.1664,0.0024,-486.8299,844.0978,0.8947,,,,,,,
57.4148,-6,-95,0,0,-0.0095,0.1546,-0.0022,-486.9563,844.1873,0.8924,,,,,,,
57.4249,-6,-97,-15,-120,-0.0327,0.3444,0.0004,-487.2450,844.3779,0.8929,,,,,,,
57.4350,0,0,-11,-98,-0.0170,0.1524,0.0022,-487.3744,844.4601,0.8950,,,,,,,
57.4451,-11,-84,0,0,-0.0175,0.1367,-0.0020,-487.4919,844.5320,0.8931,,,,,,,
57.4551,0,0,-15,-105,-0.0231,0.1632,0.0023,-487.6337,844.6162,0.8954,,,,,,,
57.4652,-13,-95,-12,-111,-0.0392,0.3271,0.0003,-487.9135,844.7901,0.8957,,,,,,,
57.4677,,,,,,,,,,,-308.1325,981.2112,0.5574,-0.6170,2.1012,0.0022,1
57.4753,-14,-84,0,0,-0.0223,0.1367,-0.0020,-488.0340,844.8582,0.8937,,,,,,,
57.4854,0,0,-12,-97,-0.0185,0.1508,0.0022,-488.1633,844.9382,0.8959,,,,,,,
57.4954,-15,-92,0,0,-0.0239,0.1497,-0.0021,-488.2949,845.0132,0.8937,,,,,,,
57.5055,-12,-96,-13,-118,-0.0391,0.3396,0.0004,-488.5842,845.1954,0.8941,,,,,,,
57.5156,0,0,-10,-101,-0.0154,0.1570,0.0022,-488.7164,845.2816,0.8964,,,,,,,
57.5257,-8,-89,0,0,-0.0127,0.1448,-0.0021,-488.8373,845.3622,0.8943,,,,,,,
57.5357,0,0,-12,-109,-0.0185,0.1695,0.0024,-488.9812,845.4537,0.8967,,,,,,,
57.5458,-9,-98,-12,-107,-0.0328,0.3258,0.0001,-489.2562,845.6314,0.8968,,,,,,,
57.5559,-18,-80,0,0,-0.0286,0.1301,-0.0019,-489.3757,845.6904,0.8950,,,,,,,
57.5660,0,0,-11,-103,-0.0170,0.1601,0.0023,-489.5114,845.7771,0.8973,,,,,,,
57.5760,-12,-92,0,0,-0.0191,0.1497,-0.0021,-489.6402,845.8557,0.8951,,,,,,,
57.5861,-9,-89,-8,-100,-0.0266,0.3003,0.0002,-489.8911,846.0227,0.8953,,,,,,,
57.5962,0,0,-6,-85,-0.0093,0.1322,0.0019,-490.0001,846.0980,0.8972,,,,,,,
57.6032,,,,,,,,,,,-309.6673,983.7664,0.5598,0.0492,2.9803,0.0024,1
57.6063,-8,-85,0,0,-0.0127,0.1383,-0.0020,-490.1161,846.1745,0.8952,,,,,,,
57.6163,0,0,-17,-101,-0.0262,0.1570,0.0022,-490.2551,846.2521,0.8974,,,,,,,
57.6264,-10,-84,-8,-96,-0.0282,0.2859,0.0002,-490.4962,846.4083,0.8976,,,,,,,
57.6365,-9,-85,0,0,-0.0143,0.1383,-0.0020,-490.6132,846.4834,0.8956,,,,,,,
57.6466,0,0,-11,-94,-0.0170,0.1461,0.0021,-490.7379,846.5614,0.8977,,,,,,,
57.6566,-9,-76,0,0,-0.0143,0.1236,-0.0018,-490.8435,846.6274,0.8959,,,,,,,
57.6667,-5,-82,-8,-93,-0.0203,0.2780,0.0002,-491.0732,846.7852,0.8961,,,,,,,
57.6768,0,0,-7,-101,-0.0108,0.1570,0.0022,-491.2027,846.8747,0.8983,,,,,,,
57.6869,-6,-84,0,0,-0.0095,0.1367,-0.0020,-491.3155,846.9525,0.8964,,,,,,,
57.6969,-9,-90,-9,-98,-0.0282,0.2988,0.0001,-491.5664,847.1170,0.8965,,,,,,,
57.7070,0,0,-7,-98,-0.0108,0.1524,0.0022,-491.6923,847.2036,0.8987,,,,,,,
57.7171,0,0,0,0,0.0000,0.0000,0.0000,-491.6923,847.2036,0.8987,,,,,,,
57.7272,0,0,-10,-89,-0.0154,0.1384,0.0020,-491.8103,847.2775,0.9006,,,,,,,
57.7363,,,,,,,,,,,-311.7314,985.6929,0.5603,-0.7260,2.7286,0.0005,1
57.7372,-4,-80,-14,-102,-0.0279,0.2887,0.0004,-492.0539,847.4349,0.9010,,,,,,,
57.7473,-11,-85,0,0,-0.0175,0.1383,-0.0020,-492.1731,847.5072,0.8991,,,,,,,
57.7574,0,0,-13,-103,-0.0200,0.1601,0.0023,-492.3110,847.5910,0.9014,,,,,,,
57.7675,-24,-175,0,0,-0.0382,0.2847,-0.0041,-492.5577,847.7382,0.8973,,,,,,,
57.7776,-10,-92,-12,-111,-0.0344,0.3222,0.0003,-492.8311,847.9123,0.8976,,,,,,,
57.7876,0,0,-10,-99,-0.0154,0.1539,0.0022,-492.9611,847.9961,0.8998,,,,,,,
57.7977,-11,-88,0,0,-0.0175,0.1432,-0.0020,-493.0840,848.0715,0.8978,,,,,,,
57.8078,0,0,-13,-111,-0.0200,0.1726,0.0025,-493.2316,848.1632,0.9002,,,,,,,
57.8179,-9,-96,-11,-104,-0.0313,0.3179,0.0001,-493.5001,848.3362,0.9003,,,,,,,
57.8279,-4,-84,0,0,-0.0064,0.1367,-0.0020,-493.6110,848.4163,0.8984,,,,,,,
57.8380,0,0,-6,-101,-0.0093,0.1570,0.0022,-493.7397,848.5067,0.9006,,,,,,,
57.8481,-7,-102,0,0,-0.0111,0.1659,-0.0024,-493.8766,848.6012,0.8982,,,,,,,
57.8582,-11,-92,-15,-117,-0.0406,0.3316,0.0005,-494.1613,848.7759,0.8987,,,,,,,
57.8682,0,0,-8,-107,-0.0123,0.1664,0.0024,-494.2993,848.8697,0.9011,,,,,,,
57.8783,-10,-98,0,0,-0.0159,0.1594,-0.0023,-494.4340,848.9564,0.8988,,,,,,,
57.8859,,,,,,,,,,,-313.1199,988.1245,0.5624,0.1163,2.7977,0.0021,1
57.8884,0,0,-15,-111,-0.0231,0.1726,0.0025,-494.5836,849.0455,0.9013,,,,,,,
57.8985,-12,-100,-11,-98,-0.0360,0.3151,-0.0001,-494.8530,849.2128,0.9011,,,,,,,
57.9086,-12,-87,0,0,-0.0191,0.1415,-0.0020,-494.9757,849.2858,0.8991,,,,,,,
57.9186,0,0,-9,-103,-0.0139,0.1601,0.0023,-495.1098,849.3745,0.9014,,,,,,,
57.9287,-14,-84,0,0,-0.0223,0.1367,-0.0020,-495.2307,849.4419,0.8994,,,,,,,
57.9388,-11,-88,-13,-111,-0.0375,0.3157,0.0004,-495.5013,849.6089,0.8998,,,,,,,
57.9488,0,0,-11,-93,-0.0170,0.1446,0.0021,-495.6252,849.6854,0.9019,,,,,,,
57.9589,-4,-86,0,0,-0.0064,0.1399,-0.0020,-495.7388,849.7672,0.8999,,,,,,,
57.9690,-9,-98,-8,-103,-0.0266,0.3196,0.0000,-496.0057,849.9450,0.8999,,,,,,,
57.9791,0,0,-7,-105,-0.0108,0.1632,0.0023,-496.1404,850.0379,0.9023,,,,,,,
57.9892,-1,-98,0,0,-0.0016,0.1594,-0.0023,-496.2664,850.1356,0.9000,,,,,,,
57.9992,0,0,-2,-101,-0.0031,0.1570,0.0022,-496.3914,850.2307,0.9022,,,,,,,
58.0093,-6,-89,-9,-105,-0.0234,0.3080,0.0003,-496.6477,850.4032,0.9025,,,,,,,
58.0194,-14,-76,0,0,-0.0223,0.1236,-0.0018,-496.7585,850.4625,0.9007,,,,,,,
58.0214,,,,,,,,,,,-315.0921,990.0673,0.5647,-0.6326,2.6951,0.0023,1
58.0295,0,0,-9,-91,-0.0139,0.1415,0.0020,-496.8781,850.5393,0.9027,,,,,,,
58.0396,-10,-81,0,0,-0.0159,0.1318,-0.0019,-496.9913,850.6086,0.9009,,,,,,,
58.0497,-11,-91,-13,-108,-0.0375,0.3160,0.0003,-497.2623,850.7753,0.9011,,,,,,,
58.0598,0,0,-7,-96,-0.0108,0.1493,0.0021,-497.3861,850.8594,0.9033,,,,,,,
58.0698,-3,-77,0,0,-0.0048,0.1253,-0.0018,-497.4874,850.9333,0.9015,,,,,,,
58.0799,0,0,-13,-96,-0.0200,0.1493,0.0021,-497.6169,851.0100,0.9036,,,,,,,
58.0900,-12,-84,-15,-105,-0.0422,0.2999,0.0004,-497.8787,851.1624,0.9040,,,,,,,
58.1001,-11,-101,0,0,-0.0175,0.1643,-0.0023,-498.0185,851.2504,0.9016,,,,,,,
58.1101,0,0,-7,-103,-0.0108,0.1601,0.0023,-498.1509,851.3411,0.9039,,,,,,,
58.1202,-2,-93,0,0,-0.0032,0.1513,-0.0022,-498.2717,851.4323,0.9018,,,,,,,
58.1303,-11,-93,-11,-106,-0.0345,0.3161,0.0002,-498.5410,851.6013,0.9020,,,,,,,
58.1404,0,0,-11,-111,-0.0170,0.1726,0.0025,-498.6870,851.6949,0.9044,,,,,,,
58.1504,-8,-95,0,0,-0.0127,0.1546,-0.0022,-498.8163,851.7805,0.9022,,,,,,,
58.1606,0,0,-11,-109,-0.0170,0.1695,0.0024,-498.9599,851.8721,0.9046,,,,,,,
58.1678,,,,,,,,,,,-316.5721,992.2542,0.5661,-0.0798,2.6394,0.0014,1
58.1706,-12,-95,-14,-113,-0.0407,0.3302,0.0003,-499.2447,852.0442,0.9049,,,,,,,
58.1807,-13,-86,0,0,-0.0207,0.1399,-0.0020,-499.3674,852.1145,0.9029,,,,,,,
58.1908,0,0,-11,-96,-0.0170,0.1493,0.0021,-499.4952,852.1934,0.9051,,,,,,,
58.2009,-11,-87,0,0,-0.0175,0.1415,-0.0020,-499.6173,852.2672,0.9031,,,,,,,
58.2109,-12,-103,-15,-112,-0.0422,0.3417,0.0001,-499.9117,852.4456,0.9032,,,,,,,
58.2210,0,0,-8,-103,-0.0123,0.1601,0.0023,-500.0452,852.5349,0.9054,,,,,,,
58.2311,-8,-85,0,0,-0.0127,0.1383,-0.0020,-500.1618,852.6104,0.9035,,,,,,,
58.2412,-12,-87,-14,-107,-0.0407,0.3079,0.0004,-500.4288,852.7690,0.9038,,,,,,,
58.2513,0,0,-13,-105,-0.0200,0.1632,0.0023,-500.5696,852.8541,0.9062,,,,,,,
58.2613,-6,-88,0,0,-0.0095,0.1432,-0.0020,-500.6881,852.9350,0.9041,,,,,,,
58.2714,0,0,-11,-105,-0.0170,0.1632,0.0023,-500.8270,853.0224,0.9064,,,,,,,
58.2815,-14,-101,-9,-102,-0.0361,0.3229,-0.0001,-501.1035,853.1931,0.9064,,,,,,,
58.2916,-6,-91,0,0,-0.0095,0.1480,-0.0021,-501.2258,853.2770,0.9042,,,,,,,
58.3017,0,0,-8,-101,-0.0123,0.1570,0.0022,-501.3569,853.3642,0.9065,,,,,,,
58.3041,,,,,,,,,,,-317.8580,994.5288,0.5692,0.1348,2.6094,0.0030,1
58.3117,-6,-94,0,0,-0.0095,0.1529,-0.0022,-501.4831,853.4511,0.9043,,,,,,,
58.3218,-9,-97,-7,-102,-0.0251,0.3164,0.0000,-501.7473,853.6270,0.9043,,,,,,,
58.3319,0,0,-7,-96,-0.0108,0.1493,0.0021,-501.8714,853.7106,0.9064,,,,,,,
58.3420,-1,-86,0,0,-0.0016,0.1399,-0.0020,-501.9825,853.7958,0.9044,,,,,,,
58.3520,0,0,-7,-95,-0.0108,0.1477,0.0021,-502.1053,853.8784,0.9066,,,,,,,
58.3621,-5,-88,-8,-94,-0.0203,0.2893,0.0000,-502.3456,854.0408,0.9066,,,,,,,
58.3722,-6,-89,0,0,-0.0095,0.1448,-0.0021,-502.4655,854.1227,0.9045,,,,,,,
58.3823,0,0,-8,-99,-0.0123,0.1539,0.0022,-502.5942,854.2080,0.9067,,,,,,,
58.3923,-4,-85,0,0,-0.0064,0.1383,-0.0020,-502.7069,854.2883,0.9048,,,,,,,
58.4024,-7,-83,-9,-102,-0.0250,0.2936,0.0003,-502.9533,854.4500,0.9051,,,,,,,
58.4125,0,0,-9,-98,-0.0139,0.1524,0.0022,-503.0817,854.5331,0.9073,,,,,,,
58.4226,-5,-85,0,0,-0.0080,0.1383,-0.0020,-503.1955,854.6121,0.9053,,,,,,,
58.4327,0,0,-11,-92,-0.0170,0.1430,0.0020,-503.3186,854.6869,0.9073,,,,,,,
58.4373,,,,,,,,,,,-319.4739,996.8118,0.5705,-0.1308,2.7940,0.0013,1
58.4427,-9,-93,-7,-101,-0.0251,0.3083,0.0001,-503.5770,854.8570,0.9074,,,,,,,
58.4528,-1,-90,0,0,-0.0016,0.1464,-0.0021,-503.6932,854.9461,0.9053,,,,,,,
58.4629,0,0,-7,-94,-0.0108,0.1461,0.0021,-503.8149,855.0277,0.9074,,,,,,,
58.4730,-5,-87,-12,-106,-0.0265,0.3063,0.0003,-504.0726,855.1954,0.9077,,,,,,,
58.4831,-13,-92,0,0,-0.0207,0.1497,-0.0021,-504.2032,855.2714,0.9056,,,,,,,
58.4932,0,0,-13,-108,-0.0200,0.1679,0.0024,-504.3478,855.3591,0.9080,,,,,,,
58.5033,-10,-86,0,0,-0.0159,0.1399,-0.0020,-504.4678,855.4328,0.9060,,,,,,,
58.5133,-11,-77,-11,-96,-0.0345,0.2745,0.0003,-504.7051,855.5750,0.9063,,,,,,,
58.5235,0,0,-16,-99,-0.0247,0.1539,0.0022,-504.8416,855.6503,0.9085,,,,,,,
58.5335,-17,-90,0,0,-0.0270,0.1464,-0.0021,-504.9736,855.7191,0.9065,,,,,,,
58.5436,0,0,-11,-100,-0.0170,0.1555,0.0022,-505.1066,855.8015,0.9087,,,,,,,
58.5537,-4,-91,-9,-101,-0.0202,0.3051,0.0001,-505.3597,855.9731,0.9088,,,,,,,
58.5638,-10,-90,0,0,-0.0159,0.1464,-0.0021,-505.4848,856.0507,0.9067,,,,,,,
58.5738,0,0,-13,-108,-0.0200,0.1679,0.0024,-505.6295,856.1382,0.9091,,,,,,,
58.5839,-9,-95,0,0,-0.0143,0.1546,-0.0022,-505.7602,856.2220,0.9069,,,,,,,
58.5843,,,,,,,,,,,-321.5921,999.0109,0.5711,-0.5952,2.9947,0.0007,1
58.5940,-9,-88,-9,-99,-0.0282,0.2971,0.0002,-506.0115,856.3829,0.9071,,,,,,,
58.6041,0,0,-9,-102,-0.0139,0.1586,0.0023,-506.1451,856.4695,0.9093,,,,,,,
58.6142,-13,-90,0,0,-0.0207,0.1464,-0.0021,-506.2733,856.5432,0.9072,,,,,,,
58.6242,0,0,-11,-101,-0.0170,0.1570,0.0022,-506.4075,856.6264,0.9095,,,,,,,
58.6343,-10,-89,-12,-105,-0.0344,0.3080,0.0003,-506.6718,856.7884,0.9097,,,,,,,
58.6444,-12,-91,0,0,-0.0191,0.1480,-0.0021,-506.8003,856.8644,0.9076,,,,,,,
58.6545,0,0,-10,-100,-0.0154,0.1555,0.0022,-506.9324,856.9478,0.9098,,,,,,,
58.6645,-5,-88,0,0,-0.0080,0.1432,-0.0020,-507.0502,857.0295,0.9078,,,,,,,
58.6746,-1,-81,-7,-83,-0.0124,0.2608,-0.0000,-507.2634,857.1803,0.9078,,,,,,,
58.6847,0,0,-3,-99,-0.0046,0.1539,0.0022,-507.3876,857.2713,0.9100,,,,,,,
58.6948,-8,-96,0,0,-0.0127,0.1562,-0.0022,-507.5186,857.3572,0.9077,,,,,,,
58.7048,0,0,-6,-108,-0.0093,0.1679,0.0024,-507.6568,857.4531,0.9101,,,,,,,
58.7149,-3,-90,-6,-100,-0.0140,0.3019,0.0001,-507.9038,857.6273,0.9103,,,,,,,
58.7210,,,,,,,,,,,-322.6586,1001.9740,0.5728,0.7046,3.0694,0.0017,1
58.7250,-8,-95,0,0,-0.0127,0.1546,-0.0022,-508.0335,857.7122,0.9080,,,,,,,
58.7351,0,0,-9,-97,-0.0139,0.1508,0.0022,-508.1610,857.7939,0.9102,,,,,,,
58.7452,-4,-87,-5,-97,-0.0141,0.2923,0.0001,-508.4005,857.9622,0.9103,,,,,,,
58.7552,-3,-93,0,0,-0.0048,0.1513,-0.0022,-508.5228,858.0514,0.9082,,,,,,,
58.7653,0,0,-7,-97,-0.0108,0.1508,0.0022,-508.6485,858.1355,0.9103,,,,,,,
58.7754,-8,-84,0,0,-0.0127,0.1367,-0.0020,-508.7641,858.2094,0.9084,,,,,,,
58.7855,1,-88,-8,-99,-0.0107,0.2971,0.0002,-509.0050,858.3836,0.9085,,,,,,,
58.7955,0,0,-7,-87,-0.0108,0.1353,0.0019,-509.1184,858.4582,0.9105,,,,,,,
58.8056,-5,-83,0,0,-0.0080,0.1350,-0.0019,-509.2298,858.5348,0.9085,,,,,,,
58.8157,0,0,-12,-109,-0.0185,0.1695,0.0024,-509.3749,858.6243,0.9110,,,,,,,
58.8258,-7,-86,-12,-110,-0.0296,0.3109,0.0004,-509.6388,858.7914,0.9114,,,,,,,
58.8359,-9,-98,0,0,-0.0143,0.1594,-0.0023,-509.7735,858.8779,0.9091,,,,,,,
58.8459,0,0,-11,-105,-0.0170,0.1632,0.0023,-509.9128,858.9647,0.9115,,,,,,,
58.8560,-9,-92,0,0,-0.0143,0.1497,-0.0021,-510.0398,859.0452,0.9093,,,,,,,
58.8661,-7,-91,-11,-110,-0.0281,0.3191,0.0003,-510.3088,859.2190,0.9096,,,,,,,
58.8684,,,,,,,,,,,-324.5509,1003.3506,0.5744,-0.8440,2.1825,0.0015,1
58.8762,0,0,-11,-100,-0.0170,0.1555,0.0022,-510.4421,859.3009,0.9119,,,,,,,
58.8862,-6,-94,0,0,-0.0095,0.1529,-0.0022,-510.5687,859.3871,0.9097,,,,,,,
58.8963,0,0,-11,-113,-0.0170,0.1757,0.0025,-510.7179,859.4814,0.9122,,,,,,,
58.9064,-6,-93,-8,-94,-0.0219,0.2974,-0.0001,-510.9665,859.6462,0.9121,,,,,,,
58.9165,-5,-80,0,0,-0.0080,0.1301,-0.0019,-511.0743,859.7196,0.9103,,,,,,,
58.9265,0,0,-12,-95,-0.0185,0.1477,0.0021,-511.2023,859.7955,0.9124,,,,,,,
58.9366,-9,-92,0,0,-0.0143,0.1497,-0.0021,-511.3294,859.8759,0.9102,,,,,,,
58.9467,-11,-92,-13,-113,-0.0375,0.3254,0.0004,-511.6094,860.0458,0.9106,,,,,,,
58.9568,0,0,-13,-106,-0.0200,0.1648,0.0024,-511.7519,860.1309,0.9130,,,,,,,
58.9669,-14,-84,0,0,-0.0223,0.1367,-0.0020,-511.8736,860.1970,0.9110,,,,,,,
58.9769,0,0,-15,-97,-0.0231,0.1508,0.0022,-512.0070,860.2710,0.9132,,,,,,,
58.9870,-16,-79,-14,-101,-0.0470,0.2856,0.0004,-512.2618,860.4083,0.9136,,,,,,,
58.9971,-13,-92,0,0,-0.0207,0.1497,-0.0021,-512.3929,860.4835,0.9114,,,,,,,
59.0022,,,,,,,,,,,-325.8583,1005.7979,0.5759,0.2319,2.7649,0.0015,1
59.0072,0,0,-11,-110,-0.0170,0.1710,0.0024,-512.5385,860.5747,0.9139,,,,,,,
59.0173,-7,-93,0,0,-0.0111,0.1513,-0.0022,-512.6650,860.6584,0.9117,,,,,,,
59.0274,-1,-86,0,0,-0.0016,0.1399,-0.0020,-512.7765,860.7429,0.9097,,,,,,,
59.0374,0,0,-9,-97,-0.0139,0.1508,0.0022,-512.9042,860.8244,0.9119,,,,,,,
59.0475,-2,-88,0,0,-0.0032,0.1432,-0.0020,-513.0192,860.9097,0.9098,,,,,,,
59.0576,-7,-101,0,-94,-0.0111,0.3105,-0.0003,-513.2711,861.0915,0.9096,,,,,,,
59.0677,0,0,-16,-206,-0.0247,0.3203,0.0046,-513.5395,861.2681,0.9141,,,,,,,
59.0777,-6,-85,0,0,-0.0095,0.1383,-0.0020,-513.6547,861.3451,0.9122,,,,,,,
59.0878,0,0,-5,-99,-0.0077,0.1539,0.0022,-513.7813,861.4330,0.9144,,,,,,,
59.0979,-2,-90,-9,-95,-0.0171,0.2941,0.0000,-514.0247,861.5990,0.9144,,,,,,,
59.1080,-4,-79,0,0,-0.0064,0.1285,-0.0018,-514.1303,861.6725,0.9125,,,,,,,
59.1180,0,0,-8,-92,-0.0123,0.1430,0.0020,-514.2511,861.7501,0.9146,,,,,,,
59.1281,-6,-84,0,0,-0.0095,0.1367,-0.0020,-514.3651,861.8261,0.9126,,,,,,,
59.1382,-3,-99,-8,-99,-0.0171,0.3150,-0.0001,-514.6247,862.0052,0.9125,,,,,,,
59.1483,0,0,1,-90,0.0015,0.1399,0.0020,-514.7346,862.0919,0.9145,,,,,,,
59.1513,,,,,,,,,,,-327.8011,1009.0117,0.5765,0.1207,3.7535,0.0006,1
59.1584,2,-80,0,0,0.0032,0.1301,-0.0019,-514.8357,862.1739,0.9127,,,,,,,
59.1684,0,0,-6,-102,-0.0093,0.1586,0.0023,-514.9669,862.2635,0.9149,,,,,,,
59.1785,-8,-93,-9,-113,-0.0266,0.3270,0.0003,-515.2423,862.4418,0.9153,,,,,,,
59.1886,-3,-98,0,0,-0.0048,0.1594,-0.0023,-515.3715,862.5353,0.9130,,,,,,,
59.1987,0,0,-6,-100,-0.0093,0.1555,0.0022,-515.5003,862.6229,0.9152,,,,,,,
59.2088,-8,-92,0,0,-0.0127,0.1497,-0.0021,-515.6266,862.7042,0.9131,,,,,,,
59.2189,-12,-96,-13,-110,-0.0391,0.3272,0.0002,-515.9095,862.8732,0.9133,,,,,,,
59.2289,0,0,-10,-99,-0.0154,0.1539,0.0022,-516.0408,862.9549,0.9155,,,,,,,
59.2390,-9,-89,0,0,-0.0143,0.1448,-0.0021,-516.1643,863.0319,0.9134,,,,,,,
59.2492,-10,-86,-13,-113,-0.0359,0.3156,0.0005,-516.4361,863.1963,0.9139,,,,,,,
59.2592,0,0,-12,-100,-0.0185,0.1555,0.0022,-516.5706,863.2764,0.9162,,,,,,,
59.2693,-8,-85,0,0,-0.0127,0.1383,-0.0020,-516.6880,863.3506,0.9142,,,,,,,
59.2794,0,0,-10,-97,-0.0154,0.1508,0.0022,-516.8169,863.4303,0.9163,,,,,,,
59.2860,,,,,,,,,,,-329.3150,1010.6267,0.5780,-0.3890,2.1791,0.0015,1
59.2895,-8,-88,-12,-107,-0.0312,0.3095,0.0003,-517.0815,863.5939,0.9167,,,,,,,
59.2996,-10,-100,0,0,-0.0159,0.1627,-0.0023,-517.2202,863.6804,0.9143,,,,,,,
59.3096,0,0,-12,-109,-0.0185,0.1695,0.0024,-517.3659,863.7690,0.9168,,,,,,,
59.3197,-8,-82,0,0,-0.0127,0.1334,-0.0019,-517.4794,863.8402,0.9149,,,,,,,
59.3298,-10,-96,-10,-105,-0.0313,0.3194,0.0001,-517.7517,864.0102,0.9150,,,,,,,
59.3399,0,0,-13,-108,-0.0200,0.1679,0.0024,-517.8971,864.0965,0.9174,,,,,,,
59.3500,-7,-86,0,0,-0.0111,0.1399,-0.0020,-518.0148,864.1729,0.9154,,,,,,,
59.3600,0,0,-7,-89,-0.0108,0.1384,0.0020,-518.1312,864.2485,0.9173,,,,,,,
59.3701,-4,-79,-16,-104,-0.0310,0.2902,0.0005,-518.3805,864.4002,0.9178,,,,,,,
59.3802,-7,-83,0,0,-0.0111,0.1350,-0.0019,-518.4945,864.4736,0.9159,,,,,,,
59.3903,0,0,-6,-98,-0.0093,0.1524,0.0022,-518.6210,864.5589,0.9181,,,,,,,
59.4003,-7,-82,0,0,-0.0111,0.1334,-0.0019,-518.7337,864.6312,0.9162,,,,,,,
59.4104,-9,-78,-9,-91,-0.0282,0.2684,0.0002,-518.9638,864.7722,0.9164,,,,,,,
59.4203,,,,,,,,,,,-330.4098,1012.2195,0.5797,-0.0468,1.9323,0.0017,1
59.4205,0,0,-13,-100,-0.0200,0.1555,0.0022,-519.0994,864.8508,0.9186,,,,,,,
59.4306,-5,-85,0,0,-0.0080,0.1383,-0.0020,-519.2141,864.9285,0.9166,,,,,,,
59.4407,0,0,-8,-99,-0.0123,0.1539,0.0022,-519.3438,865.0122,0.9188,,,,,,,
59.4507,-4,-88,-7,-99,-0.0172,0.2971,0.0002,-519.5904,865.1788,0.9190,,,,,,,
59.4608,-6,-87,0,0,-0.0095,0.1415,-0.0020,-519.7086,865.2572,0.9169,,,,,,,
59.4709,0,0,-2,-100,-0.0031,0.1555,0.0022,-519.8340,865.3492,0.9192,,,,,,,
59.4810,-1,-86,0,0,-0.0016,0.1399,-0.0020,-519.9461,865.4329,0.9172,,,,,,,
59.4910,-3,-85,-5,-98,-0.0125,0.2906,0.0002,-520.1845,865.5997,0.9174,,,,,,,
59.5011,0,0,-3,-100,-0.0046,0.1555,0.0022,-520.3108,865.6904,0.9196,,,,,,,
59.5112,-2,-95,0,0,-0.0032,0.1546,-0.0022,-520.4356,865.7817,0.9174,,,,,,,
59.5213,-1,-86,-3,-99,-0.0062,0.2938,0.0002,-520.6727,865.9554,0.9176,,,,,,,
59.5313,0,0,-10,-100,-0.0154,0.1555,0.0022,-520.8056,866.0375,0.9198,,,,,,,
59.5414,-8,-83,0,0,-0.0127,0.1350,-0.0019,-520.9207,866.1093,0.9179,,,,,,,
59.5515,0,0,-9,-98,-0.0139,0.1524,0.0022,-521.0502,866.1907,0.9200,,,,,,,
59.5616,-6,-89,-13,-111,-0.0296,0.3174,0.0004,-521.3207,866.3593,0.9204,,,,,,,
59.5675,,,,,,,,,,,-332.5997,1014.8093,0.5810,-0.4136,3.3663,0.0013,1
59.5717,-10,-90,0,0,-0.0159,0.1464,-0.0021,-521.4468,866.4355,0.9184,,,,,,,
59.5818,0,0,-9,-109,-0.0139,0.1695,0.0024,-521.5900,866.5272,0.9208,,,,,,,
59.5918,-8,-89,0,0,-0.0127,0.1448,-0.0021,-521.7128,866.6048,0.9187,,,,,,,
59.6019,-12,-88,-9,-106,-0.0330,0.3080,0.0003,-521.9776,866.7654,0.9190,,,,,,,
59.6120,0,0,-12,-111,-0.0185,0.1726,0.0025,-522.1262,866.8552,0.9215,,,,,,,
59.6221,-2,-93,0,0,-0.0032,0.1513,-0.0022,-522.2485,866.9443,0.9193,,,,,,,
59.6321,0,0,-10,-112,-0.0154,0.1741,0.0025,-522.3964,867.0374,0.9218,,,,,,,
59.6422,-7,-83,-12,-93,-0.0296,0.2796,0.0001,-522.6371,867.1828,0.9219,,,,,,,
59.6523,-8,-88,0,0,-0.0127,0.1432,-0.0020,-522.7588,867.2593,0.9199,,,,,,,
59.6624,0,0,-12,-108,-0.0185,0.1679,0.0024,-522.9037,867.3462,0.9223,,,,,,,
59.6724,-7,-98,0,0,-0.0111,0.1594,-0.0023,-523.0374,867.4337,0.9200,,,,,,,
59.6825,-4,-92,-6,-118,-0.0156,0.3331,0.0005,-523.3120,867.6231,0.9205,,,,,,,
59.6926,0,0,-13,-103,-0.0200,0.1601,0.0023,-523.4516,867.7039,0.9228,,,,,,,
59.7027,-13,-91,0,0,-0.0207,0.1480,-0.0021,-523.5821,867.7769,0.9207,,,,,,,
59.7030,,,,,,,,,,,-333.9995,1017.4818,0.5825,0.2967,3.0023,0.0015,1
59.7128,0,0,-10,-114,-0.0154,0.1772,0.0025,-523.7326,867.8717,0.9232,,,,,,,
59.7229,-7,-88,-9,-103,-0.0250,0.3033,0.0002,-523.9896,868.0347,0.9234,,,,,,,
59.7330,-6,-95,0,0,-0.0095,0.1546,-0.0022,-524.1186,868.1205,0.9212,,,,,,,
59.7430,0,0,-11,-98,-0.0170,0.1524,0.0022,-524.2502,868.1990,0.9234,,,,,,,
59.7531,-8,-80,-7,-92,-0.0235,0.2732,0.0002,-524.4824,868.3449,0.9236,,,,,,,
59.7632,0,-86,0,0,0.0000,0.1399,-0.0020,-524.5939,868.4294,0.9216,,,,,,,
59.7733,0,0,-5,-109,-0.0077,0.1695,0.0024,-524.7337,868.5256,0.9240,,,,,,,
59.7833,-4,-98,0,0,-0.0064,0.1594,-0.0023,-524.8646,868.6167,0.9217,,,,,,,
59.7934,-1,-92,-9,-102,-0.0155,0.3083,0.0001,-525.1196,868.7907,0.9219,,,,,,,
59.8035,0,0,-6,-97,-0.0093,0.1508,0.0022,-525.2454,868.8743,0.9240,,,,,,,
59.8136,-7,-83,0,0,-0.0111,0.1350,-0.0019,-525.3598,868.9469,0.9221,,,,,,,
59.8236,0,0,-8,-101,-0.0123,0.1570,0.0022,-525.4925,869.0318,0.9243,,,,,,,
59.8337,-5,-84,-8,-87,-0.0203,0.2719,-0.0000,-525.7217,869.1794,0.9243,,,,,,,
59.8438,-2,-82,0,0,-0.0032,0.1334,-0.0019,-525.8301,869.2573,0.9224,,,,,,,
59.8530,,,,,,,,,,,-335.4343,1018.8919,0.5852,-0.4224,1.9668,0.0027,1
59.8539,0,0,-9,-103,-0.0139,0.1601,0.0023,-525.9662,869.3428,0.9247,,,,,,,
59.8640,-11,-89,0,0,-0.0175,0.1448,-0.0021,-526.0923,869.4162,0.9226,,,,,,,
59.8741,1,-87,-10,-100,-0.0138,0.2970,0.0002,-526.3374,869.5844,0.9228,,,,,,,
59.8841,0,0,-3,-89,-0.0046,0.1384,0.0020,-526.4506,869.6641,0.9248,,,,,,,
59.8942,-1,-79,0,0,-0.0016,0.1285,-0.0018,-526.5541,869.7403,0.9230,,,,,,,
59.9043,0,0,-6,-111,-0.0093,0.1726,0.0025,-526.6974,869.8369,0.9254,,,,,,,
59.9144,-8,-105,-8,-109,-0.0251,0.3403,-0.0000,-526.9843,870.0216,0.9254,,,,,,,
59.9244,-4,-91,0,0,-0.0064,0.1480,-0.0021,-527.1064,870.1057,0.9233,,,,,,,
59.9345,0,0,-7,-101,-0.0108,0.1570,0.0022,-527.2382,870.1916,0.9256,,,,,,,
59.9446,-5,-87,0,0,-0.0080,0.1415,-0.0020,-527.3560,870.2705,0.9235,,,,,,,
59.9547,-9,-93,-11,-112,-0.0313,0.3254,0.0003,-527.6345,870.4418,0.9239,,,,,,,
59.9648,0,0,-11,-104,-0.0170,0.1617,0.0023,-527.7738,870.5255,0.9262,,,,,,,
59.9748,-9,-94,0,0,-0.0143,0.1529,-0.0022,-527.9046,870.6061,0.9240,,,,,,,
59.9849,0,0,-11,-109,-0.0170,0.1695,0.0024,-528.0501,870.6945,0.9264,,,,,,,
59.9849,,,,,,,,,,,-336.1693,1021.2306,0.5850,0.6791,2.3556,-0.0002,1
59.9950,-8,-87,-10,-91,-0.0281,0.2830,-0.0000,-528.2933,870.8421,0.9264,,,,,,,
60.0051,-7,-77,0,0,-0.0111,0.1253,-0.0018,-528.4001,870.9085,0.9246,,,,,,,
60.0152,0,0,-12,-100,-0.0185,0.1555,0.0022,-528.5354,870.9872,0.9268,,,,,,,
60.0253,-11,-89,-14,-115,-0.0391,0.3236,0.0005,-528.8177,871.1501,0.9273,,,,,,,
60.0354,-7,-102,0,0,-0.0111,0.1659,-0.0024,-528.9571,871.2410,0.9249,,,,,,,
60.0454,0,0,-9,-113,-0.0139,0.1757,0.0025,-529.1058,871.3354,0.9275,,,,,,,
60.0555,-5,-94,0,0,-0.0080,0.1529,-0.0022,-529.2329,871.4209,0.9253,,,,,,,
60.0656,-7,-100,-8,-107,-0.0235,0.3290,0.0001,-529.5098,871.6002,0.9253,,,,,,,
60.0757,0,0,-11,-106,-0.0170,0.1648,0.0024,-529.6518,871.6856,0.9277,,,,,,,
60.0858,-7,-89,0,0,-0.0111,0.1448,-0.0021,-529.7742,871.7636,0.9256,,,,,,,
60.0958,0,0,-12,-108,-0.0185,0.1679,0.0024,-529.9196,871.8496,0.9280,,,,,,,
60.1059,-10,-84,-12,-98,-0.0344,0.2890,0.0002,-530.1716,871.9953,0.9282,,,,,,,
60.1160,-7,-87,0,0,-0.0111,0.1415,-0.0020,-530.2915,872.0713,0.9262,,,,,,,
60.1261,0,0,-6,-92,-0.0093,0.1430,0.0020,-530.4115,872.1498,0.9283,,,,,,,
60.1331,,,,,,,,,,,-338.1956,1023.7821,0.5866,-0.2803,3.2461,0.0015,1
60.1361,-6,-78,0,0,-0.0095,0.1269,-0.0018,-530.5187,872.2183,0.9264,,,,,,,
60.1462,-7,-90,-11,-103,-0.0281,0.3066,0.0002,-530.7807,872.3799,0.9266,,,,,,,
60.1563,0,0,-10,-97,-0.0154,0.1508,0.0022,-530.9106,872.4580,0.9288,,,,,,,
60.1664,-6,-88,0,0,-0.0095,0.1432,-0.0020,-531.0309,872.5362,0.9267,,,,,,,
60.1764,0,0,-8,-103,-0.0123,0.1601,0.0023,-531.1665,872.6224,0.9290,,,,,,,
60.1865,-6,-83,-7,-99,-0.0203,0.2889,0.0003,-531.4102,872.7790,0.9293,,,,,,,
60.1966,-1,-88,0,0,-0.0016,0.1432,-0.0020,-531.5257,872.8635,0.9273,,,,,,,
60.2067,0,0,-4,-92,-0.0062,0.1430,0.0020,-531.6439,872.9443,0.9293,,,,,,,
60.2168,-3,-84,0,0,-0.0048,0.1367,-0.0020,-531.7562,873.0224,0.9274,,,,,,,
60.2269,-3,-94,-3,-106,-0.0094,0.3177,0.0002,-532.0161,873.2054,0.9275,,,,,,,
60.2370,0,0,-7,-93,-0.0108,0.1446,0.0021,-532.1383,873.2834,0.9296,,,,,,,
60.2470,-7,-81,0,0,-0.0111,0.1318,-0.0019,-532.2505,873.3534,0.9277,,,,,,,
60.2571,0,0,-12,-98,-0.0185,0.1524,0.0022,-532.3836,873.4298,0.9299,,,,,,,
60.2672,-11,-83,-18,-103,-0.0453,0.2952,0.0004,-532.6473,873.5700,0.9302,,,,,,,
60.2673,,,,,,,,,,,-340.1504,1025.7215,0.5871,-0.5545,2.6972,0.0005,1
60.2772,-17,-85,0,0,-0.0270,0.1383,-0.0020,-532.7742,873.6311,0.9283,,,,,,,
60.2873,0,0,-13,-104,-0.0200,0.1617,0.0023,-532.9158,873.7118,0.9306,,,,,,,
60.2974,-10,-71,-15,-110,-0.0390,0.2865,0.0008,-533.1690,873.8515,0.9314,,,,,,,
60.3075,-6,-90,0,0,-0.0095,0.1464,-0.0021,-533.2921,873.9314,0.9293,,,,,,,
60.3176,0,0,-12,-109,-0.0185,0.1695,0.0024,-533.4390,874.0178,0.9317,,,,,,,
60.3276,-15,-94,0,0,-0.0239,0.1529,-0.0022,-533.5759,874.0900,0.9295,,,,,,,
60.3377,-11,-95,-15,-110,-0.0406,0.3256,0.0002,-533.8611,874.2522,0.9297,,,,,,,
60.3478,0,0,-11,-112,-0.0170,0.1741,0.0025,-534.0109,874.3425,0.9322,,,,,,,
60.3579,-7,-93,0,0,-0.0111,0.1513,-0.0022,-534.1390,874.4239,0.9301,,,,,,,
60.3679,0,0,-8,-96,-0.0123,0.1493,0.0021,-534.2661,874.5031,0.9322,,,,,,,
60.3780,-6,-87,-15,-112,-0.0327,0.3157,0.0005,-534.5391,874.6650,0.9327,,,,,,,
60.3881,-12,-96,0,0,-0.0191,0.1562,-0.0022,-534.6758,874.7428,0.9304,,,,,,,
60.3982,0,0,-13,-108,-0.0200,0.1679,0.0024,-534.8225,874.8269,0.9328,,,,,,,
60.4040,,,,,,,,,,,-342.1425,1027.8126,0.5894,-0.5002,2.8445,0.0022,1
60.4083,-13,-89,0,0,-0.0207,0.1448,-0.0021,-534.9511,874.8967,0.9308,,,,,,,
60.4184,-14,-86,-18,-106,-0.0500,0.3047,0.0004,-535.2254,875.0385,0.9311,,,,,,,
60.4285,0,0,-16,-109,-0.0247,0.1695,0.0024,-535.3762,875.1197,0.9335,,,,,,,
60.4385,-16,-83,0,0,-0.0254,0.1350,-0.0019,-535.4998,875.1797,0.9316,,,,,,,
60.4486,0,0,-12,-107,-0.0185,0.1664,0.0024,-535.6444,875.2639,0.9340,,,,,,,
60.4587,-10,-91,-12,-112,-0.0344,0.3222,0.0004,-535.9239,875.4277,0.9344,,,,,,,
60.4688,-8,-87,0,0,-0.0127,0.1415,-0.0020,-536.0453,875.5018,0.9323,,,,,,,
60.4789,0,0,-7,-101,-0.0108,0.1570,0.0022,-536.1779,875.5865,0.9346,,,,,,,
60.4889,-3,-88,0,0,-0.0048,0.1432,-0.0020,-536.2958,875.6679,0.9325,,,,,,,
60.4990,-5,-97,-7,-104,-0.0187,0.3195,0.0001,-536.5636,875.8432,0.9326,,,,,,,
60.5091,0,0,-5,-105,-0.0077,0.1632,0.0023,-536.6994,875.9341,0.9349,,,,,,,
60.5192,-6,-84,0,0,-0.0095,0.1367,-0.0020,-536.8149,876.0077,0.9330,,,,,,,
60.5293,-5,-90,-8,-99,-0.0203,0.3003,0.0001,-537.0683,876.1702,0.9331,,,,,,,
60.5394,0,0,-11,-103,-0.0170,0.1601,0.0023,-537.2072,876.2517,0.9354,,,,,,,
60.5495,-10,-78,0,0,-0.0159,0.1269,-0.0018,-537.3187,876.3143,0.9336,,,,,,,
60.5502,,,,,,,,,,,-344.0120,1030.6486,0.5907,0.0223,3.3966,0.0013,1
60.5596,0,0,-12,-99,-0.0185,0.1539,0.0022,-537.4535,876.3909,0.9358,,,,,,,
60.5696,-6,-80,-14,-101,-0.0311,0.2872,0.0004,-537.7032,876.5362,0.9361,,,,,,,
60.5797,-12,-64,0,0,-0.0191,0.1041,-0.0015,-537.7983,876.5826,0.9347,,,,,,,
60.5898,0,0,-9,-106,-0.0139,0.1648,0.0024,-537.9392,876.6692,0.9370,,,,,,,
60.5999,-7,-91,0,0,-0.0111,0.1480,-0.0021,-538.0650,876.7480,0.9349,,,,,,,
60.6099,-9,-84,-11,-109,-0.0313,0.3061,0.0005,-538.3299,876.9046,0.9354,,,,,,,
60.6200,0,0,-13,-106,-0.0200,0.1648,0.0024,-538.4745,876.9861,0.9377,,,,,,,
60.6301,-8,-92,0,0,-0.0127,0.1497,-0.0021,-538.6026,877.0645,0.9356,,,,,,,
60.6401,0,0,-11,-112,-0.0170,0.1741,0.0025,-538.7530,877.1540,0.9381,,,,,,,
60.6502,-9,-90,-12,-114,-0.0328,0.3237,0.0004,-539.0334,877.3189,0.9385,,,,,,,
60.6603,-12,-91,0,0,-0.0191,0.1480,-0.0021,-539.1641,877.3911,0.9364,,,,,,,
60.6704,0,0,-13,-107,-0.0200,0.1664,0.0024,-539.3100,877.4734,0.9388,,,,,,,
60.6804,-20,-85,0,0,-0.0318,0.1383,-0.0020,-539.4403,877.5296,0.9368,,,,,,,
60.6872,,,,,,,,,,,-344.5594,1032.2870,0.5933,0.4577,1.6657,0.0026,1
60.6905,-10,-93,-14,-108,-0.0375,0.3192,0.0002,-539.7197,877.6884,0.9370,,,,,,,
60.7006,0,0,-17,-114,-0.0262,0.1772,0.0025,-539.8782,877.7720,0.9396,,,,,,,
60.7107,-12,-88,0,0,-0.0191,0.1432,-0.0020,-540.0050,877.8413,0.9375,,,,,,,
60.7207,0,0,-15,-106,-0.0231,0.1648,0.0024,-540.1516,877.9200,0.9399,,,,,,,
60.7308,-21,-76,-18,-111,-0.0612,0.2962,0.0007,-540.4269,878.0452,0.9406,,,,,,,
60.7409,-16,-91,0,0,-0.0254,0.1480,-0.0021,-540.5614,878.1121,0.9385,,,,,,,
60.7510,0,0,-10,-107,-0.0154,0.1664,0.0024,-540.7048,878.1978,0.9408,,,,,,,
60.7610,-8,-92,0,0,-0.0127,0.1497,-0.0021,-540.8332,878.2758,0.9387,,,,,,,
60.7711,-10,-94,-15,-108,-0.0390,0.3208,0.0002,-541.1151,878.4338,0.9389,,,,,,,
60.7812,0,0,-13,-113,-0.0200,0.1757,0.0025,-541.2688,878.5213,0.9414,,,,,,,
60.7913,-9,-95,0,0,-0.0143,0.1546,-0.0022,-541.4021,878.6008,0.9392,,,,,,,
60.8014,-9,-88,-9,-105,-0.0282,0.3064,0.0003,-541.6661,878.7589,0.9395,,,,,,,
60.8115,0,0,-12,-112,-0.0185,0.1741,0.0025,-541.8177,878.8466,0.9420,,,,,,,
60.8215,-7,-95,0,0,-0.0111,0.1546,-0.0022,-541.9491,878.9286,0.9398,,,,,,,
60.8316,0,0,-9,-98,-0.0139,0.1524,0.0022,-542.0804,879.0072,0.9420,,,,,,,
60.8319,,,,,,,,,,,-346.7515,1035.7154,0.5947,0.0992,4.0681,0.0014,1
60.8417,-3,-93,-9,-108,-0.0186,0.3192,0.0002,-542.3496,879.1798,0.9422,,,,,,,
60.8518,-7,-85,0,0,-0.0111,0.1383,-0.0020,-542.4679,879.2522,0.9402,,,,,,,
60.8618,0,0,-12,-96,-0.0185,0.1493,0.0021,-542.5994,879.3252,0.9423,,,,,,,
60.8719,-8,-88,0,0,-0.0127,0.1432,-0.0020,-542.7226,879.3991,0.9403,,,,,,,
60.8820,-9,-93,-7,-105,-0.0251,0.3145,0.0002,-542.9915,879.5643,0.9405,,,,,,,
60.8921,0,0,-11,-105,-0.0170,0.1632,0.0023,-543.1335,879.6466,0.9428,,,,,,,
60.9021,-4,-92,0,0,-0.0064,0.1497,-0.0021,-543.2583,879.7296,0.9407,,,,,,,
60.9122,0,0,-4,-96,-0.0062,0.1493,0.0021,-543.3826,879.8124,0.9428,,,,,,,
60.9223,-5,-88,-4,-104,-0.0141,0.3049,0.0003,-543.6376,879.9800,0.9431,,,,,,,
60.9324,1,-92,0,0,0.0016,0.1497,-0.0021,-543.7577,880.0694,0.9409,,,,,,,
60.9424,0,0,-6,-105,-0.0093,0.1632,0.0023,-543.8952,880.1579,0.9433,,,,,,,
60.9525,-4,-96,0,0,-0.0064,0.1562,-0.0022,-544.0252,880.2446,0.9410,,,,,,,
60.9626,-8,-94,-5,-109,-0.0204,0.3224,0.0002,-544.2978,880.4179,0.9413,,,,,,,
60.9678,,,,,,,,,,,-348.4049,1037.0354,0.5956,-0.6300,2.0197,0.0010,1
60.9727,0,0,-11,-103,-0.0170,0.1601,0.0023,-544.4374,880.4983,0.9436,,,,,,,
60.9828,-2,-91,0,0,-0.0032,0.1480,-0.0021,-544.5590,880.5828,0.9414,,,,,,,
60.9929,0,0,-11,-108,-0.0170,0.1679,0.0024,-544.7048,880.6677,0.9438,,,,,,,
61.0029,-7,-80,-12,-105,-0.0296,0.2934,0.0005,-544.9599,880.8158,0.9443,,,,,,,
61.0131,-14,-94,0,0,-0.0223,0.1529,-0.0022,-545.0967,880.8876,0.9421,,,,,,,
61.0231,0,0,-10,-118,-0.0154,0.1835,0.0026,-545.2543,880.9828,0.9447,,,,,,,
61.0332,-8,-97,0,0,-0.0127,0.1578,-0.0023,-545.3895,881.0651,0.9425,,,,,,,
61.0433,-9,-103,-13,-113,-0.0344,0.3433,0.0001,-545.6874,881.2390,0.9426,,,,,,,
61.0533,0,0,-13,-113,-0.0200,0.1757,0.0025,-545.8415,881.3259,0.9451,,,,,,,
61.0634,-7,-89,0,0,-0.0111,0.1448,-0.0021,-545.9653,881.4018,0.9430,,,,,,,
61.0735,-7,-91,-7,-93,-0.0219,0.2926,-0.0000,-546.2150,881.5559,0.9430,,,,,,,
61.0836,0,0,-10,-109,-0.0154,0.1695,0.0024,-546.3613,881.6428,0.9454,,,,,,,
61.0937,-5,-96,0,0,-0.0080,0.1562,-0.0022,-546.4925,881.7279,0.9432,,,,,,,
61.1025,,,,,,,,,,,-350.0472,1039.8934,0.5966,0.2440,3.2872,0.0010,1
61.1037,0,0,-13,-105,-0.0200,0.1632,0.0023,-546.6365,881.8074,0.9455,,,,,,,
61.1138,-12,-90,-15,-110,-0.0422,0.3174,0.0004,-546.9186,881.9589,0.9459,,,,,,,
61.1239,-9,-92,0,0,-0.0143,0.1497,-0.0021,-547.0483,882.0350,0.9437,,,,,,,
61.1340,0,0,-11,-113,-0.0170,0.1757,0.0025,-547.2006,882.1242,0.9462,,,,,,,
61.1440,-9,-93,0,0,-0.0143,0.1513,-0.0022,-547.3316,882.2012,0.9441,,,,,,,
61.1541,-13,-82,-11,-102,-0.0376,0.2920,0.0004,-547.5902,882.3419,0.9444,,,,,,,
61.1642,0,0,-19,-101,-0.0293,0.1570,0.0022,-547.7347,882.4100,0.9467,,,,,,,
61.1743,-12,-87,0,0,-0.0191,0.1415,-0.0020,-547.8606,882.4774,0.9447,,,,,,,
61.1843,0,0,-7,-94,-0.0108,0.1461,0.0021,-547.9855,882.5541,0.9468,,,,,,,
61.1944,1,-81,-3,-99,-0.0030,0.2857,0.0003,-548.2191,882.7186,0.9471,,,,,,,
61.2045,-8,-83,0,0,-0.0127,0.1350,-0.0019,-548.3361,882.7872,0.9451,,,,,,,
61.2146,0,0,-10,-104,-0.0154,0.1617,0.0023,-548.4763,882.8693,0.9474,,,,,,,
61.2247,-6,-93,0,0,-0.0095,0.1513,-0.0022,-548.6046,882.9500,0.9453,,,,,,,
61.2347,-4,-101,-5,-103,-0.0141,0.3245,-0.0001,-548.8759,883.1285,0.9452,,,,,,,
61.2448,0,0,-6,-108,-0.0093,0.1679,0.0024,-549.0175,883.2192,0.9476,,,,,,,
61.2519,,,,,,,,,,,-351.8441,1041.4567,0.5992,-0.6081,2.3029,0.0026,1
61.2549,-1,-89,0,0,-0.0016,0.1448,-0.0021,-549.1359,883.3025,0.9456,,,,,,,
61.2650,0,0,-6,-89,-0.0093,0.1384,0.0020,-549.2536,883.3759,0.9475,,,,,,,
61.2751,-3,-84,-9,-98,-0.0186,0.2890,0.0002,-549.4992,883.5294,0.9478,,,,,,,
61.2851,-5,-95,0,0,-0.0080,0.1546,-0.0022,-549.6293,883.6133,0.9456,,,,,,,
61.2952,0,0,-5,-102,-0.0077,0.1586,0.0023,-549.7624,883.6997,0.9478,,,,,,,
61.3053,-3,-88,0,0,-0.0048,0.1432,-0.0020,-549.8814,883.7795,0.9458,,,,,,,
61.3154,-6,-92,-7,-98,-0.0203,0.3020,0.0000,-550.1383,883.9397,0.9458,,,,,,,
61.3254,0,0,-9,-100,-0.0139,0.1555,0.0022,-550.2726,884.0193,0.9480,,,,,,,
61.3356,-5,-100,0,0,-0.0080,0.1627,-0.0023,-550.4092,884.1079,0.9457,,,,,,,
61.3457,-12,-104,-7,-115,-0.0299,0.3480,0.0001,-550.7089,884.2873,0.9458,,,,,,,
61.3557,0,0,-12,-109,-0.0185,0.1695,0.0024,-550.8573,884.3712,0.9483,,,,,,,
61.3658,-10,-86,0,0,-0.0159,0.1399,-0.0020,-550.9802,884.4400,0.9463,,,,,,,
61.3759,0,0,-10,-109,-0.0154,0.1695,0.0024,-551.1268,884.5264,0.9487,,,,,,,
61.3858,,,,,,,,,,,-353.5010,1043.3996,0.6008,-0.2724,2.5389,0.0015,1
61.3860,-5,-91,-12,-118,-0.0265,0.3315,0.0005,-551.4116,884.6980,0.9492,,,,,,,
61.3960,-11,-101,0,0,-0.0175,0.1643,-0.0023,-551.5553,884.7797,0.9468,,,,,,,
61.4061,0,0,-13,-115,-0.0200,0.1788,0.0026,-551.7122,884.8676,0.9494,,,,,,,
61.4162,-5,-92,0,0,-0.0080,0.1497,-0.0021,-551.8384,884.9484,0.9473,,,,,,,
61.4263,-5,-89,-7,-100,-0.0187,0.3003,0.0002,-552.0932,885.1085,0.9474,,,,,,,
61.4364,0,0,-12,-112,-0.0185,0.1741,0.0025,-552.2455,885.1950,0.9499,,,,,,,
61.4465,-10,-97,0,0,-0.0159,0.1578,-0.0023,-552.3830,885.2740,0.9476,,,,,,,
61.4565,0,0,-12,-113,-0.0185,0.1757,0.0025,-552.5365,885.3613,0.9502,,,,,,,
61.4666,-10,-98,-14,-116,-0.0375,0.3398,0.0003,-552.8348,885.5284,0.9505,,,,,,,
61.4767,-12,-94,0,0,-0.0191,0.1529,-0.0022,-552.9702,885.6019,0.9483,,,,,,,
61.4868,0,0,-12,-109,-0.0185,0.1695,0.0024,-553.1188,885.6855,0.9507,,,,,,,
61.4968,-10,-90,0,0,-0.0159,0.1464,-0.0021,-553.2471,885.7578,0.9486,,,,,,,
61.5069,-13,-97,-11,-110,-0.0376,0.3288,0.0002,-553.5363,885.9188,0.9488,,,,,,,
61.5170,0,0,-12,-115,-0.0185,0.1788,0.0026,-553.6925,886.0077,0.9513,,,,,,,
61.5271,-9,-95,0,0,-0.0143,0.1546,-0.0022,-553.8266,886.0860,0.9491,,,,,,,
61.5328,,,,,,,,,,,-355.2130,1046.5353,0.6016,0.3603,3.5543,0.0008,1
61.5372,0,0,-7,-100,-0.0108,0.1555,0.0022,-553.9593,886.1676,0.9514,,,,,,,
61.5472,-8,-94,-8,-104,-0.0251,0.3146,0.0001,-554.2300,886.3298,0.9515,,,,,,,
61.5573,-13,-86,0,0,-0.0207,0.1399,-0.0020,-554.3559,886.3943,0.9495,,,,,,,
61.5674,0,0,-11,-100,-0.0170,0.1555,0.0022,-554.4923,886.4709,0.9517,,,,,,,
61.5775,-10,-84,-10,-101,-0.0313,0.2937,0.0003,-554.7497,886.6158,0.9520,,,,,,,
61.5875,-6,-86,0,0,-0.0095,0.1399,-0.0020,-554.8691,886.6893,0.9500,,,,,,,
61.5976,0,0,-11,-103,-0.0170,0.1601,0.0023,-555.0093,886.7685,0.9523,,,,,,,
61.6077,-12,-88,0,0,-0.0191,0.1432,-0.0020,-555.1369,886.8361,0.9502,,,,,,,
61.6177,-4,-88,-10,-100,-0.0218,0.2986,0.0002,-555.3926,886.9920,0.9504,,,,,,,
61.6278,0,0,-7,-108,-0.0108,0.1679,0.0024,-555.5356,887.0806,0.9528,,,,,,,
61.6379,-3,-92,0,0,-0.0048,0.1497,-0.0021,-555.6603,887.1636,0.9507,,,,,,,
61.6480,0,0,-8,-103,-0.0123,0.1601,0.0023,-555.7978,887.2465,0.9530,,,,,,,
61.6581,-6,-85,-10,-102,-0.0250,0.2969,0.0003,-556.0543,887.3980,0.9533,,,,,,,
61.6674,,,,,,,,,,,-356.8605,1048.2290,0.6032,-0.3998,2.3288,0.0016,1
61.6681,-9,-92,0,0,-0.0143,0.1497,-0.0021,-556.1845,887.4732,0.9511,,,,,,,
61.6782,0,0,-9,-115,-0.0139,0.1788,0.0026,-556.3383,887.5655,0.9537,,,,,,,
61.6883,-8,-98,0,0,-0.0127,0.1594,-0.0023,-556.4756,887.6476,0.9514,,,,,,,
61.6983,-6,-90,-10,-105,-0.0250,0.3097,0.0002,-556.7422,887.8070,0.9516,,,,,,,
61.7084,0,0,-12,-105,-0.0185,0.1632,0.0023,-556.8860,887.8865,0.9540,,,,,,,
61.7185,-10,-97,0,0,-0.0159,0.1578,-0.0023,-557.0238,887.9650,0.9517,,,,,,,
61.7286,0,0,-12,-117,-0.0185,0.1819,0.0026,-557.1828,888.0552,0.9543,,,,,,,
61.7387,-12,-90,-13,-106,-0.0391,0.3112,0.0003,-557.4594,888.2032,0.9546,,,,,,,
61.7487,-13,-93,0,0,-0.0207,0.1513,-0.0022,-557.5947,888.2739,0.9524,,,,,,,
61.7588,0,0,-16,-110,-0.0247,0.1710,0.0024,-557.7485,888.3528,0.9549,,,,,,,
61.7689,-10,-95,0,0,-0.0159,0.1546,-0.0022,-557.8837,888.4292,0.9526,,,,,,,
61.7790,-12,-95,-12,-112,-0.0376,0.3287,0.0003,-558.1734,888.5891,0.9529,,,,,,,
61.7890,0,0,-13,-113,-0.0200,0.1757,0.0025,-558.3283,888.6743,0.9554,,,,,,,
61.7991,-8,-92,0,0,-0.0127,0.1497,-0.0021,-558.4578,888.7504,0.9533,,,,,,,
61.8092,0,0,-12,-112,-0.0185,0.1741,0.0025,-558.6106,888.8360,0.9558,,,,,,,
61.8148,,,,,,,,,,,-358.8051,1050.7815,0.6047,-0.1536,3.2052,0.0015,1
61.8193,0,0,-11,-108,-0.0170,0.1679,0.0024,-558.7576,888.9188,0.9582,,,,,,,
61.8293,-11,-91,0,0,-0.0175,0.1480,-0.0021,-558.8888,888.9898,0.9561,,,,,,,
61.8394,0,0,-10,-112,-0.0154,0.1741,0.0025,-559.0400,889.0774,0.9586,,,,,,,
61.8495,-8,-97,-12,-115,-0.0312,0.3366,0.0003,-559.3334,889.2453,0.9589,,,,,,,
61.8596,-19,-193,0,0,-0.0302,0.3140,-0.0045,-559.6075,889.4015,0.9544,,,,,,,
61.8696,0,0,-12,-108,-0.0185,0.1679,0.0024,-559.7553,889.4833,0.9568,,,,,,,
61.8797,-10,-90,0,0,-0.0159,0.1464,-0.0021,-559.8840,889.5548,0.9547,,,,,,,
61.8898,-9,-83,-12,-101,-0.0328,0.2921,0.0003,-560.1414,889.6968,0.9550,,,,,,,
61.8998,0,0,-7,-103,-0.0108,0.1601,0.0023,-560.2784,889.7803,0.9573,,,,,,,
61.9099,-10,-91,0,0,-0.0159,0.1480,-0.0021,-560.4085,889.8527,0.9552,,,,,,,
61.9200,0,0,-13,-108,-0.0200,0.1679,0.0024,-560.5573,889.9331,0.9576,,,,,,,
61.9301,-6,-93,-11,-101,-0.0265,0.3083,0.0001,-560.8247,890.0889,0.9576,,,,,,,
61.9401,-4,-92,0,0,-0.0064,0.1497,-0.0021,-560.9507,890.1699,0.9555,,,,,,,
61.9502,0,0,-9,-100,-0.0139,0.1555,0.0022,-561.0858,890.2482,0.9577,,,,,,,
61.9510,,,,,,,,,,,-360.9944,1052.0358,0.6090,-1.0880,2.2765,0.0043,1
61.9603,-3,-90,0,0,-0.0048,0.1464,-0.0021,-561.2082,890.3287,0.9556,,,,,,,
61.9704,-5,-85,-7,-102,-0.0187,0.2969,0.0003,-561.4615,890.4846,0.9559,,,,,,,
61.9805,0,0,-8,-101,-0.0123,0.1570,0.0022,-561.5969,890.5650,0.9582,,,,,,,
61.9905,-10,-95,0,0,-0.0159,0.1546,-0.0022,-561.7324,890.6410,0.9560,,,,,,,
62.0006,0,0,-11,-114,-0.0170,0.1772,0.0025,-561.8871,890.7292,0.9585,,,,,,,
62.0107,-7,-94,-10,-103,-0.0266,0.3131,0.0001,-562.1586,890.8874,0.9586,,,,,,,
62.0208,-4,-83,0,0,-0.0064,0.1350,-0.0019,-562.2727,890.9599,0.9567,,,,,,,
62.0309,0,0,-12,-93,-0.0185,0.1446,0.0021,-562.4016,891.0279,0.9587,,,,,,,
62.0410,-16,-86,0,0,-0.0254,0.1399,-0.0020,-562.5306,891.0876,0.9567,,,,,,,
62.0510,-11,-81,-15,-108,-0.0406,0.2997,0.0005,-562.7990,891.2270,0.9573,,,,,,,
62.0611,0,0,-9,-107,-0.0139,0.1664,0.0024,-562.9431,891.3113,0.9596,,,,,,,
62.0712,-14,-89,0,0,-0.0223,0.1448,-0.0021,-563.0744,891.3763,0.9576,,,,,,,
62.0813,0,0,-14,-108,-0.0216,0.1679,0.0024,-563.2243,891.4551,0.9600,,,,,,,
62.0852,,,,,,,,,,,-362.7424,1054.3910,0.6093,-0.0865,2.9317,0.0003,1
62.0914,-9,-89,-10,-104,-0.0297,0.3065,0.0002,-563.4924,891.6065,0.9602,,,,,,,
62.1015,-10,-98,0,0,-0.0159,0.1594,-0.0023,-563.6321,891.6850,0.9579,,,,,,,
62.1115,0,0,-12,-108,-0.0185,0.1679,0.0024,-563.7801,891.7663,0.9603,,,,,,,
62.1216,-9,-104,-10,-111,-0.0297,0.3418,0.0000,-564.0772,891.9378,0.9604,,,,,,,
62.1317,-8,-85,0,0,-0.0127,0.1383,-0.0020,-564.1978,892.0068,0.9584,,,,,,,
62.1418,0,0,-10,-102,-0.0154,0.1586,0.0023,-564.3365,892.0852,0.9607,,,,,,,
62.1518,-12,-91,0,0,-0.0191,0.1480,-0.0021,-564.4687,892.1545,0.9585,,,,,,,
62.1619,-9,-90,-12,-112,-0.0328,0.3205,0.0004,-564.7499,892.3118,0.9589,,,,,,,
62.1720,0,0,-12,-114,-0.0185,0.1772,0.0025,-564.9057,892.3983,0.9615,,,,,,,
62.1821,-16,-95,0,0,-0.0254,0.1546,-0.0022,-565.0469,892.4660,0.9593,,,,,,,
62.1922,0,0,-13,-105,-0.0200,0.1632,0.0023,-565.1922,892.5432,0.9616,,,,,,,
62.2022,-9,-89,-13,-109,-0.0344,0.3143,0.0004,-565.4696,892.6948,0.9620,,,,,,,
62.2123,-13,-92,0,0,-0.0207,0.1497,-0.0021,-565.6042,892.7635,0.9598,,,,,,,
62.2224,0,0,-12,-106,-0.0185,0.1648,0.0024,-565.7498,892.8428,0.9622,,,,,,,
62.2325,-9,-92,0,0,-0.0143,0.1497,-0.0021,-565.8807,892.9167,0.9600,,,,,,,
62.2361,,,,,,,,,,,-363.9894,1056.0647,0.6125,-0.0648,2.0862,0.0032,1
62.2425,-7,-87,-9,-101,-0.0250,0.2986,0.0002,-566.1397,893.0674,0.9603,,,,,,,
62.2526,0,0,-4,-100,-0.0062,0.1555,0.0022,-566.2707,893.1514,0.9625,,,,,,,
62.2627,1,-87,0,0,0.0016,0.1415,-0.0020,-566.3859,893.2337,0.9604,,,,,,,
62.2728,0,0,-5,-102,-0.0077,0.1586,0.0023,-566.5203,893.3181,0.9627,,,,,,,
62.2829,-7,-89,-6,-99,-0.0204,0.2987,0.0001,-566.7772,893.4720,0.9628,,,,,,,
62.2929,-6,-94,0,0,-0.0095,0.1529,-0.0022,-566.9080,893.5517,0.9607,,,,,,,
62.3030,0,0,-7,-107,-0.0108,0.1664,0.0024,-567.0507,893.6380,0.9630,,,,,,,
62.3131,-3,-89,0,0,-0.0048,0.1448,-0.0021,-567.1722,893.7169,0.9610,,,,,,,
62.3232,-3,-89,-5,-96,-0.0125,0.2940,0.0001,-567.4204,893.8750,0.9610,,,,,,,
62.3332,0,0,-5,-102,-0.0077,0.1586,0.0023,-567.5549,893.9594,0.9633,,,,,,,
62.3433,-9,-96,0,0,-0.0143,0.1562,-0.0022,-567.6912,894.0369,0.9611,,,,,,,
62.3534,0,0,-10,-101,-0.0154,0.1570,0.0022,-567.8289,894.1141,0.9633,,,,,,,
62.3635,-7,-90,-8,-100,-0.0235,0.3019,0.0001,-568.0901,894.2671,0.9634,,,,,,,
62.3689,,,,,,,,,,,-366.0489,1058.6695,0.6126,-0.1876,3.3153,0.0001,1
62.3736,-3,-84,0,0,-0.0048,0.1367,-0.0020,-568.2050,894.3413,0.9615,,,,,,,
62.3836,0,0,-2,-89,-0.0031,0.1384,0.0020,-568.3203,894.4178,0.9635,,,,,,,
62.3937,-1,-93,-2,-104,-0.0047,0.3130,0.0001,-568.5800,894.5926,0.9636,,,,,,,
62.4038,-2,-99,0,0,-0.0032,0.1611,-0.0023,-568.7140,894.6820,0.9613,,,,,,,
62.4139,0,0,-6,-109,-0.0093,0.1695,0.0024,-568.8584,894.7713,0.9637,,,,,,,
62.4239,-4,-98,0,0,-0.0064,0.1594,-0.0023,-568.9928,894.8571,0.9615,,,,,,,
62.4340,-11,-90,-12,-109,-0.0360,0.3159,0.0003,-569.2725,895.0084,0.9618,,,,,,,
62.4441,0,0,-11,-106,-0.0170,0.1648,0.0024,-569.4175,895.0886,0.9641,,,,,,,
62.4542,-8,-96,0,0,-0.0127,0.1562,-0.0022,-569.5530,895.1673,0.9619,,,,,,,
62.4642,0,0,-12,-105,-0.0185,0.1632,0.0023,-569.6975,895.2453,0.9642,,,,,,,
62.4743,-12,-87,-16,-102,-0.0438,0.3001,0.0002,-569.9691,895.3804,0.9645,,,,,,,
62.4844,-11,-78,0,0,-0.0175,0.1269,-0.0018,-570.0833,895.4385,0.9627,,,,,,,
62.4944,0,0,-15,-89,-0.0231,0.1384,0.0020,-570.2101,895.4984,0.9646,,,,,,,
62.5046,-8,-78,0,0,-0.0127,0.1269,-0.0018,-570.3216,895.5604,0.9628,,,,,,,
62.5146,-11,-98,-13,-98,-0.0375,0.3118,-0.0001,-570.5990,895.7077,0.9627,,,,,,,
62.5149,,,,,,,,,,,-368.1168,1061.0973,0.6128,-0.2958,3.1753,0.0002,1
62.5247,0,0,-13,-118,-0.0200,0.1835,0.0026,-570.7611,895.7958,0.9654,,,,,,,
62.5348,-10,-96,0,0,-0.0159,0.1562,-0.0022,-570.8985,895.8718,0.9631,,,,,,,
62.5449,0,0,-11,-112,-0.0170,0.1741,0.0025,-571.0512,895.9571,0.9656,,,,,,,
62.5549,-12,-100,-9,-107,-0.0330,0.3290,0.0001,-571.3406,896.1171,0.9657,,,,,,,
62.5650,-11,-91,0,0,-0.0175,0.1480,-0.0021,-571.4722,896.1871,0.9635,,,,,,,
62.5751,0,0,-9,-98,-0.0139,0.1524,0.0022,-571.6054,896.2625,0.9657,,,,,,,
62.5852,-6,-94,0,0,-0.0095,0.1529,-0.0022,-571.7365,896.3418,0.9635,,,,,,,
62.5952,-10,-98,-14,-108,-0.0375,0.3273,0.0001,-572.0267,896.4978,0.9637,,,,,,,
62.6053,0,0,-4,-97,-0.0062,0.1508,0.0022,-572.1542,896.5786,0.9658,,,,,,,
62.6154,2,-87,0,0,0.0032,0.1415,-0.0020,-572.2687,896.6618,0.9638,,,,,,,
62.6255,0,0,-2,-92,-0.0031,0.1430,0.0020,-572.3880,896.7408,0.9658,,,,,,,
62.6355,-8,-84,-12,-98,-0.0312,0.2890,0.0002,-572.6435,896.8794,0.9661,,,,,,,
62.6456,-9,-94,0,0,-0.0143,0.1529,-0.0022,-572.7774,896.9548,0.9639,,,,,,,
62.6516,,,,,,,,,,,-369.2547,1063.0844,0.6155,0.2122,2.2800,0.0027,1
62.6557,0,0,-8,-99,-0.0123,0.1539,0.0022,-572.9109,897.0323,0.9661,,,,,,,
62.6658,-6,-87,-10,-97,-0.0250,0.2923,0.0001,-573.1656,897.1779,0.9662,,,,,,,
62.6758,-7,-87,0,0,-0.0111,0.1415,-0.0020,-573.2883,897.2493,0.9642,,,,,,,
62.6859,0,0,-5,-100,-0.0077,0.1555,0.0022,-573.4206,897.3315,0.9664,,,,,,,
62.6960,-4,-91,0,0,-0.0064,0.1480,-0.0021,-573.5459,897.4105,0.9643,,,,,,,
62.7061,-4,-94,-3,-96,-0.0110,0.3022,-0.0001,-573.8005,897.5737,0.9642,,,,,,,
62.7161,0,0,-2,-93,-0.0031,0.1446,0.0021,-573.9211,897.6535,0.9663,,,,,,,
62.7262,-4,-95,0,0,-0.0064,0.1546,-0.0022,-574.0518,897.7363,0.9641,,,,,,,
62.7363,0,0,-1,-93,-0.0015,0.1446,0.0021,-574.1715,897.8173,0.9662,,,,,,,
62.7463,1,-80,-6,-96,-0.0077,0.2794,0.0003,-574.4058,897.9698,0.9664,,,,,,,
62.7565,-8,-92,0,0,-0.0127,0.1497,-0.0021,-574.5361,898.0445,0.9643,,,,,,,
62.7666,0,0,-6,-98,-0.0093,0.1524,0.0022,-574.6666,898.1236,0.9665,,,,,,,
62.7766,-9,-87,0,0,-0.0143,0.1415,-0.0020,-574.7912,898.1924,0.9645,,,,,,,
62.7853,,,,,,,,,,,-371.6694,1065.6289,0.6173,-0.5025,3.4717,0.0018,1
62.7867,-12,-92,-9,-105,-0.0330,0.3129,0.0002,-575.0671,898.3436,0.9646,,,,,,,
62.7968,0,0,-12,-110,-0.0185,0.1710,0.0024,-575.2183,898.4256,0.9671,,,,,,,
62.8069,-8,-96,0,0,-0.0127,0.1562,-0.0022,-575.3540,898.5040,0.9649,,,,,,,
62.8169,0,0,-11,-108,-0.0170,0.1679,0.0024,-575.5018,898.5855,0.9673,,,,,,,
62.8270,-11,-91,-14,-104,-0.0391,0.3097,0.0002,-575.7790,898.7291,0.9675,,,,,,,
62.8371,-7,-99,0,0,-0.0111,0.1611,-0.0023,-575.9178,898.8115,0.9652,,,,,,,
62.8472,0,0,-8,-111,-0.0123,0.1726,0.0025,-576.0669,898.8994,0.9676,,,,,,,
62.8572,-5,-96,0,0,-0.0080,0.1562,-0.0022,-576.1999,898.9816,0.9654,,,,,,,
62.8673,-6,-78,-6,-94,-0.0188,0.2730,0.0003,-576.4351,899.1215,0.9657,,,,,,,
62.8774,0,0,-14,-101,-0.0216,0.1570,0.0022,-576.5766,899.1929,0.9679,,,,,,,
62.8874,-9,-85,0,0,-0.0143,0.1383,-0.0020,-576.6986,899.2596,0.9659,,,,,,,
62.8975,0,0,-11,-106,-0.0170,0.1648,0.0024,-576.8439,899.3392,0.9683,,,,,,,
62.9076,-10,-92,-13,-108,-0.0359,0.3176,0.0003,-577.1259,899.4896,0.9685,,,,,,,
62.9177,-10,-87,0,0,-0.0159,0.1415,-0.0020,-577.2515,899.5568,0.9665,,,,,,,
62.9278,0,0,-12,-99,-0.0185,0.1539,0.0022,-577.3888,899.6288,0.9687,,,,,,,
62.9326,,,,,,,,,,,-372.8055,1067.6886,0.6185,0.2657,2.3372,0.0012,1
62.9379,-9,-80,-12,-93,-0.0328,0.2747,0.0002,-577.6338,899.7574,0.9689,,,,,,,
62.9479,-12,-85,0,0,-0.0191,0.1383,-0.0020,-577.7585,899.8200,0.9670,,,,,,,
62.9580,0,0,-12,-100,-0.0185,0.1555,0.0022,-577.8971,899.8929,0.9692,,,,,,,
62.9681,-10,-95,0,0,-0.0159,0.1546,-0.0022,-578.0334,899.9675,0.9670,,,,,,,
62.9782,-6,-84,-8,-103,-0.0219,0.2968,0.0003,-578.2902,900.1179,0.9673,,,,,,,
62.9882,0,0,-7,-93,-0.0108,0.1446,0.0021,-578.4155,900.1910,0.9694,,,,,,,
62.9983,-10,-91,0,0,-0.0159,0.1480,-0.0021,-578.5464,900.2618,0.9673,,,,,,,
63.0084,0,0,-7,-109,-0.0108,0.1695,0.0024,-578.6922,900.3489,0.9697,,,,,,,
63.0185,-4,-95,-5,-98,-0.0141,0.3069,-0.0000,-578.9533,900.5109,0.9696,,,,,,,
63.0286,-6,-80,0,0,-0.0095,0.1301,-0.0019,-579.0659,900.5767,0.9678,,,,,,,
63.0387,0,0,-9,-91,-0.0139,0.1415,0.0020,-579.1904,900.6454,0.9698,,,,,,,
63.0488,-5,-84,0,0,-0.0080,0.1367,-0.0020,-579.3075,900.7162,0.9679,,,,,,,
63.0588,-6,-84,-10,-98,-0.0250,0.2890,0.0002,-579.5598,900.8595,0.9681,,,,,,,
63.0685,,,,,,,,,,,-374.9186,1069.7510,0.6206,-0.5259,2.9055,0.0021,1
63.0689,0,0,-8,-96,-0.0123,0.1493,0.0021,-579.6898,900.9338,0.9702,,,,,,,
63.0790,-10,-82,0,0,-0.0159,0.1334,-0.0019,-579.8088,900.9962,0.9683,,,,,,,
63.0891,0,0,-12,-96,-0.0185,0.1493,0.0021,-579.9423,901.0654,0.9704,,,,,,,
63.0991,-7,-81,-6,-95,-0.0204,0.2795,0.0002,-580.1845,901.2065,0.9707,,,,,,,
63.1092,-3,-88,0,0,-0.0048,0.1432,-0.0020,-580.3052,901.2835,0.9686,,,,,,,
63.1193,0,0,0,0,0.0000,0.0000,0.0000,-580.3052,901.2835,0.9686,,,,,,,
63.1293,-9,-94,0,0,-0.0143,0.1529,-0.0022,-580.4393,901.3585,0.9664,,,,,,,
63.1394,-6,-87,-10,-106,-0.0250,0.3063,0.0003,-580.7056,901.5120,0.9668,,,,,,,
63.1495,0,0,-9,-107,-0.0139,0.1664,0.0024,-580.8505,901.5948,0.9691,,,,,,,
63.1596,-8,-92,0,0,-0.0127,0.1497,-0.0021,-580.9810,901.6692,0.9670,,,,,,,
63.1696,-11,-89,-25,-214,-0.0560,0.4775,0.0027,-581.4062,901.8936,0.9697,,,,,,,
63.1797,0,0,-11,-102,-0.0170,0.1586,0.0023,-581.5466,901.9692,0.9720,,,,,,,
63.1898,-10,-88,0,0,-0.0159,0.1432,-0.0020,-581.6738,902.0369,0.9699,,,,,,,
63.1999,0,0,-14,-107,-0.0216,0.1664,0.0024,-581.8233,902.1129,0.9723,,,,,,,
63.2099,-14,-92,-13,-98,-0.0423,0.3020,0.0000,-582.0967,902.2481,0.9723,,,,,,,
63.2158,,,,,,,,,,,-376.6372,1072.4826,0.6207,0.1903,3.2217,0.0001,1
63.2200,-9,-83,0,0,-0.0143,0.1350,-0.0019,-582.2162,902.3125,0.9704,,,,,,,
63.2301,0,0,-11,-94,-0.0170,0.1461,0.0021,-582.3465,902.3809,0.9725,,,,,,,
63.2402,-12,-82,0,0,-0.0191,0.1334,-0.0019,-582.4674,902.4404,0.9706,,,,,,,
63.2502,-12,-94,-16,-109,-0.0438,0.3224,0.0002,-582.7582,902.5864,0.9708,,,,,,,
63.2603,0,0,-13,-115,-0.0200,0.1788,0.0026,-582.9172,902.6706,0.9734,,,,,,,
63.2704,-10,-93,0,0,-0.0159,0.1513,-0.0022,-583.0511,902.7427,0.9712,,,,,,,
63.2805,0,0,-12,-103,-0.0185,0.1601,0.0023,-583.1939,902.8176,0.9735,,,,,,,
63.2905,-8,-97,-7,-108,-0.0235,0.3257,0.0001,-583.4764,902.9813,0.9736,,,,,,,
63.3006,-6,-92,0,0,-0.0095,0.1497,-0.0021,-583.6055,903.0577,0.9715,,,,,,,
63.3107,0,0,-11,-103,-0.0170,0.1601,0.0023,-583.7474,903.1339,0.9738,,,,,,,
63.3208,-9,-88,0,0,-0.0143,0.1432,-0.0020,-583.8737,903.2027,0.9717,,,,,,,
63.3309,-5,-76,-13,-101,-0.0280,0.2807,0.0005,-584.1214,903.3378,0.9722,,,,,,,
63.3410,0,0,-10,-87,-0.0154,0.1353,0.0019,-584.2419,903.4011,0.9742,,,,,,,
63.3510,-10,-82,0,0,-0.0159,0.1334,-0.0019,-584.3611,903.4630,0.9722,,,,,,,
63.3511,,,,,,,,,,,-377.6728,1074.6721,0.6220,0.4308,2.3834,0.0013,1
63.3611,0,0,-11,-102,-0.0170,0.1586,0.0023,-584.5017,903.5382,0.9745,,,,,,,
63.3712,-12,-91,-14,-104,-0.0407,0.3097,0.0002,-584.7809,903.6785,0.9747,,,,,,,
63.3813,-8,-79,0,0,-0.0127,0.1285,-0.0018,-584.8943,903.7402,0.9729,,,,,,,
63.3913,0,0,-13,-91,-0.0200,0.1415,0.0020,-585.0226,903.8032,0.9749,,,,,,,
63.4014,-10,-79,0,0,-0.0159,0.1285,-0.0018,-585.1379,903.8622,0.9731,,,,,,,
63.4115,-7,-89,-11,-89,-0.0281,0.2832,-0.0001,-585.3877,903.9984,0.9730,,,,,,,
63.4215,0,0,-7,-101,-0.0108,0.1570,0.0022,-585.5237,904.0777,0.9752,,,,,,,
63.4316,-4,-84,0,0,-0.0064,0.1367,-0.0020,-585.6403,904.1492,0.9733,,,,,,,
63.4417,-4,-86,-5,-100,-0.0141,0.2954,0.0002,-585.8924,904.3037,0.9735,,,,,,,
63.4518,0,0,-8,-90,-0.0123,0.1399,0.0020,-586.0152,904.3721,0.9755,,,,,,,
63.4618,-2,-80,0,0,-0.0032,0.1301,-0.0019,-586.1246,904.4426,0.9736,,,,,,,
63.4719,0,0,0,-96,0.0000,0.1493,0.0021,-586.2481,904.5264,0.9757,,,,,,,
63.4820,-4,-92,-12,-110,-0.0249,0.3207,0.0003,-586.5277,904.6855,0.9761,,,,,,,
63.4921,-10,-91,0,0,-0.0159,0.1480,-0.0021,-586.6591,904.7554,0.9739,,,,,,,
63.4987,,,,,,,,,,,-380.1841,1076.9978,0.6237,-0.6861,3.3533,0.0018,1
63.5022,0,0,-15,-107,-0.0231,0.1664,0.0024,-586.8098,904.8296,0.9763,,,,,,,
63.5122,-14,-83,0,0,-0.0223,0.1350,-0.0019,-586.9341,904.8869,0.9744,,,,,,,
63.5223,-12,-89,-15,-103,-0.0422,0.3049,0.0002,-587.2101,905.0232,0.9746,,,,,,,
63.5324,0,0,-16,-107,-0.0247,0.1664,0.0024,-587.3617,905.0960,0.9770,,,,,,,
63.5425,-13,-87,0,0,-0.0207,0.1415,-0.0020,-587.4905,905.1582,0.9750,,,,,,,
63.5525,0,0,-19,-109,-0.0293,0.1695,0.0024,-587.6473,905.2289,0.9774,,,,,,,
63.5626,-16,-87,-13,-111,-0.0455,0.3141,0.0004,-587.9332,905.3667,0.9778,,,,,,,
63.5727,-6,-87,0,0,-0.0095,0.1415,-0.0020,-588.0558,905.4381,0.9758,,,,,,,
63.5828,0,0,-10,-99,-0.0154,0.1539,0.0022,-588.1920,905.5114,0.9780,,,,,,,
63.5928,0,-80,0,0,0.0000,0.1301,-0.0019,-588.2999,905.5842,0.9761,,,,,,,
63.6029,-13,-92,-11,-104,-0.0376,0.3114,0.0002,-588.5789,905.7275,0.9763,,,,,,,
63.6130,0,0,-14,-114,-0.0216,0.1772,0.0025,-588.7379,905.8086,0.9788,,,,,,,
63.6231,-11,-91,0,0,-0.0175,0.1480,-0.0021,-588.8705,905.8769,0.9767,,,,,,,
63.6331,0,0,-15,-104,-0.0231,0.1617,0.0023,-589.0175,905.9480,0.9790,,,,,,,
63.6334,,,,,,,,,,,-380.9866,1078.7512,0.6269,0.3727,1.8920,0.0031,1
63.6432,-12,-94,-14,-109,-0.0407,0.3224,0.0002,-589.3078,906.0941,0.9793,,,,,,,
63.6533,-12,-83,0,0,-0.0191,0.1350,-0.0019,-589.4305,906.1537,0.9773,,,,,,,
63.6634,0,0,-15,-112,-0.0231,0.1741,0.0025,-589.5879,906.2317,0.9798,,,,,,,
63.6734,-9,-88,0,0,-0.0143,0.1432,-0.0020,-589.7146,906.2997,0.9778,,,,,,,
63.6835,-9,-79,-13,-105,-0.0344,0.2918,0.0005,-589.9758,906.4342,0.9783,,,,,,,
63.6936,0,0,-14,-94,-0.0216,0.1461,0.0021,-590.1092,906.4977,0.9804,,,,,,,
63.7036,-9,-77,0,0,-0.0143,0.1253,-0.0018,-590.2212,906.5557,0.9786,,,,,,,
63.7137,-10,-89,-7,-95,-0.0267,0.2925,0.0000,-590.4788,906.6968,0.9786,,,,,,,
63.7238,0,0,-11,-112,-0.0170,0.1741,0.0025,-590.6328,906.7797,0.9811,,,,,,,
63.7339,-8,-87,0,0,-0.0127,0.1415,-0.0020,-590.7574,906.8480,0.9791,,,,,,,
63.7439,0,0,-3,-95,-0.0046,0.1477,0.0021,-590.8827,906.9264,0.9812,,,,,,,
63.7540,-4,-93,-11,-104,-0.0233,0.3130,0.0001,-591.1558,907.0810,0.9814,,,,,,,
63.7641,-6,-84,0,0,-0.0095,0.1367,-0.0020,-591.2747,907.1492,0.9794,,,,,,,
63.7689,,,,,,,,,,,-382.9363,1080.5980,0.6284,-0.4956,2.6394,0.0015,1
63.7742,0,0,-9,-104,-0.0139,0.1617,0.0023,-591.4167,907.2276,0.9817,,,,,,,
63.7842,-6,-84,0,0,-0.0095,0.1367,-0.0020,-591.5356,907.2957,0.9798,,,,,,,
63.7943,-9,-86,-10,-107,-0.0297,0.3063,0.0004,-591.8065,907.4417,0.9801,,,,,,,
63.8044,0,0,-10,-97,-0.0154,0.1508,0.0022,-591.9404,907.5127,0.9823,,,,,,,
63.8145,-5,-82,0,0,-0.0080,0.1334,-0.0019,-592.0557,907.5803,0.9804,,,,,,,
63.8245,0,0,-8,-94,-0.0123,0.1461,0.0021,-592.1841,907.6512,0.9825,,,,,,,
63.8346,-12,-84,-18,-117,-0.0468,0.3186,0.0006,-592.4751,907.7890,0.9831,,,,,,,
63.8447,-11,-88,0,0,-0.0175,0.1432,-0.0020,-592.6039,907.8539,0.9811,,,,,,,
63.8548,0,0,-13,-96,-0.0200,0.1493,0.0021,-592.7392,907.9201,0.9832,,,,,,,
63.8648,-14,-81,0,0,-0.0223,0.1318,-0.0019,-592.8611,907.9748,0.9813,,,,,,,
63.8749,-13,-92,-15,-118,-0.0438,0.3331,0.0005,-593.1624,908.1235,0.9818,,,,,,,
63.8850,0,0,-13,-110,-0.0200,0.1710,0.0024,-593.3159,908.2016,0.9842,,,,,,,
63.8951,-7,-90,0,0,-0.0111,0.1464,-0.0021,-593.4439,908.2735,0.9822,,,,,,,
63.9051,0,0,-13,-118,-0.0200,0.1835,0.0026,-593.6077,908.3585,0.9848,,,,,,,
63.9152,-12,-107,-12,-116,-0.0376,0.3544,0.0001,-593.9238,908.5232,0.9849,,,,,,,
63.9158,,,,,,,,,,,-384.9113,1083.1698,0.6300,-0.0859,3.2415,0.0016,1
63.9253,-6,-86,0,0,-0.0095,0.1399,-0.0020,-594.0456,908.5927,0.9829,,,,,,,
63.9354,0,0,-12,-95,-0.0185,0.1477,0.0021,-594.1788,908.6591,0.9850,,,,,,,
63.9454,-9,-90,0,0,-0.0143,0.1464,-0.0021,-594.3087,908.7283,0.9829,,,,,,,
63.9555,-11,-97,-19,-126,-0.0468,0.3537,0.0005,-594.6290,908.8854,0.9834,,,,,,,
63.9656,0,0,-11,-110,-0.0170,0.1710,0.0024,-594.7808,908.9659,0.9859,,,,,,,
63.9757,-14,-84,0,0,-0.0223,0.1367,-0.0020,-594.9070,909.0229,0.9839,,,,,,,
63.9857,0,0,-14,-104,-0.0216,0.1617,0.0023,-595.0537,909.0943,0.9862,,,,,,,
63.9958,-11,-87,-14,-113,-0.0391,0.3172,0.0005,-595.3398,909.2367,0.9867,,,,,,,
64.0059,-8,-95,0,0,-0.0127,0.1546,-0.0022,-595.4757,909.3114,0.9845,,,,,,,
64.0160,0,0,-14,-109,-0.0216,0.1695,0.0024,-595.6289,909.3870,0.9869,,,,,,,
64.0261,-12,-92,-11,-110,-0.0360,0.3207,0.0003,-595.9164,909.5337,0.9872,,,,,,,
64.0362,-5,-98,0,0,-0.0080,0.1594,-0.0023,-596.0537,909.6151,0.9850,,,,,,,
64.0462,0,0,-7,-105,-0.0108,0.1632,0.0023,-596.1958,909.6962,0.9873,,,,,,,
64.0513,,,,,,,,,,,-387.0698,1084.9589,0.6329,-0.6903,2.7173,0.0029,1
64.0564,-6,-90,0,0,-0.0095,0.1464,-0.0021,-596.3232,909.7690,0.9852,,,,,,,
64.0664,-10,-89,-13,-105,-0.0359,0.3080,0.0003,-596.5998,909.9093,0.9855,,,,,,,
64.0765,0,0,-10,-104,-0.0154,0.1617,0.0023,-596.7431,909.9856,0.9878,,,,,,,
64.0866,-9,-76,0,0,-0.0143,0.1236,-0.0018,-596.8542,910.0418,0.9860,,,,,,,
64.0967,0,0,-11,-103,-0.0170,0.1601,0.0023,-596.9972,910.1159,0.9883,,,,,,,
64.1067,-7,-95,-7,-118,-0.0219,0.3380,0.0004,-597.2915,910.2835,0.9887,,,,,,,
64.1168,-4,-96,0,0,-0.0064,0.1562,-0.0022,-597.4254,910.3642,0.9865,,,,,,,
64.1269,0,0,-4,-106,-0.0062,0.1648,0.0024,-597.5664,910.4498,0.9888,,,,,,,
64.1370,-6,-93,0,0,-0.0095,0.1513,-0.0022,-597.6979,910.5251,0.9867,,,,,,,
64.1471,-9,-85,-17,-108,-0.0405,0.3062,0.0004,-597.9757,910.6601,0.9871,,,,,,,
64.1571,0,0,-11,-96,-0.0170,0.1493,0.0021,-598.1097,910.7281,0.9892,,,,,,,
64.1672,-9,-84,0,0,-0.0143,0.1367,-0.0020,-598.2317,910.7913,0.9873,,,,,,,
64.1773,0,0,-14,-114,-0.0216,0.1772,0.0025,-598.3916,910.8707,0.9898,,,,,,,
64.1874,-9,-95,-7,-110,-0.0251,0.3256,0.0002,-598.6775,911.0284,0.9900,,,,,,,
64.1974,-5,-98,0,0,-0.0080,0.1594,-0.0023,-598.8151,911.1094,0.9878,,,,,,,
64.1981,,,,,,,,,,,-388.4823,1087.8346,0.6342,0.5620,3.1542,0.0013,1
64.2075,0,0,-13,-113,-0.0200,0.1757,0.0025,-598.9729,911.1892,0.9903,,,,,,,
64.2176,-8,-94,0,0,-0.0127,0.1529,-0.0022,-599.1077,911.2625,0.9881,,,,,,,
64.2277,-10,-97,-10,-116,-0.0313,0.3382,0.0003,-599.4073,911.4224,0.9884,,,,,,,
64.2377,0,0,-14,-100,-0.0216,0.1555,0.0022,-599.5491,911.4898,0.9906,,,,,,,
64.2478,-11,-79,0,0,-0.0175,0.1285,-0.0018,-599.6661,911.5457,0.9888,,,,,,,
64.2579,-15,-93,-19,-116,-0.0532,0.3316,0.0004,-599.9724,911.6835,0.9892,,,,,,,
64.2680,0,0,-14,-114,-0.0216,0.1772,0.0025,-600.1325,911.7627,0.9917,,,,,,,
64.2780,-13,-99,0,0,-0.0207,0.1611,-0.0023,-600.2785,911.8337,0.9894,,,,,,,
64.2881,0,0,-16,-112,-0.0247,0.1741,0.0025,-600.4377,911.9085,0.9919,,,,,,,
64.2982,-13,-81,-18,-106,-0.0484,0.2966,0.0005,-600.7125,912.0301,0.9924,,,,,,,
64.3083,-13,-85,0,0,-0.0207,0.1383,-0.0020,-600.8395,912.0885,0.9904,,,,,,,
64.3183,0,0,-16,-114,-0.0247,0.1772,0.0025,-601.0013,912.1649,0.9930,,,,,,,
64.3284,-14,-94,0,0,-0.0223,0.1529,-0.0022,-601.1415,912.2299,0.9908,,,,,,,
64.3336,,,,,,,,,,,-390.8154,1089.6491,0.6360,-0.8044,2.8441,0.0019,1
64.3385,-7,-98,-17,-121,-0.0373,0.3476,0.0004,-601.4527,912.3891,0.9912,,,,,,,
64.3486,0,0,-11,-117,-0.0170,0.1819,0.0026,-601.6143,912.4743,0.9938,,,,,,,
64.3586,-10,-88,0,0,-0.0159,0.1432,-0.0020,-601.7429,912.5392,0.9917,,,,,,,
64.3687,0,0,-10,-105,-0.0154,0.1632,0.0023,-601.8881,912.6155,0.9941,,,,,,,
64.3788,-12,-84,-11,-103,-0.0360,0.2968,0.0003,-602.1566,912.7470,0.9944,,,,,,,
64.3889,-6,-95,0,0,-0.0095,0.1546,-0.0022,-602.2913,912.8234,0.9922,,,,,,,
64.3989,0,0,-8,-114,-0.0123,0.1772,0.0025,-602.4465,912.9098,0.9947,,,,,,,
64.4090,-7,-92,0,0,-0.0111,0.1497,-0.0021,-602.5780,912.9822,0.9926,,,,,,,
64.4191,-8,-84,-13,-102,-0.0328,0.2952,0.0003,-602.8432,913.1160,0.9929,,,,,,,
64.4292,0,0,-8,-97,-0.0123,0.1508,0.0022,-602.9763,913.1879,0.9951,,,,,,,
64.4392,-9,-88,0,0,-0.0143,0.1432,-0.0020,-603.1041,913.2540,0.9930,,,,,,,
64.4493,0,0,-12,-113,-0.0185,0.1757,0.0025,-603.2615,913.3343,0.9955,,,,,,,
64.4594,-8,-90,-10,-99,-0.0281,0.3003,0.0001,-603.5288,913.4740,0.9956,,,,,,,
64.4674,,,,,,,,,,,-392.4068,1092.1148,0.6371,0.1844,2.9289,0.0011,1
64.4695,-5,-89,0,0,-0.0080,0.1448,-0.0021,-603.6546,913.5463,0.9936,,,,,,,
64.4795,0,0,-9,-104,-0.0139,0.1617,0.0023,-603.7977,913.6227,0.9959,,,,,,,
64.4896,-5,-87,0,0,-0.0080,0.1415,-0.0020,-603.9208,913.6931,0.9938,,,,,,,
64.4997,-8,-96,-10,-106,-0.0281,0.3210,0.0001,-604.2052,913.8446,0.9940,,,,,,,
64.5098,0,0,-11,-109,-0.0170,0.1695,0.0024,-604.3565,913.9226,0.9964,,,,,,,
64.5198,-8,-95,0,0,-0.0127,0.1546,-0.0022,-604.4931,913.9961,0.9942,,,,,,,
64.5299,-7,-84,-11,-102,-0.0281,0.2952,0.0003,-604.7560,914.1334,0.9945,,,,,,,
64.5400,0,0,-11,-109,-0.0170,0.1695,0.0024,-604.9074,914.2114,0.9969,,,,,,,
64.5501,-9,-92,0,0,-0.0143,0.1497,-0.0021,-605.0408,914.2808,0.9948,,,,,,,
64.5601,0,0,-13,-114,-0.0200,0.1772,0.0025,-605.2005,914.3603,0.9973,,,,,,,
64.5702,-15,-90,-14,-105,-0.0454,0.3097,0.0002,-605.4852,914.4901,0.9976,,,,,,,
64.5803,-11,-84,0,0,-0.0175,0.1367,-0.0020,-605.6095,914.5496,0.9956,,,,,,,
64.5903,0,0,-16,-115,-0.0247,0.1788,0.0026,-605.7730,914.6260,0.9982,,,,,,,
64.6004,-13,-97,0,0,-0.0207,0.1578,-0.0023,-605.9168,914.6943,0.9959,,,,,,,
64.6105,-11,-92,-14,-111,-0.0391,0.3222,0.0003,-606.2085,914.8366,0.9962,,,,,,,
64.6151,,,,,,,,,,,-394.3698,1093.6984,0.6392,-0.6358,2.4407,0.0021,1
64.6206,0,0,-10,-106,-0.0154,0.1648,0.0024,-606.3553,914.9131,0.9986,,,,,,,
64.6307,-8,-87,0,0,-0.0127,0.1415,-0.0020,-606.4811,914.9792,0.9966,,,,,,,
64.6408,0,0,-17,-118,-0.0262,0.1835,0.0026,-606.6495,915.0566,0.9992,,,,,,,
64.6508,-13,-108,-12,-120,-0.0392,0.3623,0.0002,-606.9754,915.2196,0.9993,,,,,,,
64.6609,-9,-92,0,0,-0.0143,0.1497,-0.0021,-607.1090,915.2887,0.9972,,,,,,,
64.6710,0,0,-15,-115,-0.0231,0.1788,0.0026,-607.2718,915.3660,0.9998,,,,,,,
64.6811,-16,-90,0,0,-0.0254,0.1464,-0.0021,-607.4087,915.4239,0.9977,,,,,,,
64.6911,-10,-82,-17,-102,-0.0421,0.2920,0.0004,-607.6769,915.5468,0.9980,,,,,,,
64.7012,0,0,-15,-111,-0.0231,0.1726,0.0025,-607.8345,915.6207,1.0005,,,,,,,
64.7113,-15,-83,0,0,-0.0239,0.1350,-0.0019,-607.9610,915.6737,0.9986,,,,,,,
64.7213,0,0,-17,-110,-0.0262,0.1710,0.0024,-608.1191,915.7440,1.0010,,,,,,,
64.7314,-13,-89,-12,-102,-0.0392,0.3034,0.0002,-608.3957,915.8747,1.0012,,,,,,,
64.7415,-9,-82,0,0,-0.0143,0.1334,-0.0019,-608.5157,915.9347,0.9993,,,,,,,
64.7516,0,0,-10,-102,-0.0154,0.1586,0.0023,-608.6575,916.0073,1.0016,,,,,,,
64.7517,,,,,,,,,,,-396.0056,1096.3883,0.6419,0.2918,3.1346,0.0027,1
64.7616,-11,-85,0,0,-0.0175,0.1383,-0.0020,-608.7833,916.0673,0.9996,,,,,,,
64.7717,-10,-100,-13,-111,-0.0359,0.3353,0.0001,-609.0848,916.2183,0.9997,,,,,,,
64.7818,0,0,-12,-112,-0.0185,0.1741,0.0025,-609.2414,916.2966,1.0022,,,,,,,
64.7919,-5,-93,0,0,-0.0080,0.1513,-0.0022,-609.3731,916.3715,1.0000,,,,,,,
64.8020,-4,-82,-10,-99,-0.0218,0.2873,0.0003,-609.6267,916.5084,1.0003,,,,,,,
64.8120,0,0,-11,-100,-0.0170,0.1555,0.0022,-609.7668,916.5779,1.0026,,,,,,,
64.8221,-9,-89,0,0,-0.0143,0.1448,-0.0021,-609.8964,916.6439,1.0005,,,,,,,
64.8322,0,0,-13,-113,-0.0200,0.1757,0.0025,-610.0552,916.7217,1.0030,,,,,,,
64.8423,-7,-88,-10,-97,-0.0266,0.2940,0.0001,-610.3174,916.8574,1.0031,,,,,,,
64.8523,-12,-75,0,0,-0.0191,0.1220,-0.0017,-610.4305,916.9070,1.0014,,,,,,,
64.8624,0,0,-15,-101,-0.0231,0.1570,0.0022,-610.5753,916.9720,1.0036,,,,,,,
64.8725,-12,-85,0,0,-0.0191,0.1383,-0.0020,-610.7021,917.0303,1.0016,,,,,,,
64.8826,-13,-98,-13,-117,-0.0407,0.3413,0.0003,-611.0116,917.1799,1.0020,,,,,,,
64.8926,0,0,-15,-122,-0.0231,0.1897,0.0027,-611.1840,917.2624,1.0047,,,,,,,
64.8977,,,,,,,,,,,-397.8570,1098.9459,0.6430,0.0485,3.1570,0.0011,1
64.9027,-13,-83,0,0,-0.0207,0.1350,-0.0019,-611.3090,917.3175,1.0027,,,,,,,
64.9128,0,0,-15,-105,-0.0231,0.1632,0.0023,-611.4591,917.3856,1.0051,,,,,,,
64.9229,-8,-82,-15,-113,-0.0359,0.3091,0.0006,-611.7393,917.5210,1.0057,,,,,,,
64.9329,-12,-98,0,0,-0.0191,0.1594,-0.0023,-611.8841,917.5904,1.0034,,,,,,,
64.9430,0,0,-15,-121,-0.0231,0.1881,0.0027,-612.0553,917.6718,1.0061,,,,,,,
64.9531,-10,-97,0,0,-0.0159,0.1578,-0.0023,-612.1970,917.7429,1.0038,,,,,,,
64.9632,-13,-89,-12,-108,-0.0392,0.3127,0.0003,-612.4818,917.8778,1.0042,,,,,,,
64.9732,0,0,-20,-119,-0.0308,0.1850,0.0026,-612.6546,917.9509,1.0068,,,,,,,
64.9833,-15,-93,0,0,-0.0239,0.1513,-0.0022,-612.7951,918.0117,1.0046,,,,,,,
64.9934,0,0,-13,-118,-0.0200,0.1835,0.0026,-612.9608,918.0930,1.0073,,,,,,,
65.0035,-13,-88,-19,-114,-0.0500,0.3204,0.0005,-613.2584,918.2218,1.0078,,,,,,,
65.0136,-13,-89,0,0,-0.0207,0.1448,-0.0021,-613.3918,918.2818,1.0057,,,,,,,
65.0237,0,0,-22,-112,-0.0339,0.1741,0.0025,-613.5572,918.3462,1.0082,,,,,,,
65.0333,,,,,,,,,,,-399.6568,1100.0576,0.6468,-0.7738,1.9689,0.0038,1
65.0337,-12,-91,0,0,-0.0191,0.1480,-0.0021,-613.6925,918.4091,1.0061,,,,,,,
65.0438,-14,-92,-17,-115,-0.0485,0.3285,0.0004,-613.9959,918.5439,1.0065,,,,,,,
65.0539,0,0,-15,-115,-0.0231,0.1788,0.0026,-614.1595,918.6198,1.0090,,,,,,,
65.0640,-7,-88,0,0,-0.0111,0.1432,-0.0020,-614.2865,918.6868,1.0070,,,,,,,
65.0740,-9,-91,-10,-108,-0.0297,0.3160,0.0003,-614.5695,918.8304,1.0073,,,,,,,
65.0841,0,0,-11,-115,-0.0170,0.1788,0.0026,-614.7298,918.9114,1.0098,,,,,,,
65.0942,-8,-95,0,0,-0.0127,0.1546,-0.0022,-614.8673,918.9830,1.0076,,,,,,,
65.1042,0,0,-11,-111,-0.0170,0.1726,0.0025,-615.0224,919.0606,1.0101,,,,,,,
65.1143,-9,-86,-12,-101,-0.0328,0.2969,0.0002,-615.2913,919.1907,1.0103,,,,,,,
65.1244,-8,-88,0,0,-0.0127,0.1432,-0.0020,-615.4193,919.2562,1.0083,,,,,,,
65.1345,0,0,-11,-108,-0.0170,0.1679,0.0024,-615.5705,919.3312,1.0107,,,,,,,
65.1445,-8,-93,0,0,-0.0127,0.1513,-0.0022,-615.7053,919.4009,1.0085,,,,,,,
65.1546,-13,-84,-13,-103,-0.0407,0.2968,0.0003,-615.9782,919.5247,1.0089,,,,,,,
65.1647,0,0,-14,-110,-0.0216,0.1710,0.0024,-616.1345,919.5973,1.0113,,,,,,,
65.1699,,,,,,,,,,,-401.3774,1102.5763,0.6494,0.1449,3.0469,0.0026,1
65.1748,-6,-81,0,0,-0.0095,0.1318,-0.0019,-616.2512,919.6593,1.0094,,,,,,,
65.1848,0,0,-12,-103,-0.0185,0.1601,0.0023,-616.3967,919.7287,1.0117,,,,,,,
65.1949,-11,-94,-15,-123,-0.0406,0.3442,0.0005,-616.7100,919.8767,1.0122,,,,,,,
65.2050,-12,-92,0,0,-0.0191,0.1497,-0.0021,-616.8470,919.9400,1.0101,,,,,,,
65.2151,0,0,-12,-114,-0.0185,0.1772,0.0025,-617.0070,920.0184,1.0126,,,,,,,
65.2252,-10,-100,0,0,-0.0159,0.1627,-0.0023,-617.1534,920.0912,1.0103,,,,,,,
65.2352,-11,-83,-15,-118,-0.0406,0.3185,0.0007,-617.4448,920.2260,1.0110,,,,,,,
65.2453,0,0,-14,-117,-0.0216,0.1819,0.0026,-617.6105,920.3041,1.0136,,,,,,,
65.2554,-10,-91,0,0,-0.0159,0.1480,-0.0021,-617.7445,920.3691,1.0115,,,,,,,
65.2654,0,0,-14,-119,-0.0216,0.1850,0.0026,-617.9128,920.4487,1.0141,,,,,,,
65.2756,-14,-97,-17,-118,-0.0485,0.3413,0.0004,-618.2282,920.5878,1.0145,,,,,,,
65.2856,-10,-88,0,0,-0.0159,0.1432,-0.0020,-618.3581,920.6500,1.0125,,,,,,,
65.2957,0,0,-19,-116,-0.0293,0.1804,0.0026,-618.5267,920.7205,1.0150,,,,,,,
65.3058,-15,-93,0,0,-0.0239,0.1513,-0.0022,-618.6678,920.7802,1.0129,,,,,,,
65.3156,,,,,,,,,,,-403.3268,1105.2535,0.6510,0.0664,3.3111,0.0016,1
65.3159,-15,-87,-20,-121,-0.0547,0.3297,0.0007,-618.9764,920.9082,1.0135,,,,,,,
65.3259,0,0,-13,-110,-0.0200,0.1710,0.0024,-619.1323,920.9815,1.0160,,,,,,,
65.3360,-12,-95,0,0,-0.0191,0.1546,-0.0022,-619.2736,921.0468,1.0138,,,,,,,
65.3461,-15,-106,-20,-124,-0.0547,0.3652,0.0003,-619.6126,921.1934,1.0141,,,,,,,
65.3562,0,0,-13,-120,-0.0200,0.1866,0.0027,-619.7817,921.2748,1.0167,,,,,,,
65.3662,-12,-89,0,0,-0.0191,0.1448,-0.0021,-619.9148,921.3349,1.0147,,,,,,,
65.3763,0,0,-12,-119,-0.0185,0.1850,0.0026,-620.0818,921.4166,1.0173,,,,,,,
65.3864,-11,-98,-11,-114,-0.0345,0.3367,0.0003,-620.3863,921.5642,1.0176,,,,,,,
65.3965,-8,-96,0,0,-0.0127,0.1562,-0.0022,-620.5258,921.6356,1.0153,,,,,,,
65.4065,0,0,-11,-112,-0.0170,0.1741,0.0025,-620.6828,921.7129,1.0178,,,,,,,
65.4166,-7,-92,0,0,-0.0111,0.1497,-0.0021,-620.8159,921.7821,1.0157,,,,,,,
65.4267,-10,-93,-13,-116,-0.0359,0.3316,0.0004,-621.1168,921.9263,1.0161,,,,,,,
65.4368,0,0,-9,-105,-0.0139,0.1632,0.0023,-621.2629,922.0003,1.0184,,,,,,,
65.4469,-7,-83,0,0,-0.0111,0.1350,-0.0019,-621.3837,922.0618,1.0165,,,,,,,
65.4525,,,,,,,,,,,-405.2840,1107.9279,0.6532,0.0637,3.3134,0.0022,1
65.4569,0,0,-10,-109,-0.0154,0.1695,0.0024,-621.5360,922.1377,1.0189,,,,,,,
65.4670,-7,-87,-10,-104,-0.0266,0.3032,0.0003,-621.8081,922.2741,1.0192,,,,,,,
65.4771,-12,-98,0,0,-0.0191,0.1594,-0.0023,-621.9538,922.3415,1.0169,,,,,,,
65.4872,0,0,-11,-115,-0.0170,0.1788,0.0026,-622.1149,922.4209,1.0195,,,,,,,
65.4972,-10,-96,0,0,-0.0159,0.1562,-0.0022,-622.2562,922.4894,1.0172,,,,,,,
65.5073,-3,-90,-9,-111,-0.0186,0.3190,0.0004,-622.5374,922.6411,1.0176,,,,,,,
65.5174,0,0,-9,-112,-0.0139,0.1741,0.0025,-622.6930,922.7206,1.0201,,,,,,,
65.5275,-8,-96,0,0,-0.0127,0.1562,-0.0022,-622.8326,922.7917,1.0179,,,,,,,
65.5375,0,0,-12,-109,-0.0185,0.1695,0.0024,-622.9867,922.8647,1.0203,,,,,,,
65.5476,-9,-93,-10,-108,-0.0297,0.3192,0.0002,-623.2743,923.0063,1.0205,,,,,,,
65.5577,-11,-94,0,0,-0.0175,0.1529,-0.0022,-623.4137,923.0715,1.0184,,,,,,,
65.5678,0,0,-14,-114,-0.0216,0.1772,0.0025,-623.5760,923.1460,1.0209,,,,,,,
65.5780,-11,-87,-18,-111,-0.0453,0.3141,0.0004,-623.8675,923.2715,1.0213,,,,,,,
65.5880,-17,-79,0,0,-0.0270,0.1285,-0.0018,-623.9912,923.3157,1.0195,,,,,,,
65.5978,,,,,,,,,,,-407.0880,1109.5180,0.6549,-0.4663,2.3591,0.0017,1
65.5981,0,0,-19,-111,-0.0293,0.1726,0.0025,-624.1536,923.3809,1.0220,,,,,,,
65.6082,-17,-91,0,0,-0.0270,0.1480,-0.0021,-624.2939,923.4352,1.0198,,,,,,,
65.6183,-11,-97,-14,-117,-0.0391,0.3397,0.0003,-624.6039,923.5797,1.0202,,,,,,,
65.6283,0,0,-14,-109,-0.0216,0.1695,0.0024,-624.7597,923.6498,1.0226,,,,,,,
65.6384,-11,-93,0,0,-0.0175,0.1513,-0.0022,-624.8979,923.7139,1.0204,,,,,,,
65.6485,0,0,-15,-114,-0.0231,0.1772,0.0025,-625.0611,923.7866,1.0230,,,,,,,
65.6586,-9,-96,-14,-127,-0.0359,0.3536,0.0006,-625.3817,923.9401,1.0236,,,,,,,
65.6687,-11,-92,0,0,-0.0175,0.1497,-0.0021,-625.5186,924.0031,1.0214,,,,,,,
65.6788,0,0,-14,-104,-0.0216,0.1617,0.0023,-625.6678,924.0690,1.0237,,,,,,,
65.6889,-11,-89,0,0,-0.0175,0.1448,-0.0021,-625.8005,924.1295,1.0217,,,,,,,
65.6989,-15,-97,-14,-111,-0.0454,0.3304,0.0002,-626.1061,924.2632,1.0219,,,,,,,
65.7090,0,0,-12,-113,-0.0185,0.1757,0.0025,-626.2657,924.3388,1.0244,,,,,,,
65.7191,-7,-91,0,0,-0.0111,0.1480,-0.0021,-626.3979,924.4064,1.0223,,,,,,,
65.7291,0,0,-10,-108,-0.0154,0.1679,0.0024,-626.5493,924.4806,1.0247,,,,,,,
65.7352,,,,,,,,,,,-409.8122,1112.2367,0.6577,-0.5048,3.8154,0.0029,1
65.7393,-6,-79,-10,-90,-0.0250,0.2684,0.0002,-626.7917,924.5987,1.0248,,,,,,,
65.7494,-7,-91,0,0,-0.0111,0.1480,-0.0021,-626.9239,924.6662,1.0227,,,,,,,
65.7595,0,0,-12,-113,-0.0185,0.1757,0.0025,-627.0836,924.7417,1.0252,,,,,,,
65.7695,-10,-93,0,0,-0.0159,0.1513,-0.0022,-627.2211,924.8068,1.0231,,,,,,,
65.7796,-12,-94,-15,-106,-0.0422,0.3177,0.0002,-627.5144,924.9362,1.0232,,,,,,,
65.7897,0,0,-9,-105,-0.0139,0.1632,0.0023,-627.6611,925.0091,1.0256,,,,,,,
65.7997,-3,-89,0,0,-0.0048,0.1448,-0.0021,-627.7873,925.0803,1.0235,,,,,,,
65.8098,0,0,-7,-105,-0.0108,0.1632,0.0023,-627.9324,925.1559,1.0258,,,,,,,
65.8200,-4,-99,-8,-108,-0.0187,0.3290,0.0001,-628.2234,925.3104,1.0259,,,,,,,
65.8300,-8,-86,0,0,-0.0127,0.1399,-0.0020,-628.3496,925.3721,1.0239,,,,,,,
65.8401,0,0,-9,-97,-0.0139,0.1508,0.0022,-628.4857,925.4386,1.0261,,,,,,,
65.8502,-4,-86,-6,-93,-0.0156,0.2845,0.0001,-628.7371,925.5726,1.0262,,,,,,,
65.8603,-7,-88,0,0,-0.0111,0.1432,-0.0020,-628.8653,925.6374,1.0241,,,,,,,
65.8684,,,,,,,,,,,-411.6667,1114.5680,0.6588,-0.0424,2.9787,0.0010,1
65.8703,0,0,-14,-113,-0.0216,0.1757,0.0025,-629.0267,925.7101,1.0266,,,,,,,
65.8804,-11,-96,0,0,-0.0175,0.1562,-0.0022,-629.1693,925.7761,1.0244,,,,,,,
65.8905,-11,-87,-15,-107,-0.0406,0.3079,0.0004,-629.4535,925.9014,1.0247,,,,,,,
65.9006,0,0,-17,-114,-0.0262,0.1772,0.0025,-629.6186,925.9708,1.0273,,,,,,,
65.9107,0,0,0,0,0.0000,0.0000,0.0000,-629.6186,925.9708,1.0273,,,,,,,
65.9208,0,0,-11,-110,-0.0170,0.1710,0.0024,-629.7739,926.0445,1.0297,,,,,,,
65.9309,-16,-88,-16,-115,-0.0501,0.3220,0.0005,-630.0757,926.1673,1.0302,,,,,,,
65.9409,-10,-94,0,0,-0.0159,0.1529,-0.0022,-630.2149,926.2325,1.0280,,,,,,,
65.9510,0,0,-13,-104,-0.0200,0.1617,0.0023,-630.3638,926.2987,1.0304,,,,,,,
65.9611,-23,-185,0,0,-0.0366,0.3010,-0.0043,-630.6404,926.4228,1.0261,,,,,,,
65.9712,-9,-96,-6,-104,-0.0236,0.3179,0.0001,-630.9245,926.5674,1.0261,,,,,,,
65.9812,0,0,-16,-121,-0.0247,0.1881,0.0027,-631.0983,926.6435,1.0288,,,,,,,
65.9913,-18,-93,0,0,-0.0286,0.1513,-0.0022,-631.2426,926.6972,1.0267,,,,,,,
66.0014,0,0,-19,-108,-0.0293,0.1679,0.0024,-631.4015,926.7588,1.0291,,,,,,,
66.0115,-16,-85,-18,-111,-0.0532,0.3109,0.0005,-631.6953,926.8735,1.0295,,,,,,,
66.0168,,,,,,,,,,,-413.6348,1116.6297,0.6607,-0.2944,2.8350,0.0020,1
66.0216,-18,-86,0,0,-0.0286,0.1399,-0.0020,-631.8299,926.9212,1.0276,,,,,,,
66.0317,0,0,-17,-108,-0.0262,0.1679,0.0024,-631.9873,926.9853,1.0299,,,,,,,
66.0417,-9,-86,0,0,-0.0143,0.1399,-0.0020,-632.1146,927.0452,1.0280,,,,,,,
66.0518,-15,-95,-21,-106,-0.0562,0.3194,0.0001,-632.4171,927.1620,1.0281,,,,,,,
66.0619,0,0,-13,-106,-0.0200,0.1648,0.0024,-632.5686,927.2298,1.0305,,,,,,,
66.0720,-4,-91,0,0,-0.0064,0.1480,-0.0021,-632.6988,927.3006,1.0283,,,,,,,
66.0821,-8,-82,-9,-95,-0.0266,0.2811,0.0002,-632.9533,927.4229,1.0285,,,,,,,
66.0921,0,0,-12,-107,-0.0185,0.1664,0.0024,-633.1054,927.4928,1.0309,,,,,,,
66.1022,-9,-96,0,0,-0.0143,0.1562,-0.0022,-633.2466,927.5609,1.0287,,,,,,,
66.1123,0,0,-10,-112,-0.0154,0.1741,0.0025,-633.4039,927.6374,1.0312,,,,,,,
66.1224,-8,-90,-13,-104,-0.0328,0.3081,0.0002,-633.6850,927.7675,1.0314,,,,,,,
66.1324,-11,-91,0,0,-0.0175,0.1480,-0.0021,-633.8210,927.8287,1.0293,,,,,,,
66.1425,0,0,-14,-109,-0.0216,0.1695,0.0024,-633.9774,927.8974,1.0317,,,,,,,
66.1526,-9,-84,0,0,-0.0143,0.1367,-0.0020,-634.1020,927.9554,1.0297,,,,,,,
66.1529,,,,,,,,,,,-415.3682,1118.1672,0.6639,-0.4250,2.2777,0.0032,1
66.1627,-10,-88,-12,-100,-0.0344,0.2986,0.0002,-634.3757,928.0796,1.0299,,,,,,,
66.1727,0,0,-11,-98,-0.0170,0.1524,0.0022,-634.5151,928.1434,1.0321,,,,,,,
66.1828,-6,-83,0,0,-0.0095,0.1350,-0.0019,-634.6359,928.2046,1.0302,,,,,,,
66.1928,0,0,-9,-99,-0.0139,0.1539,0.0022,-634.7751,928.2718,1.0324,,,,,,,
66.2029,-9,-81,-12,-104,-0.0328,0.2935,0.0004,-635.0439,928.3940,1.0328,,,,,,,
66.2130,-9,-97,0,0,-0.0143,0.1578,-0.0023,-635.1866,928.4628,1.0305,,,,,,,
66.2231,0,0,-11,-107,-0.0170,0.1664,0.0024,-635.3381,928.5336,1.0329,,,,,,,
66.2331,-13,-87,0,0,-0.0207,0.1415,-0.0020,-635.4702,928.5885,1.0309,,,,,,,
66.2432,-7,-89,-11,-102,-0.0281,0.3034,0.0002,-635.7449,928.7203,1.0311,,,,,,,
66.2533,0,0,-12,-100,-0.0185,0.1555,0.0022,-635.8878,928.7842,1.0333,,,,,,,
66.2634,-5,-88,0,0,-0.0080,0.1432,-0.0020,-636.0148,928.8508,1.0313,,,,,,,
66.2734,0,0,-9,-106,-0.0139,0.1648,0.0024,-636.1634,928.9234,1.0336,,,,,,,
66.2835,-11,-86,-16,-114,-0.0422,0.3172,0.0005,-636.4575,929.0493,1.0342,,,,,,,
66.2936,-10,-92,0,0,-0.0159,0.1497,-0.0021,-636.5942,929.1123,1.0320,,,,,,,
66.2986,,,,,,,,,,,-416.8030,1120.2647,0.6661,0.1623,2.5360,0.0022,1
66.3037,0,0,-10,-99,-0.0154,0.1539,0.0022,-636.7343,929.1779,1.0342,,,,,,,
66.3137,-9,-79,0,0,-0.0143,0.1285,-0.0018,-636.8520,929.2314,1.0324,,,,,,,
66.3238,-11,-91,-16,-114,-0.0422,0.3253,0.0004,-637.1529,929.3620,1.0328,,,,,,,
66.3339,0,0,-16,-107,-0.0247,0.1664,0.0024,-637.3085,929.4258,1.0352,,,,,,,
66.3440,-17,-87,0,0,-0.0270,0.1415,-0.0020,-637.4440,929.4750,1.0332,,,,,,,
66.3541,-14,-92,-16,-105,-0.0469,0.3129,0.0002,-637.7368,929.5949,1.0333,,,,,,,
66.3642,0,0,-10,-109,-0.0154,0.1695,0.0024,-637.8904,929.6682,1.0358,,,,,,,
66.3742,-12,-94,0,0,-0.0191,0.1529,-0.0022,-638.0316,929.7299,1.0336,,,,,,,
66.3843,0,0,-13,-111,-0.0200,0.1726,0.0025,-638.1902,929.8008,1.0360,,,,,,,
66.3944,-8,-91,-15,-109,-0.0359,0.3175,0.0003,-638.4817,929.9317,1.0364,,,,,,,
66.4045,-7,-89,0,0,-0.0111,0.1448,-0.0021,-638.6119,929.9960,1.0343,,,,,,,
66.4146,0,0,-5,-94,-0.0077,0.1461,0.0021,-638.7415,930.0640,1.0364,,,,,,,
66.4246,-5,-91,0,0,-0.0080,0.1480,-0.0021,-638.8729,930.1327,1.0343,,,,,,,
66.4346,,,,,,,,,,,-419.9493,1122.3311,0.6678,-1.1968,3.5689,0.0017,1
66.4347,-9,-88,-10,-107,-0.0297,0.3095,0.0003,-639.1541,930.2653,1.0346,,,,,,,
66.4448,0,0,-13,-104,-0.0200,0.1617,0.0023,-639.3034,930.3305,1.0369,,,,,,,
66.4549,-4,-84,0,0,-0.0064,0.1367,-0.0020,-639.4243,930.3947,1.0349,,,,,,,
66.4649,0,0,-12,-100,-0.0185,0.1555,0.0022,-639.5675,930.4580,1.0372,,,,,,,
66.4750,-12,-82,-12,-93,-0.0376,0.2780,0.0002,-639.8259,930.5670,1.0373,,,,,,,
66.4851,-9,-78,0,0,-0.0143,0.1269,-0.0018,-639.9424,930.6193,1.0355,,,,,,,
66.4952,0,0,-9,-95,-0.0139,0.1477,0.0021,-640.0766,930.6826,1.0376,,,,,,,
66.5052,-10,-75,0,0,-0.0159,0.1220,-0.0017,-640.1897,930.7310,1.0359,,,,,,,
66.5153,-9,-91,-10,-96,-0.0297,0.2973,0.0000,-640.4607,930.8570,1.0359,,,,,,,
66.5254,0,0,-7,-104,-0.0108,0.1617,0.0023,-640.6054,930.9299,1.0382,,,,,,,
66.5355,-5,-83,0,0,-0.0080,0.1350,-0.0019,-640.7257,930.9918,1.0363,,,,,,,
66.5455,0,0,-11,-93,-0.0170,0.1446,0.0021,-640.8588,931.0507,1.0383,,,,,,,
66.5556,-10,-85,-11,-106,-0.0329,0.3031,0.0004,-641.1366,931.1762,1.0387,,,,,,,
66.5657,-7,-89,0,0,-0.0111,0.1448,-0.0021,-641.2670,931.2402,1.0367,,,,,,,
66.5758,0,0,-10,-105,-0.0154,0.1632,0.0023,-641.4154,931.3098,1.0390,,,,,,,
66.5821,,,,,,,,,,,-421.2438,1124.2956,0.6696,0.2002,2.3441,0.0018,1
66.5858,-13,-100,0,0,-0.0207,0.1627,-0.0023,-641.5661,931.3747,1.0367,,,,,,,
66.5959,-10,-94,-13,-119,-0.0359,0.3379,0.0005,-641.8753,931.5157,1.0371,,,,,,,
66.6060,0,0,-11,-108,-0.0170,0.1679,0.0024,-642.0285,931.5864,1.0395,,,,,,,
66.6161,-9,-85,0,0,-0.0143,0.1383,-0.0020,-642.1549,931.6442,1.0375,,,,,,,
66.6262,-11,-89,-10,-96,-0.0329,0.2940,0.0001,-642.4249,931.7653,1.0376,,,,,,,
66.6363,0,0,-13,-113,-0.0200,0.1757,0.0025,-642.5865,931.8372,1.0401,,,,,,,
66.6464,-9,-82,0,0,-0.0143,0.1334,-0.0019,-642.7087,931.8924,1.0382,,,,,,,
66.6564,0,0,-13,-97,-0.0200,0.1508,0.0022,-642.8489,931.9516,1.0404,,,,,,,
66.6665,-12,-88,-13,-109,-0.0391,0.3126,0.0004,-643.1384,932.0759,1.0407,,,,,,,
66.6766,-11,-103,0,0,-0.0175,0.1676,-0.0024,-643.2917,932.1458,1.0384,,,,,,,
66.6867,0,0,-12,-111,-0.0185,0.1726,0.0025,-643.4499,932.2172,1.0408,,,,,,,
66.6967,-11,-95,0,0,-0.0175,0.1546,-0.0022,-643.5920,932.2804,1.0386,,,,,,,
66.7069,-8,-90,-11,-106,-0.0297,0.3112,0.0003,-643.8753,932.4127,1.0389,,,,,,,
66.7156,,,,,,,,,,,-423.8346,1126.6350,0.6716,-0.5794,3.4423,0.0020,1
66.7169,0,0,-10,-101,-0.0154,0.1570,0.0022,-644.0185,932.4789,1.0411,,,,,,,
66.7270,-10,-94,0,0,-0.0159,0.1529,-0.0022,-644.1584,932.5426,1.0389,,,,,,,
66.7371,0,0,-9,-110,-0.0139,0.1710,0.0024,-644.3130,932.6172,1.0414,,,,,,,
66.7472,-6,-91,-8,-96,-0.0219,0.2973,0.0000,-644.5806,932.7485,1.0414,,,,,,,
66.7572,-6,-77,0,0,-0.0095,0.1253,-0.0018,-644.6935,932.8036,1.0396,,,,,,,
66.7673,0,0,-6,-92,-0.0093,0.1430,0.0020,-644.8216,932.8679,1.0416,,,,,,,
66.7774,-2,-73,0,0,-0.0032,0.1188,-0.0017,-644.9257,932.9252,1.0399,,,,,,,
66.7875,-6,-96,-10,-113,-0.0250,0.3319,0.0003,-645.2245,933.0717,1.0402,,,,,,,
66.7976,0,0,-11,-102,-0.0170,0.1586,0.0023,-645.3700,933.1371,1.0425,,,,,,,
66.8076,-5,-79,0,0,-0.0080,0.1285,-0.0018,-645.4849,933.1951,1.0407,,,,,,,
66.8177,0,0,-7,-91,-0.0108,0.1415,0.0020,-645.6125,933.2572,1.0427,,,,,,,
66.8278,-6,-83,-5,-98,-0.0173,0.2874,0.0002,-645.8694,933.3871,1.0429,,,,,,,
66.8378,0,-91,0,0,0.0000,0.1480,-0.0021,-645.9973,933.4618,1.0408,,,,,,,
66.8479,0,0,-3,-105,-0.0046,0.1632,0.0023,-646.1405,933.5402,1.0431,,,,,,,
66.8568,,,,,,,,,,,-426.2752,1128.0627,0.6748,-1.0222,2.6363,0.0033,1
66.8580,-3,-95,0,0,-0.0048,0.1546,-0.0022,-646.2764,933.6141,1.0409,,,,,,,
66.8681,0,-87,-7,-101,-0.0108,0.2986,0.0002,-646.5395,933.7556,1.0412,,,,,,,
66.8782,0,0,-3,-84,-0.0046,0.1306,0.0019,-646.6546,933.8175,1.0430,,,,,,,
66.8882,-1,-72,0,0,-0.0016,0.1171,-0.0017,-646.7565,933.8752,1.0413,,,,,,,
66.8983,-10,-94,-9,-101,-0.0298,0.3100,0.0001,-647.0391,934.0060,1.0414,,,,,,,
66.9084,0,0,-13,-114,-0.0200,0.1772,0.0025,-647.2023,934.0780,1.0439,,,,,,,
66.9185,-12,-85,0,0,-0.0191,0.1383,-0.0020,-647.3314,934.1312,1.0420,,,,,,,
66.9286,0,0,-14,-102,-0.0216,0.1586,0.0023,-647.4793,934.1924,1.0442,,,,,,,
66.9386,-8,-53,-11,-105,-0.0297,0.2495,0.0011,-647.7099,934.2920,1.0453,,,,,,,
66.9487,-11,-74,0,0,-0.0175,0.1204,-0.0017,-647.8228,934.3373,1.0436,,,,,,,
66.9588,0,0,-16,-103,-0.0247,0.1601,0.0023,-647.9737,934.3964,1.0459,,,,,,,
66.9689,-15,-90,0,0,-0.0239,0.1464,-0.0021,-648.1123,934.4493,1.0438,,,,,,,
66.9789,-6,-81,-11,-102,-0.0265,0.2904,0.0004,-648.3766,934.5723,1.0442,,,,,,,
66.9890,0,0,-9,-97,-0.0139,0.1508,0.0022,-648.5140,934.6360,1.0463,,,,,,,
66.9983,,,,,,,,,,,-427.1182,1131.0588,0.6749,1.2137,2.8661,0.0001,1
66.9991,-5,-92,0,0,-0.0080,0.1497,-0.0021,-648.6475,934.7042,1.0442,,,,,,,
67.0092,0,0,-8,-110,-0.0123,0.1710,0.0024,-648.8016,934.7793,1.0466,,,,,,,
67.0194,-10,-103,-13,-115,-0.0359,0.3464,0.0002,-649.1195,934.9215,1.0468,,,,,,,
67.0294,-9,-95,0,0,-0.0143,0.1546,-0.0022,-649.2604,934.9866,1.0446,,,,,,,
67.0395,0,0,-12,-106,-0.0185,0.1648,0.0024,-649.4123,935.0532,1.0470,,,,,,,
67.0496,-9,-87,0,0,-0.0143,0.1415,-0.0020,-649.5419,935.1117,1.0449,,,,,,,
67.0597,-10,-98,-11,-114,-0.0329,0.3367,0.0003,-649.8496,935.2523,1.0452,,,,,,,
67.0698,0,0,-11,-113,-0.0170,0.1757,0.0025,-650.0102,935.3255,1.0477,,,,,,,
67.0798,-6,-98,0,0,-0.0095,0.1594,-0.0023,-650.1530,935.3971,1.0454,,,,,,,
67.0899,0,0,-10,-96,-0.0154,0.1493,0.0021,-650.2899,935.4584,1.0476,,,,,,,
67.1000,-7,-77,-12,-93,-0.0296,0.2699,0.0003,-650.5385,935.5676,1.0478,,,,,,,
67.1101,-5,-83,0,0,-0.0080,0.1350,-0.0019,-650.6594,935.6283,1.0459,,,,,,,
67.1201,0,0,-6,-108,-0.0093,0.1679,0.0024,-650.8094,935.7042,1.0483,,,,,,,
67.1303,-9,-98,-10,-116,-0.0297,0.3398,0.0003,-651.1187,935.8480,1.0486,,,,,,,
67.1336,,,,,,,,,,,-429.6150,1132.7323,0.6753,-0.9037,2.8666,0.0004,1
67.1403,-7,-87,0,0,-0.0111,0.1415,-0.0020,-651.2469,935.9091,1.0466,,,,,,,
67.1504,0,0,-9,-96,-0.0139,0.1493,0.0021,-651.3831,935.9716,1.0487,,,,,,,
67.1605,-3,-84,0,0,-0.0048,0.1367,-0.0020,-651.5039,936.0357,1.0468,,,,,,,
67.1706,-3,-97,-7,-97,-0.0156,0.3086,-0.0001,-651.7789,936.1767,1.0467,,,,,,,
67.1806,0,0,-5,-105,-0.0077,0.1632,0.0023,-651.9242,936.2516,1.0490,,,,,,,
67.1907,-6,-90,0,0,-0.0095,0.1464,-0.0021,-652.0558,936.3164,1.0469,,,,,,,
67.2008,0,0,-7,-101,-0.0108,0.1570,0.0022,-652.1972,936.3855,1.0491,,,,,,,
67.2109,-3,-93,0,0,-0.0048,0.1513,-0.0022,-652.3307,936.4569,1.0470,,,,,,,
67.2210,-3,-88,0,0,-0.0048,0.1432,-0.0020,-652.4570,936.5245,1.0449,,,,,,,
67.2310,0,0,-3,-103,-0.0046,0.1601,0.0023,-652.5979,936.6007,1.0472,,,,,,,
67.2411,-5,-92,0,0,-0.0080,0.1497,-0.0021,-652.7314,936.6688,1.0451,,,,,,,
67.2512,-11,-92,-9,-101,-0.0314,0.3067,0.0001,-653.0125,936.7955,1.0452,,,,,,,
67.2613,0,0,-20,-207,-0.0308,0.3218,0.0046,-653.3066,936.9297,1.0498,,,,,,,
67.2713,-9,-92,0,0,-0.0143,0.1497,-0.0021,-653.4435,936.9919,1.0476,,,,,,,
67.2814,0,0,-14,-116,-0.0216,0.1804,0.0026,-653.6106,937.0631,1.0502,,,,,,,
67.2818,,,,,,,,,,,-432.1452,1134.3352,0.6781,-0.9729,2.8329,0.0028,1
67.2915,-12,-98,-11,-116,-0.0360,0.3398,0.0003,-653.9233,937.2008,1.0505,,,,,,,
67.3016,-8,-96,0,0,-0.0127,0.1562,-0.0022,-654.0651,937.2675,1.0483,,,,,,,
67.3116,0,0,-12,-107,-0.0185,0.1664,0.0024,-654.2186,937.3343,1.0507,,,,,,,
67.3217,-9,-100,0,0,-0.0143,0.1627,-0.0023,-654.3668,937.4029,1.0483,,,,,,,
67.3318,-9,-92,-14,-109,-0.0359,0.3191,0.0003,-654.6613,937.5310,1.0486,,,,,,,
67.3419,0,0,-9,-97,-0.0139,0.1508,0.0022,-654.7990,937.5941,1.0508,,,,,,,
67.3520,-12,-89,0,0,-0.0191,0.1448,-0.0021,-654.9341,937.6496,1.0487,,,,,,,
67.3621,0,0,-18,-116,-0.0278,0.1804,0.0026,-655.1043,937.7153,1.0513,,,,,,,
67.3722,-13,-91,-14,-103,-0.0423,0.3082,0.0002,-655.3928,937.8315,1.0515,,,,,,,
67.3822,-10,-86,0,0,-0.0159,0.1399,-0.0020,-655.5221,937.8873,1.0495,,,,,,,
67.3923,0,0,-16,-107,-0.0247,0.1664,0.0024,-655.6788,937.9486,1.0518,,,,,,,
67.4024,-13,-88,-15,-108,-0.0438,0.3111,0.0004,-655.9706,938.0648,1.0522,,,,,,,
67.4125,-12,-87,0,0,-0.0191,0.1415,-0.0020,-656.1029,938.1185,1.0502,,,,,,,
67.4158,,,,,,,,,,,-433.2676,1136.6147,0.6799,0.5559,2.4793,0.0018,1
67.4225,0,0,-13,-121,-0.0200,0.1881,0.0027,-656.2762,938.1944,1.0529,,,,,,,
67.4326,-9,-100,0,0,-0.0143,0.1627,-0.0023,-656.4246,938.2627,1.0505,,,,,,,
67.4427,-7,-85,-13,-105,-0.0312,0.3015,0.0004,-656.7017,938.3855,1.0509,,,,,,,
67.4528,0,0,-7,-98,-0.0108,0.1524,0.0022,-656.8394,938.4517,1.0531,,,,,,,
67.4628,-8,-87,0,0,-0.0127,0.1415,-0.0020,-656.9686,938.5108,1.0510,,,,,,,
67.4729,0,0,-11,-110,-0.0170,0.1710,0.0024,-657.1256,938.5808,1.0535,,,,,,,
67.4830,-8,-101,-9,-108,-0.0266,0.3322,0.0001,-657.4275,938.7220,1.0535,,,,,,,
67.4931,-5,-78,0,0,-0.0080,0.1269,-0.0018,-657.5417,938.7780,1.0517,,,,,,,
67.5032,0,0,-10,-91,-0.0154,0.1415,0.0020,-657.6722,938.8346,1.0537,,,,,,,
67.5132,-4,-74,0,0,-0.0064,0.1204,-0.0017,-657.7800,938.8887,1.0520,,,,,,,
67.5233,-6,-88,-7,-104,-0.0203,0.3049,0.0003,-658.0548,939.0221,1.0523,,,,,,,
67.5334,0,0,-11,-103,-0.0170,0.1601,0.0023,-658.2024,939.0866,1.0546,,,,,,,
67.5435,-11,-87,0,0,-0.0175,0.1415,-0.0020,-658.3341,939.1414,1.0526,,,,,,,
67.5523,,,,,,,,,,,-434.8666,1138.7512,0.6815,0.0998,2.6667,0.0016,1
67.5535,0,0,-12,-108,-0.0185,0.1679,0.0024,-658.4892,939.2083,1.0550,,,,,,,
67.5636,-7,-91,-11,-102,-0.0281,0.3066,0.0002,-658.7698,939.3351,1.0551,,,,,,,
67.5737,-8,-93,0,0,-0.0127,0.1513,-0.0022,-658.9076,939.3988,1.0529,,,,,,,
67.5838,0,0,-13,-104,-0.0200,0.1617,0.0023,-659.0581,939.4612,1.0553,,,,,,,
67.5938,-10,-88,0,0,-0.0159,0.1432,-0.0020,-659.1904,939.5181,1.0532,,,,,,,
67.6039,-6,-92,-11,-105,-0.0265,0.3129,0.0002,-659.4755,939.6499,1.0534,,,,,,,
67.6140,0,0,-12,-114,-0.0185,0.1772,0.0025,-659.6388,939.7213,1.0559,,,,,,,
67.6241,-11,-97,0,0,-0.0175,0.1578,-0.0023,-659.7847,939.7839,1.0537,,,,,,,
67.6341,0,0,-13,-111,-0.0200,0.1726,0.0025,-659.9447,939.8516,1.0561,,,,,,,
67.6442,-12,-90,-11,-103,-0.0360,0.3066,0.0002,-660.2293,939.9711,1.0563,,,,,,,
67.6543,-9,-79,0,0,-0.0143,0.1285,-0.0018,-660.3482,940.0220,1.0545,,,,,,,
67.6644,0,0,-12,-107,-0.0185,0.1664,0.0024,-660.5020,940.0878,1.0569,,,,,,,
67.6745,-16,-94,-16,-109,-0.0501,0.3224,0.0002,-660.8074,940.2026,1.0571,,,,,,,
67.6846,-15,-90,0,0,-0.0239,0.1464,-0.0021,-660.9466,940.2539,1.0550,,,,,,,
67.6947,0,0,-14,-111,-0.0216,0.1726,0.0025,-661.1075,940.3201,1.0575,,,,,,,
67.7018,,,,,,,,,,,-437.2112,1140.5155,0.6840,-0.7093,2.8472,0.0024,1
67.7047,-15,-91,0,0,-0.0239,0.1480,-0.0021,-661.2481,940.3722,1.0554,,,,,,,
67.7148,-5,-92,-13,-114,-0.0280,0.3269,0.0004,-661.5464,940.5089,1.0558,,,,,,,
67.7249,0,0,-10,-103,-0.0154,0.1601,0.0023,-661.6934,940.5742,1.0581,,,,,,,
67.7350,-11,-92,0,0,-0.0175,0.1497,-0.0021,-661.8324,940.6325,1.0559,,,,,,,
67.7451,0,0,-11,-105,-0.0170,0.1632,0.0023,-661.9829,940.6979,1.0583,,,,,,,
67.7551,-10,-91,-10,-114,-0.0313,0.3253,0.0004,-662.2818,940.8301,1.0587,,,,,,,
67.7652,-4,-97,0,0,-0.0064,0.1578,-0.0023,-662.4223,940.9020,1.0564,,,,,,,
67.7753,0,0,-9,-102,-0.0139,0.1586,0.0023,-662.5673,940.9678,1.0587,,,,,,,
67.7854,-9,-85,0,0,-0.0143,0.1383,-0.0020,-662.6948,941.0232,1.0567,,,,,,,
67.7955,-8,-81,-12,-99,-0.0312,0.2857,0.0003,-662.9590,941.1365,1.0570,,,,,,,
67.8055,0,0,-9,-86,-0.0139,0.1337,0.0019,-663.0823,941.1900,1.0589,,,,,,,
67.8156,-12,-80,0,0,-0.0191,0.1301,-0.0019,-663.2050,941.2372,1.0571,,,,,,,
67.8257,0,0,-13,-93,-0.0200,0.1446,0.0021,-663.3409,941.2907,1.0591,,,,,,,
67.8331,,,,,,,,,,,-438.9933,1142.2876,0.6851,-0.2615,2.4996,0.0011,1
67.8358,-8,-73,-12,-88,-0.0312,0.2556,0.0003,-663.5790,941.3885,1.0594,,,,,,,
67.8458,-9,-74,0,0,-0.0143,0.1204,-0.0017,-663.6910,941.4351,1.0577,,,,,,,
67.8559,0,0,-8,-93,-0.0123,0.1446,0.0021,-663.8231,941.4952,1.0597,,,,,,,
67.8660,-2,-79,0,0,-0.0032,0.1285,-0.0018,-663.9367,941.5554,1.0579,,,,,,,
67.8761,-4,-91,-6,-98,-0.0156,0.3004,0.0001,-664.2061,941.6892,1.0580,,,,,,,
67.8861,0,0,-8,-96,-0.0123,0.1493,0.0021,-664.3423,941.7515,1.0601,,,,,,,
67.8962,-2,-89,0,0,-0.0032,0.1448,-0.0021,-664.4701,941.8196,1.0580,,,,,,,
67.9064,0,-90,-6,-95,-0.0093,0.2941,0.0000,-664.7309,941.9558,1.0581,,,,,,,
67.9166,0,0,0,-94,0.0000,0.1461,0.0021,-664.8583,942.0274,1.0601,,,,,,,
67.9267,-1,-79,0,0,-0.0016,0.1285,-0.0018,-664.9712,942.0889,1.0583,,,,,,,
67.9367,0,0,-10,-90,-0.0154,0.1399,0.0020,-665.1007,942.1440,1.0603,,,,,,,
67.9468,-2,-81,-3,-90,-0.0078,0.2717,0.0001,-665.3416,942.2699,1.0604,,,,,,,
67.9569,-1,-84,0,0,-0.0016,0.1367,-0.0020,-665.4616,942.3354,1.0585,,,,,,,
67.9670,0,0,-10,-97,-0.0154,0.1508,0.0022,-665.6007,942.3957,1.0606,,,,,,,
67.9770,-8,-84,0,0,-0.0127,0.1367,-0.0020,-665.7261,942.4515,1.0587,,,,,,,
67.9803,,,,,,,,,,,-440.1788,1144.5168,0.6869,0.4924,2.4763,0.0019,1
67.9871,-9,-87,-13,-105,-0.0344,0.3048,0.0003,-666.0086,942.5709,1.0590,,,,,,,
67.9972,0,0,-12,-101,-0.0185,0.1570,0.0022,-666.1546,942.6315,1.0612,,,,,,,
68.0073,-11,-88,0,0,-0.0175,0.1432,-0.0020,-666.2881,942.6862,1.0592,,,,,,,
68.0174,0,0,-11,-106,-0.0170,0.1648,0.0024,-666.4402,942.7519,1.0615,,,,,,,
68.0275,-7,-90,-11,-100,-0.0281,0.3019,0.0001,-666.7175,942.8745,1.0617,,,,,,,
68.0376,-7,-92,0,0,-0.0111,0.1497,-0.0021,-666.8535,942.9379,1.0595,,,,,,,
68.0476,0,0,-9,-101,-0.0139,0.1570,0.0022,-666.9973,943.0025,1.0618,,,,,,,
68.0577,-5,-89,0,0,-0.0080,0.1448,-0.0021,-667.1276,943.0662,1.0597,,,,,,,
68.0678,-8,-94,-11,-110,-0.0297,0.3239,0.0003,-667.4247,943.1987,1.0600,,,,,,,
68.0779,0,0,-14,-109,-0.0216,0.1695,0.0024,-667.5831,943.2626,1.0624,,,,,,,
68.0879,-14,-85,0,0,-0.0223,0.1383,-0.0020,-667.7147,943.3106,1.0604,,,,,,,
68.0980,0,0,-11,-98,-0.0170,0.1524,0.0022,-667.8560,943.3700,1.0626,,,,,,,
68.1081,-11,-95,-12,-109,-0.0360,0.3240,0.0002,-668.1566,943.4962,1.0628,,,,,,,
68.1146,,,,,,,,,,,-442.1503,1146.3510,0.6879,-0.3611,2.6684,0.0010,1
68.1182,-11,-88,0,0,-0.0175,0.1432,-0.0020,-668.2901,943.5507,1.0607,,,,,,,
68.1282,0,0,-11,-105,-0.0170,0.1632,0.0023,-668.4410,943.6155,1.0631,,,,,,,
68.1385,-8,-88,-14,-106,-0.0343,0.3080,0.0003,-668.7268,943.7352,1.0634,,,,,,,
68.1486,-8,-86,0,0,-0.0127,0.1399,-0.0020,-668.8552,943.7922,1.0614,,,,,,,
68.1587,0,0,-7,-95,-0.0108,0.1477,0.0021,-668.9895,943.8546,1.0635,,,,,,,
68.1688,-6,-88,0,0,-0.0095,0.1432,-0.0020,-669.1192,943.9160,1.0615,,,,,,,
68.1789,-5,-91,-8,-103,-0.0203,0.3082,0.0002,-669.3982,944.0485,1.0616,,,,,,,
68.1889,0,0,-10,-101,-0.0154,0.1570,0.0022,-669.5429,944.1114,1.0639,,,,,,,
68.1990,-7,-82,0,0,-0.0111,0.1334,-0.0019,-669.6648,944.1666,1.0620,,,,,,,
68.2091,0,0,-5,-104,-0.0077,0.1617,0.0023,-669.8099,944.2384,1.0643,,,,,,,
68.2192,-1,-84,-9,-103,-0.0155,0.2968,0.0003,-670.0769,944.3688,1.0646,,,,,,,
68.2292,-7,-94,0,0,-0.0111,0.1529,-0.0022,-670.2160,944.4334,1.0624,,,,,,,
68.2396,0,0,-9,-101,-0.0139,0.1570,0.0022,-670.3600,944.4976,1.0647,,,,,,,
68.2496,-8,-86,0,0,-0.0127,0.1399,-0.0020,-670.4885,944.5544,1.0627,,,,,,,
68.2597,-13,-88,-11,-100,-0.0376,0.2986,0.0002,-670.7677,944.6668,1.0628,,,,,,,
68.2631,,,,,,,,,,,-443.5286,1148.3839,0.6892,0.2258,2.4457,0.0013,1
68.2698,0,0,-11,-101,-0.0170,0.1570,0.0022,-670.9132,944.7282,1.0651,,,,,,,
68.2799,-9,-76,0,0,-0.0143,0.1236,-0.0018,-671.0283,944.7756,1.0633,,,,,,,
68.2899,0,0,-14,-101,-0.0216,0.1570,0.0022,-671.1761,944.8329,1.0656,,,,,,,
68.3000,-14,-82,-14,-103,-0.0439,0.2935,0.0004,-671.4542,944.9366,1.0659,,,,,,,
68.3101,-7,-91,0,0,-0.0111,0.1480,-0.0021,-671.5891,944.9986,1.0638,,,,,,,
68.3201,0,0,-11,-115,-0.0170,0.1788,0.0026,-671.7537,945.0704,1.0664,,,,,,,
68.3302,-13,-95,0,0,-0.0207,0.1546,-0.0022,-671.8990,945.1271,1.0642,,,,,,,
68.3403,-12,-96,-12,-107,-0.0376,0.3225,0.0001,-672.1992,945.2507,1.0643,,,,,,,
68.3504,0,0,-9,-111,-0.0139,0.1726,0.0025,-672.3570,945.3221,1.0668,,,,,,,
68.3605,-5,-96,0,0,-0.0080,0.1562,-0.0022,-672.4975,945.3907,1.0646,,,,,,,
68.3706,-10,-89,-10,-115,-0.0313,0.3236,0.0005,-672.7957,945.5202,1.0650,,,,,,,
68.3806,0,0,-12,-101,-0.0185,0.1570,0.0022,-672.9421,945.5799,1.0673,,,,,,,
68.3907,-7,-88,0,0,-0.0111,0.1432,-0.0020,-673.0728,945.6393,1.0652,,,,,,,
68.3985,,,,,,,,,,,-446.1137,1150.3966,0.6912,-0.7151,3.1973,0.0020,1
68.4008,0,0,-11,-104,-0.0170,0.1617,0.0023,-673.2226,945.7026,1.0676,,,,,,,
68.4109,-8,-95,-17,-124,-0.0389,0.3473,0.0005,-673.5457,945.8359,1.0681,,,,,,,
68.4210,-14,-93,0,0,-0.0223,0.1513,-0.0022,-673.6889,945.8895,1.0659,,,,,,,
68.4310,0,0,-14,-103,-0.0216,0.1601,0.0023,-673.8396,945.9479,1.0682,,,,,,,
68.4411,-12,-83,0,0,-0.0191,0.1350,-0.0019,-673.9671,945.9963,1.0663,,,,,,,
68.4512,-14,-96,-14,-111,-0.0439,0.3288,0.0002,-674.2761,946.1168,1.0665,,,,,,,
68.4613,0,0,-10,-112,-0.0154,0.1741,0.0025,-674.4361,946.1872,1.0690,,,,,,,
68.4714,-9,-93,0,0,-0.0143,0.1513,-0.0022,-674.5755,946.2476,1.0669,,,,,,,
68.4814,0,0,-12,-110,-0.0185,0.1710,0.0024,-674.7343,946.3138,1.0693,,,,,,,
68.4915,-10,-91,-11,-105,-0.0329,0.3113,0.0002,-675.0231,946.4346,1.0695,,,,,,,
68.5016,-5,-97,0,0,-0.0080,0.1578,-0.0023,-675.1652,946.5036,1.0673,,,,,,,
68.5117,0,0,-5,-106,-0.0077,0.1648,0.0024,-675.3134,946.5762,1.0696,,,,,,,
68.5217,-7,-87,0,0,-0.0111,0.1415,-0.0020,-675.4428,946.6346,1.0676,,,,,,,
68.5318,-4,-89,-13,-105,-0.0264,0.3080,0.0003,-675.7254,946.7600,1.0679,,,,,,,
68.5343,,,,,,,,,,,-447.1181,1151.5520,0.6936,-0.0373,1.5304,0.0024,1
68.5419,0,0,-9,-95,-0.0139,0.1477,0.0021,-675.8616,946.8188,1.0700,,,,,,,
68.5520,-3,-89,0,0,-0.0048,0.1448,-0.0021,-675.9908,946.8843,1.0679,,,,,,,
68.5621,0,0,-6,-105,-0.0093,0.1632,0.0023,-676.1384,946.9547,1.0702,,,,,,,
68.5721,-8,-92,-8,-102,-0.0251,0.3083,0.0001,-676.4209,947.0807,1.0704,,,,,,,
68.5822,-5,-85,0,0,-0.0080,0.1383,-0.0020,-676.5459,947.1401,1.0684,,,,,,,
68.5923,0,0,-8,-104,-0.0123,0.1617,0.0023,-676.6937,947.2070,1.0707,,,,,,,
68.6025,-5,-91,-5,-95,-0.0157,0.2957,-0.0000,-676.9607,947.3351,1.0707,,,,,,,
68.6125,-1,-84,0,0,-0.0016,0.1367,-0.0020,-677.0813,947.3994,1.0687,,,,,,,
68.6226,0,0,-8,-103,-0.0123,0.1601,0.0023,-677.2277,947.4654,1.0710,,,,,,,
68.6327,-6,-92,0,0,-0.0095,0.1497,-0.0021,-677.3636,947.5289,1.0689,,,,,,,
68.6428,-8,-97,-7,-106,-0.0235,0.3226,0.0001,-677.6577,947.6635,1.0690,,,,,,,
68.6529,0,0,-10,-110,-0.0154,0.1710,0.0024,-677.8152,947.7321,1.0714,,,,,,,
68.6630,-9,-89,0,0,-0.0143,0.1448,-0.0021,-677.9491,947.7890,1.0694,,,,,,,
68.6730,0,0,-13,-107,-0.0200,0.1664,0.0024,-678.1047,947.8512,1.0717,,,,,,,
68.6793,,,,,,,,,,,-448.6410,1154.4031,0.6941,0.6515,3.1660,0.0005,1
68.6831,-6,-87,-13,-107,-0.0296,0.3079,0.0004,-678.3892,947.9725,1.0721,,,,,,,
68.6932,-9,-88,0,0,-0.0143,0.1432,-0.0020,-678.5217,948.0285,1.0700,,,,,,,
68.7033,0,0,-13,-104,-0.0200,0.1617,0.0023,-678.6732,948.0884,1.0724,,,,,,,
68.7134,-10,-84,0,0,-0.0159,0.1367,-0.0020,-678.8008,948.1399,1.0704,,,,,,,
68.7234,-14,-88,-15,-104,-0.0454,0.3049,0.0003,-679.0901,948.2463,1.0707,,,,,,,
68.7335,0,0,-14,-108,-0.0216,0.1679,0.0024,-679.2479,948.3077,1.0731,,,,,,,
68.7436,-11,-87,0,0,-0.0175,0.1415,-0.0020,-679.3805,948.3600,1.0710,,,,,,,
68.7537,0,0,-12,-108,-0.0185,0.1679,0.0024,-679.5369,948.4240,1.0734,,,,,,,
68.7637,-9,-88,-15,-108,-0.0374,0.3111,0.0004,-679.8281,948.5395,1.0738,,,,,,,
68.7738,-9,-84,0,0,-0.0143,0.1367,-0.0020,-679.9550,948.5922,1.0718,,,,,,,
68.7839,0,0,-9,-103,-0.0139,0.1601,0.0023,-680.1024,948.6565,1.0741,,,,,,,
68.7940,-8,-101,0,0,-0.0127,0.1643,-0.0023,-680.2528,948.7238,1.0718,,,,,,,
68.8040,-11,-95,-12,-118,-0.0360,0.3380,0.0004,-680.5669,948.8538,1.0722,,,,,,,
68.8141,0,0,-14,-106,-0.0216,0.1648,0.0024,-680.7220,948.9135,1.0746,,,,,,,
68.8160,,,,,,,,,,,-450.7039,1157.3270,0.6955,0.2847,3.5670,0.0014,1
68.8242,-6,-85,0,0,-0.0095,0.1383,-0.0020,-680.8481,948.9711,1.0726,,,,,,,
68.8343,0,0,-11,-99,-0.0170,0.1539,0.0022,-680.9915,949.0296,1.0748,,,,,,,
68.8443,-11,-93,-11,-106,-0.0345,0.3161,0.0002,-681.2859,949.1497,1.0750,,,,,,,
68.8544,-7,-84,0,0,-0.0111,0.1367,-0.0020,-681.4113,949.2050,1.0730,,,,,,,
68.8645,0,0,-9,-98,-0.0139,0.1524,0.0022,-681.5519,949.2654,1.0752,,,,,,,
68.8746,-9,-85,-10,-105,-0.0297,0.3015,0.0004,-681.8313,949.3826,1.0756,,,,,,,
68.8847,-10,-86,0,0,-0.0159,0.1399,-0.0020,-681.9619,949.4353,1.0736,,,,,,,
68.8948,0,0,-9,-102,-0.0139,0.1586,0.0023,-682.1080,949.4985,1.0758,,,,,,,
68.9049,1,-89,0,0,0.0016,0.1448,-0.0021,-682.2346,949.5688,1.0738,,,,,,,
68.9150,-2,-85,-2,-98,-0.0063,0.2906,0.0002,-682.4930,949.7019,1.0740,,,,,,,
68.9250,0,0,-3,-100,-0.0046,0.1555,0.0022,-682.6320,949.7718,1.0762,,,,,,,
68.9351,-6,-94,0,0,-0.0095,0.1529,-0.0022,-682.7711,949.8361,1.0740,,,,,,,
68.9452,0,0,-5,-102,-0.0077,0.1586,0.0023,-682.9142,949.9048,1.0763,,,,,,,
68.9553,-5,-82,-9,-106,-0.0218,0.2982,0.0004,-683.1871,950.0270,1.0767,,,,,,,
68.9627,,,,,,,,,,,-452.1405,1159.0545,0.6964,0.0041,2.2468,0.0009,1
68.9653,-4,-95,0,0,-0.0064,0.1546,-0.0022,-683.3261,950.0949,1.0745,,,,,,,
68.9754,0,0,-7,-103,-0.0108,0.1601,0.0023,-683.4721,950.1615,1.0768,,,,,,,
68.9855,-7,-82,0,0,-0.0111,0.1334,-0.0019,-683.5948,950.2151,1.0749,,,,,,,
68.9956,-6,-86,-10,-93,-0.0250,0.2845,0.0001,-683.8569,950.3285,1.0749,,,,,,,
69.0056,0,0,-10,-108,-0.0154,0.1679,0.0024,-684.0120,950.3946,1.0773,,,,,,,
69.0158,-10,-87,0,0,-0.0159,0.1415,-0.0020,-684.1442,950.4478,1.0753,,,,,,,
69.0258,0,0,-14,-112,-0.0216,0.1741,0.0025,-684.3077,950.5114,1.0778,,,,,,,
69.0359,-10,-89,-11,-108,-0.0329,0.3127,0.0003,-684.5987,950.6304,1.0781,,,,,,,
69.0460,-8,-91,0,0,-0.0127,0.1480,-0.0021,-684.7351,950.6893,1.0760,,,,,,,
69.0561,0,0,-10,-103,-0.0154,0.1601,0.0023,-684.8835,950.7516,1.0783,,,,,,,
69.0661,-4,-92,0,0,-0.0064,0.1497,-0.0021,-685.0183,950.8169,1.0762,,,,,,,
69.0763,-9,-93,-10,-108,-0.0297,0.3192,0.0002,-685.3134,950.9422,1.0764,,,,,,,
69.0863,0,0,-14,-114,-0.0216,0.1772,0.0025,-685.4797,951.0071,1.0789,,,,,,,
69.0964,-6,-90,0,0,-0.0095,0.1464,-0.0021,-685.6132,951.0680,1.0769,,,,,,,
69.0988,,,,,,,,,,,-454.5141,1161.8950,0.6980,0.0011,3.7017,0.0016,1
69.1065,-8,-81,-11,-98,-0.0297,0.2841,0.0003,-685.8775,951.1765,1.0771,,,,,,,
69.1166,0,0,-14,-104,-0.0216,0.1617,0.0023,-686.0302,951.2340,1.0795,,,,,,,
69.1267,-10,-88,0,0,-0.0159,0.1432,-0.0020,-686.1638,951.2876,1.0774,,,,,,,
69.1368,0,0,-14,-114,-0.0216,0.1772,0.0025,-686.3302,951.3524,1.0799,,,,,,,
69.1468,-10,-86,-16,-111,-0.0406,0.3125,0.0005,-686.6250,951.4638,1.0804,,,,,,,
69.1569,-15,-87,0,0,-0.0239,0.1415,-0.0020,-686.7610,951.5096,1.0784,,,,,,,
69.1670,0,0,-15,-101,-0.0231,0.1570,0.0022,-686.9104,951.5632,1.0806,,,,,,,
69.1771,-11,-80,0,0,-0.0175,0.1301,-0.0019,-687.0334,951.6092,1.0788,,,,,,,
69.1872,-9,-92,-10,-102,-0.0297,0.3083,0.0001,-687.3192,951.7286,1.0789,,,,,,,
69.1972,0,0,-13,-114,-0.0200,0.1772,0.0025,-687.4849,951.7944,1.0814,,,,,,,
69.2073,-6,-85,0,0,-0.0095,0.1383,-0.0020,-687.6114,951.8511,1.0795,,,,,,,
69.2174,0,0,-7,-94,-0.0108,0.1461,0.0021,-687.7454,951.9104,1.0815,,,,,,,
69.2275,1,-80,-3,-89,-0.0030,0.2685,0.0001,-687.9839,952.0339,1.0817,,,,,,,
69.2338,,,,,,,,,,,-456.8701,1163.1355,0.6993,-1.0079,2.4645,0.0014,1
69.2375,-1,-87,0,0,-0.0016,0.1415,-0.0020,-688.1095,952.0992,1.0796,,,,,,,
69.2476,0,0,-6,-109,-0.0093,0.1695,0.0024,-688.2634,952.1707,1.0821,,,,,,,
69.2577,-4,-90,0,0,-0.0064,0.1464,-0.0021,-688.3956,952.2340,1.0800,,,,,,,
69.2678,-5,-90,-8,-104,-0.0203,0.3081,0.0002,-688.6769,952.3613,1.0802,,,,,,,
69.2778,0,0,-8,-100,-0.0123,0.1555,0.0022,-688.8199,952.4235,1.0824,,,,,,,
69.2879,-6,-84,0,0,-0.0095,0.1367,-0.0020,-688.9450,952.4793,1.0805,,,,,,,
69.2980,0,0,-8,-90,-0.0123,0.1399,0.0020,-689.0743,952.5342,1.0825,,,,,,,
69.3081,-5,-79,-9,-96,-0.0218,0.2778,0.0003,-689.3299,952.6452,1.0828,,,,,,,
69.3182,-3,-83,0,0,-0.0048,0.1350,-0.0019,-689.4513,952.7045,1.0808,,,,,,,
69.3282,0,0,-9,-105,-0.0139,0.1632,0.0023,-689.6020,952.7689,1.0832,,,,,,,
69.3383,-5,-87,0,0,-0.0080,0.1415,-0.0020,-689.7307,952.8283,1.0811,,,,,,,
69.3484,-4,-79,-5,-95,-0.0141,0.2762,0.0003,-689.9811,952.9457,1.0814,,,,,,,
69.3584,0,0,-6,-99,-0.0093,0.1539,0.0022,-690.1214,953.0098,1.0836,,,,,,,
69.3686,-5,-92,0,0,-0.0080,0.1497,-0.0021,-690.2573,953.0730,1.0815,,,,,,,
69.3788,0,-86,-8,-116,-0.0123,0.3203,0.0006,-690.5458,953.2125,1.0820,,,,,,,
69.3831,,,,,,,,,,,-458.6896,1164.1964,0.7019,-0.7095,1.9831,0.0025,1
69.3888,0,0,-13,-106,-0.0200,0.1648,0.0024,-690.7008,953.2720,1.0844,,,,,,,
69.3989,-13,-50,0,0,-0.0207,0.0813,-0.0012,-690.7824,953.2918,1.0832,,,,,,,
69.4090,0,0,-10,-97,-0.0154,0.1508,0.0022,-690.9229,953.3487,1.0854,,,,,,,
69.4191,-9,-87,-11,-112,-0.0313,0.3157,0.0005,-691.2167,953.4682,1.0859,,,,,,,
69.4291,-5,-91,0,0,-0.0080,0.1480,-0.0021,-691.3513,953.5304,1.0837,,,,,,,
69.4392,0,0,-11,-104,-0.0170,0.1617,0.0023,-691.5022,953.5909,1.0861,,,,,,,
69.4493,-12,-90,0,0,-0.0191,0.1464,-0.0021,-691.6406,953.6424,1.0840,,,,,,,
69.4594,-7,-75,-8,-92,-0.0235,0.2651,0.0003,-691.8859,953.7456,1.0843,,,,,,,
69.4694,0,0,-9,-98,-0.0139,0.1524,0.0022,-692.0271,953.8044,1.0864,,,,,,,
69.4795,-6,-93,0,0,-0.0095,0.1513,-0.0022,-692.1654,953.8666,1.0843,,,,,,,
69.4896,0,0,-12,-113,-0.0185,0.1757,0.0025,-692.3294,953.9321,1.0868,,,,,,,
69.4997,-8,-96,-15,-113,-0.0359,0.3319,0.0003,-692.6399,954.0548,1.0871,,,,,,,
69.5098,-12,-86,0,0,-0.0191,0.1399,-0.0020,-692.7725,954.1031,1.0851,,,,,,,
69.5153,,,,,,,,,,,-460.0282,1166.5186,0.7025,0.4771,2.6376,0.0006,1
69.5198,0,0,-13,-112,-0.0200,0.1741,0.0025,-692.9360,954.1665,1.0876,,,,,,,
69.5299,-7,-102,0,0,-0.0111,0.1659,-0.0024,-693.0880,954.2339,1.0852,,,,,,,
69.5400,-6,-83,-10,-107,-0.0250,0.3014,0.0004,-693.3662,954.3524,1.0856,,,,,,,
69.5501,0,0,-11,-108,-0.0170,0.1679,0.0024,-693.5227,954.4155,1.0880,,,,,,,
69.5601,-10,-90,0,0,-0.0159,0.1464,-0.0021,-693.6597,954.4696,1.0859,,,,,,,
69.5702,0,0,-10,-99,-0.0154,0.1539,0.0022,-693.8032,954.5275,1.0881,,,,,,,
69.5803,-3,-79,-7,-90,-0.0156,0.2684,0.0002,-694.0482,954.6383,1.0883,,,,,,,
69.5904,-7,-85,0,0,-0.0111,0.1383,-0.0020,-694.1758,954.6927,1.0863,,,,,,,
69.6004,0,0,-11,-102,-0.0170,0.1586,0.0023,-694.3241,954.7514,1.0886,,,,,,,
69.6107,-11,-83,-11,-104,-0.0345,0.2967,0.0004,-694.6030,954.8584,1.0890,,,,,,,
69.6208,-9,-82,0,0,-0.0143,0.1334,-0.0019,-694.7278,954.9077,1.0871,,,,,,,
69.6309,0,0,-9,-100,-0.0139,0.1555,0.0022,-694.8720,954.9675,1.0893,,,,,,,
69.6409,-5,-83,0,0,-0.0080,0.1350,-0.0019,-694.9953,955.0232,1.0874,,,,,,,
69.6510,-4,-91,-7,-101,-0.0172,0.3051,0.0001,-695.2734,955.1498,1.0875,,,,,,,
69.6611,0,0,-4,-103,-0.0062,0.1601,0.0023,-695.4181,955.2185,1.0898,,,,,,,
69.6634,,,,,,,,,,,-461.8573,1169.0399,0.7036,0.2330,3.1062,0.0012,1
69.6712,0,-88,0,0,0.0000,0.1432,-0.0020,-695.5449,955.2849,1.0877,,,,,,,
69.6812,0,0,-6,-100,-0.0093,0.1555,0.0022,-695.6870,955.3488,1.0899,,,,,,,
69.6913,0,-83,2,-93,0.0031,0.2796,0.0001,-695.9335,955.4808,1.0901,,,,,,,
69.7014,-2,-89,0,0,-0.0032,0.1448,-0.0021,-696.0633,955.5451,1.0880,,,,,,,
69.7115,0,0,-4,-103,-0.0062,0.1601,0.0023,-696.2081,955.6138,1.0903,,,,,,,
69.7216,-1,-85,0,0,-0.0016,0.1383,-0.0020,-696.3314,955.6764,1.0883,,,,,,,
69.7316,-10,-85,-10,-103,-0.0313,0.2984,0.0003,-696.6103,955.7871,1.0886,,,,,,,
69.7417,0,0,-10,-106,-0.0154,0.1648,0.0024,-696.7635,955.8497,1.0910,,,,,,,
69.7518,-12,-97,0,0,-0.0191,0.1578,-0.0023,-696.9122,955.9058,1.0887,,,,,,,
69.7619,0,0,-12,-110,-0.0185,0.1710,0.0024,-697.0724,955.9685,1.0912,,,,,,,
69.7720,-7,-87,-11,-102,-0.0281,0.3001,0.0002,-697.3517,956.0820,1.0914,,,,,,,
69.7820,-9,-90,0,0,-0.0143,0.1464,-0.0021,-697.4881,956.1370,1.0893,,,,,,,
69.7921,0,0,-12,-105,-0.0185,0.1632,0.0023,-697.6415,956.1960,1.0917,,,,,,,
69.7982,,,,,,,,,,,-463.8726,1171.0879,0.7052,-0.2116,2.8654,0.0016,1
69.8022,-10,-91,0,0,-0.0159,0.1480,-0.0021,-697.7801,956.2503,1.0896,,,,,,,
69.8123,-9,-91,-9,-104,-0.0282,0.3097,0.0002,-698.0677,956.3686,1.0897,,,,,,,
69.8223,0,0,-9,-113,-0.0139,0.1757,0.0025,-698.2300,956.4374,1.0923,,,,,,,
69.8324,-7,-106,0,0,-0.0111,0.1724,-0.0025,-698.3881,956.5071,1.0898,,,,,,,
69.8425,0,0,-11,-112,-0.0170,0.1741,0.0025,-698.5504,956.5725,1.0923,,,,,,,
69.8526,-9,-94,-14,-112,-0.0359,0.3271,0.0003,-698.8573,956.6911,1.0926,,,,,,,
69.8627,-11,-93,0,0,-0.0175,0.1513,-0.0022,-698.9996,956.7454,1.0904,,,,,,,
69.8728,0,0,-9,-107,-0.0139,0.1664,0.0024,-699.1536,956.8098,1.0928,,,,,,,
69.8830,-5,-92,-7,-107,-0.0187,0.3160,0.0002,-699.4429,956.9385,1.0930,,,,,,,
69.8930,-4,-92,0,0,-0.0064,0.1497,-0.0021,-699.5786,957.0018,1.0909,,,,,,,
69.9031,0,0,-13,-104,-0.0200,0.1617,0.0023,-699.7314,957.0585,1.0932,,,,,,,
69.9132,-6,-88,0,0,-0.0095,0.1432,-0.0020,-699.8628,957.1159,1.0912,,,,,,,
69.9233,-4,-94,-8,-105,-0.0187,0.3162,0.0001,-700.1520,957.2452,1.0913,,,,,,,
69.9331,,,,,,,,,,,-465.6716,1173.1621,0.7061,-0.0253,2.7455,0.0008,1
69.9333,0,0,-4,-96,-0.0062,0.1493,0.0021,-700.2873,957.3085,1.0934,,,,,,,
69.9434,0,-89,0,0,0.0000,0.1448,-0.0021,-700.4159,957.3751,1.0914,,,,,,,
69.9535,0,0,-3,-104,-0.0046,0.1617,0.0023,-700.5615,957.4454,1.0937,,,,,,,
69.9636,-2,-96,-7,-106,-0.0140,0.3210,0.0001,-700.8531,957.5804,1.0938,,,,,,,
69.9737,-4,-92,0,0,-0.0064,0.1497,-0.0021,-700.9889,957.6436,1.0917,,,,,,,
69.9837,0,0,-4,-103,-0.0062,0.1601,0.0023,-701.1339,957.7118,1.0940,,,,,,,
69.9938,-4,-80,0,0,-0.0064,0.1301,-0.0019,-701.2524,957.7660,1.0921,,,,,,,
70.0039,0,0,-5,-90,-0.0077,0.1399,0.0020,-701.3803,957.8235,1.0941,,,,,,,
70.0140,0,0,0,-87,0.0000,0.1353,0.0019,-701.5005,957.8854,1.0960,,,,,,,
70.0241,1,-81,0,0,0.0016,0.1318,-0.0019,-701.6169,957.9472,1.0941,,,,,,,
70.0342,0,0,-2,-90,-0.0031,0.1399,0.0020,-701.7427,958.0085,1.0961,,,,,,,
70.0443,1,-84,-6,-90,-0.0077,0.2766,0.0000,-701.9922,958.1281,1.0962,,,,,,,
70.0543,-6,-156,0,0,-0.0095,0.2538,-0.0036,-702.2221,958.2360,1.0926,,,,,,,
70.0644,0,0,-7,-87,-0.0108,0.1353,0.0019,-702.3472,958.2886,1.0945,,,,,,,
70.0745,-1,-86,0,0,-0.0016,0.1399,-0.0020,-702.4722,958.3514,1.0925,,,,,,,
70.0819,,,,,,,,,,,-468.0958,1175.4338,0.7066,-0.3707,3.3015,0.0005,1
70.0846,0,-98,-2,-101,-0.0031,0.3165,-0.0000,-702.7546,958.4943,1.0925,,,,,,,
70.0947,0,0,-9,-110,-0.0139,0.1710,0.0024,-702.9129,958.5605,1.0949,,,,,,,
70.1047,-4,-94,0,0,-0.0064,0.1529,-0.0022,-703.0517,958.6251,1.0927,,,,,,,
70.1148,-6,-84,-9,-103,-0.0234,0.2968,0.0003,-703.3260,958.7408,1.0931,,,,,,,
70.1249,0,0,-6,-107,-0.0093,0.1664,0.0024,-703.4781,958.8089,1.0954,,,,,,,
70.1350,-7,-90,0,0,-0.0111,0.1464,-0.0021,-703.6133,958.8661,1.0933,,,,,,,
70.1451,0,0,-11,-112,-0.0170,0.1741,0.0025,-703.7758,958.9309,1.0958,,,,,,,
70.1551,-10,-91,-10,-108,-0.0313,0.3160,0.0003,-704.0711,959.0475,1.0961,,,,,,,
70.1652,-2,-89,0,0,-0.0032,0.1448,-0.0021,-704.2013,959.1110,1.0940,,,,,,,
70.1753,0,0,-8,-105,-0.0123,0.1632,0.0023,-704.3521,959.1747,1.0964,,,,,,,
70.1854,-6,-91,0,0,-0.0095,0.1480,-0.0021,-704.4881,959.2340,1.0943,,,,,,,
70.1954,-11,-93,-13,-112,-0.0375,0.3254,0.0003,-704.7945,959.3499,1.0946,,,,,,,
70.2055,0,0,-12,-114,-0.0185,0.1772,0.0025,-704.9606,959.4145,1.0971,,,,,,,
70.2153,,,,,,,,,,,-469.6008,1176.9501,0.7079,-0.1601,2.1304,0.0013,1
70.2156,-8,-87,0,0,-0.0127,0.1415,-0.0020,-705.0923,959.4679,1.0951,,,,,,,
70.2257,0,0,-10,-106,-0.0154,0.1648,0.0024,-705.2459,959.5294,1.0975,,,,,,,
70.2358,-11,-88,-10,-102,-0.0329,0.3017,0.0002,-705.5295,959.6377,1.0977,,,,,,,
70.2458,-3,-94,0,0,-0.0048,0.1529,-0.0022,-705.6678,959.7033,1.0955,,,,,,,
70.2559,0,0,-6,-118,-0.0093,0.1835,0.0026,-705.8352,959.7788,1.0981,,,,,,,
70.2660,-6,-93,0,0,-0.0095,0.1513,-0.0022,-705.9742,959.8393,1.0960,,,,,,,
70.2760,-2,-91,-8,-107,-0.0155,0.3144,0.0003,-706.2609,959.9692,1.0962,,,,,,,
70.2861,0,0,-2,-84,-0.0031,0.1306,0.0019,-706.3786,960.0260,1.0981,,,,,,,
70.2962,-1,-75,0,0,-0.0016,0.1220,-0.0017,-706.4879,960.0803,1.0963,,,,,,,
70.3063,0,0,0,-102,0.0000,0.1586,0.0023,-706.6290,960.1526,1.0986,,,,,,,
70.3163,-4,-86,-8,-114,-0.0187,0.3172,0.0005,-706.9200,960.2801,1.0991,,,,,,,
70.3264,-5,-87,0,0,-0.0080,0.1415,-0.0020,-707.0496,960.3374,1.0971,,,,,,,
70.3365,0,0,-4,-95,-0.0062,0.1477,0.0021,-707.1840,960.3992,1.0992,,,,,,,
70.3466,-4,-81,0,0,-0.0064,0.1318,-0.0019,-707.3042,960.4535,1.0973,,,,,,,
70.3567,-1,-87,-8,-88,-0.0139,0.2784,-0.0001,-707.5583,960.5680,1.0973,,,,,,,
70.3651,,,,,,,,,,,-470.8349,1177.7765,0.7106,-0.4003,1.4303,0.0027,1
70.3667,0,0,-1,-97,-0.0015,0.1508,0.0022,-707.6933,960.6353,1.0994,,,,,,,
70.3768,-1,-91,0,0,-0.0016,0.1480,-0.0021,-707.8258,960.7012,1.0973,,,,,,,
70.3869,-2,-86,-5,-107,-0.0109,0.3063,0.0004,-708.1034,960.8312,1.0977,,,,,,,
70.3970,0,0,-6,-96,-0.0093,0.1493,0.0021,-708.2405,960.8908,1.0998,,,,,,,
70.4070,-1,-87,0,0,-0.0016,0.1415,-0.0020,-708.3673,960.9537,1.0978,,,,,,,
70.4171,0,0,-2,-98,-0.0031,0.1524,0.0022,-708.5044,961.0202,1.1000,,,,,,,
70.4272,-1,-87,-8,-110,-0.0139,0.3126,0.0004,-708.7893,961.1495,1.1004,,,,,,,
70.4373,-5,-87,0,0,-0.0080,0.1415,-0.0020,-708.9190,961.2067,1.0984,,,,,,,
70.4473,0,0,-12,-105,-0.0185,0.1632,0.0023,-709.0729,961.2644,1.1007,,,,,,,
70.4574,-8,-84,0,0,-0.0127,0.1367,-0.0020,-709.2004,961.3150,1.0988,,,,,,,
70.4675,-11,-81,-10,-108,-0.0329,0.2997,0.0005,-709.4823,961.4219,1.0993,,,,,,,
70.4776,0,0,-15,-102,-0.0231,0.1586,0.0023,-709.6342,961.4732,1.1015,,,,,,,
70.4877,-10,-76,0,0,-0.0159,0.1236,-0.0018,-709.7516,961.5150,1.0998,,,,,,,
70.4977,0,0,-13,-99,-0.0200,0.1539,0.0022,-709.8979,961.5668,1.1020,,,,,,,
70.4990,,,,,,,,,,,-473.8236,1181.4304,0.7101,0.1180,4.7190,-0.0005,1
70.5078,-8,-92,-9,-113,-0.0266,0.3254,0.0004,-710.2002,961.6901,1.1023,,,,,,,
70.5179,-9,-86,0,0,-0.0143,0.1399,-0.0020,-710.3315,961.7406,1.1003,,,,,,,
70.5280,0,0,-6,-90,-0.0093,0.1399,0.0020,-710.4604,961.7956,1.1023,,,,,,,
70.5381,-1,-86,0,0,-0.0016,0.1399,-0.0020,-710.5859,961.8575,1.1003,,,,,,,
70.5481,-6,-95,-10,-111,-0.0250,0.3271,0.0003,-710.8889,961.9835,1.1006,,,,,,,
70.5582,0,0,-10,-121,-0.0154,0.1881,0.0027,-711.0637,962.0548,1.1033,,,,,,,
70.5683,-4,-95,0,0,-0.0064,0.1546,-0.0022,-711.2044,962.1189,1.1011,,,,,,,
70.5784,0,0,-10,-109,-0.0154,0.1695,0.0024,-711.3626,962.1817,1.1035,,,,,,,
70.5884,-10,-82,-11,-105,-0.0329,0.2967,0.0004,-711.6423,962.2859,1.1039,,,,,,,
70.5985,-7,-90,0,0,-0.0111,0.1464,-0.0021,-711.7780,962.3420,1.1018,,,,,,,
70.6086,0,0,-11,-105,-0.0170,0.1632,0.0023,-711.9313,962.4005,1.1042,,,,,,,
70.6187,-7,-84,-15,-103,-0.0343,0.2968,0.0003,-712.2118,962.5033,1.1045,,,,,,,
70.6288,-7,-78,0,0,-0.0111,0.1269,-0.0018,-712.3301,962.5506,1.1027,,,,,,,
70.6389,0,0,-5,-102,-0.0077,0.1586,0.0023,-712.4752,962.6151,1.1050,,,,,,,
70.6456,,,,,,,,,,,-474.8082,1183.6689,0.7099,0.7127,2.3393,-0.0002,1
70.6490,-4,-87,0,0,-0.0064,0.1415,-0.0020,-712.6045,962.6731,1.1029,,,,,,,
70.6590,-1,-93,-3,-103,-0.0062,0.3114,0.0001,-712.8852,962.8080,1.1031,,,,,,,
70.6692,0,0,-6,-111,-0.0093,0.1726,0.0025,-713.0435,962.8773,1.1055,,,,,,,
70.6792,-1,-92,0,0,-0.0016,0.1497,-0.0021,-713.1779,962.9432,1.1034,,,,,,,
70.6893,0,0,-5,-103,-0.0077,0.1601,0.0023,-713.3245,963.0083,1.1057,,,,,,,
70.6994,-1,-89,-4,-102,-0.0078,0.3034,0.0002,-713.5991,963.1374,1.1059,,,,,,,
70.7095,1,-85,0,0,0.0016,0.1383,-0.0020,-713.7219,963.2010,1.1039,,,,,,,
70.7195,0,0,-1,-99,-0.0015,0.1539,0.0022,-713.8601,963.2687,1.1061,,,,,,,
70.7297,0,-84,0,0,0.0000,0.1367,-0.0020,-713.9822,963.3301,1.1041,,,,,,,
70.7398,-1,-79,-7,-97,-0.0124,0.2793,0.0003,-714.2373,963.4446,1.1045,,,,,,,
70.7498,0,0,-3,-97,-0.0046,0.1508,0.0022,-714.3742,963.5082,1.1066,,,,,,,
70.7599,-2,-87,0,0,-0.0032,0.1415,-0.0020,-714.5021,963.5688,1.1046,,,,,,,
70.7700,0,0,-3,-92,-0.0046,0.1430,0.0020,-714.6320,963.6289,1.1066,,,,,,,
70.7801,-2,-79,-5,-91,-0.0109,0.2700,0.0002,-714.8783,963.7400,1.1068,,,,,,,
70.7810,,,,,,,,,,,-477.1637,1185.3001,0.7120,-0.7233,2.7724,0.0021,1
70.7901,-2,-82,0,0,-0.0032,0.1334,-0.0019,-714.9990,963.7969,1.1049,,,,,,,
70.8002,0,0,-4,-95,-0.0062,0.1477,0.0021,-715.1338,963.8576,1.1070,,,,,,,
70.8103,-4,-91,0,0,-0.0064,0.1480,-0.0021,-715.2690,963.9183,1.1049,,,,,,,
70.8204,-4,-92,-6,-107,-0.0156,0.3160,0.0002,-715.5584,964.0463,1.1052,,,,,,,
70.8304,0,0,-8,-106,-0.0123,0.1648,0.0024,-715.7112,964.1091,1.1075,,,,,,,
70.8405,-7,-92,0,0,-0.0111,0.1497,-0.0021,-715.8500,964.1662,1.1054,,,,,,,
70.8506,0,0,-4,-109,-0.0062,0.1695,0.0024,-716.0043,964.2365,1.1078,,,,,,,
70.8607,-2,-90,-7,-111,-0.0140,0.3190,0.0004,-716.2960,964.3664,1.1082,,,,,,,
70.8707,-6,-86,0,0,-0.0095,0.1399,-0.0020,-716.4254,964.4205,1.1062,,,,,,,
70.8808,0,0,-11,-102,-0.0170,0.1586,0.0023,-716.5748,964.4762,1.1084,,,,,,,
70.8909,-5,-87,-9,-102,-0.0218,0.3001,0.0002,-716.8532,964.5905,1.1087,,,,,,,
70.9010,-7,-81,0,0,-0.0111,0.1318,-0.0019,-716.9761,964.6394,1.1068,,,,,,,
70.9111,0,0,-14,-109,-0.0216,0.1695,0.0024,-717.1374,964.6957,1.1092,,,,,,,
70.9176,,,,,,,,,,,-479.7187,1186.9677,0.7144,-0.8447,2.9318,0.0024,1
70.9212,-10,-80,0,0,-0.0159,0.1301,-0.0019,-717.2609,964.7396,1.1074,,,,,,,
70.9313,-3,-33,-15,-98,-0.0279,0.2061,0.0014,-717.4578,964.8066,1.1088,,,,,,,
70.9413,0,0,-10,-108,-0.0154,0.1679,0.0024,-717.6150,964.8675,1.1112,,,,,,,
70.9514,-5,-86,0,0,-0.0080,0.1399,-0.0020,-717.7439,964.9225,1.1092,,,,,,,
70.9615,0,0,-12,-115,-0.0185,0.1788,0.0026,-717.9123,964.9854,1.1117,,,,,,,
70.9716,-9,-91,-9,-103,-0.0282,0.3082,0.0002,-718.2011,965.0966,1.1119,,,,,,,
70.9816,-6,-92,0,0,-0.0095,0.1497,-0.0021,-718.3394,965.1545,1.1098,,,,,,,
70.9917,0,0,-8,-113,-0.0123,0.1757,0.0025,-718.5023,965.2214,1.1123,,,,,,,
71.0018,-3,-93,0,0,-0.0048,0.1513,-0.0022,-718.6400,965.2843,1.1101,,,,,,,
71.0119,0,-82,-2,-100,-0.0031,0.2889,0.0003,-718.9002,965.4099,1.1104,,,,,,,
71.0220,0,0,-4,-93,-0.0062,0.1446,0.0021,-719.0325,965.4685,1.1125,,,,,,,
71.0321,-3,-88,0,0,-0.0048,0.1432,-0.0020,-719.1630,965.5277,1.1104,,,,,,,
71.0422,0,0,0,-99,0.0000,0.1539,0.0022,-719.3009,965.5959,1.1126,,,,,,,
71.0522,-2,-92,-1,-99,-0.0047,0.3036,0.0001,-719.5753,965.7259,1.1127,,,,,,,
71.0623,-2,-88,0,0,-0.0032,0.1432,-0.0020,-719.7051,965.7865,1.1107,,,,,,,
71.0634,,,,,,,,,,,-481.4793,1188.1331,0.7153,-0.5666,2.0339,0.0009,1
71.0724,0,0,-8,-107,-0.0123,0.1664,0.0024,-719.8597,965.8492,1.1130,,,,,,,
71.0825,-9,-80,0,0,-0.0143,0.1301,-0.0019,-719.9827,965.8940,1.1112,,,,,,,
71.0926,-4,-82,-8,-101,-0.0187,0.2904,0.0003,-720.2513,966.0060,1.1115,,,,,,,
71.1027,0,0,-7,-98,-0.0108,0.1524,0.0022,-720.3927,966.0637,1.1137,,,,,,,
71.1128,-4,-90,0,0,-0.0064,0.1464,-0.0021,-720.5269,966.1228,1.1116,,,,,,,
71.1229,-3,-89,-6,-102,-0.0140,0.3034,0.0002,-720.8050,966.2447,1.1118,,,,,,,
71.1330,0,0,-1,-100,-0.0015,0.1555,0.0022,-720.9452,966.3120,1.1140,,,,,,,
71.1431,0,-90,0,0,0.0000,0.1464,-0.0021,-721.0765,966.3767,1.1119,,,,,,,
71.1532,0,0,-2,-102,-0.0031,0.1586,0.0023,-721.2201,966.4440,1.1142,,,,,,,
71.1632,-5,-91,-4,-104,-0.0141,0.3097,0.0002,-721.5044,966.5679,1.1144,,,,,,,
71.1733,-4,-86,0,0,-0.0064,0.1399,-0.0020,-721.6327,966.6240,1.1124,,,,,,,
71.1834,0,0,-10,-108,-0.0154,0.1679,0.0024,-721.7902,966.6843,1.1148,,,,,,,
71.1935,-7,-93,0,0,-0.0111,0.1513,-0.0022,-721.9309,966.7411,1.1126,,,,,,,
71.1988,,,,,,,,,,,-483.1098,1191.7456,0.7142,1.1383,3.7965,-0.0011,1
71.2035,-7,-85,-9,-104,-0.0250,0.3000,0.0003,-722.2110,966.8513,1.1130,,,,,,,
71.2136,0,0,-7,-100,-0.0108,0.1555,0.0022,-722.3553,966.9101,1.1152,,,,,,,
71.2237,-1,-90,0,0,-0.0016,0.1464,-0.0021,-722.4874,966.9733,1.1131,,,,,,,
71.2338,0,0,-10,-112,-0.0154,0.1741,0.0025,-722.6505,967.0362,1.1156,,,,,,,
71.2438,-5,-92,-11,-107,-0.0249,0.3160,0.0002,-722.9453,967.1527,1.1158,,,,,,,
71.2539,-7,-87,0,0,-0.0111,0.1415,-0.0020,-723.0773,967.2051,1.1138,,,,,,,
71.2640,0,0,-8,-103,-0.0123,0.1601,0.0023,-723.2265,967.2645,1.1161,,,,,,,
71.2741,-5,-94,0,0,-0.0080,0.1529,-0.0022,-723.3673,967.3247,1.1139,,,,,,,
71.2842,-7,-93,-6,-114,-0.0204,0.3285,0.0004,-723.6712,967.4513,1.1143,,,,,,,
71.2942,0,0,-5,-105,-0.0077,0.1632,0.0023,-723.8212,967.5161,1.1166,,,,,,,
71.3043,-3,-86,0,0,-0.0048,0.1399,-0.0020,-723.9489,967.5734,1.1146,,,,,,,
71.3144,0,0,0,0,0.0000,0.0000,0.0000,-723.9489,967.5734,1.1146,,,,,,,
71.3244,-6,-91,-9,-102,-0.0234,0.3066,0.0002,-724.2345,967.6874,1.1147,,,,,,,
71.3345,-7,-88,0,0,-0.0111,0.1432,-0.0020,-724.3679,967.7406,1.1127,,,,,,,
71.3446,0,0,-12,-104,-0.0185,0.1617,0.0023,-724.5212,967.7953,1.1150,,,,,,,
71.3498,,,,,,,,,,,-485.5377,1192.9948,0.7175,-1.0164,2.5342,0.0033,1
71.3547,-4,-79,0,0,-0.0064,0.1285,-0.0018,-724.6393,967.8463,1.1132,,,,,,,
71.3648,-9,-83,-20,-192,-0.0452,0.4335,0.0023,-725.0484,967.9969,1.1155,,,,,,,
71.3748,0,0,-10,-105,-0.0154,0.1632,0.0023,-725.2019,968.0546,1.1178,,,,,,,
71.3849,-5,-89,0,0,-0.0080,0.1448,-0.0021,-725.3355,968.1110,1.1158,,,,,,,
71.3950,-1,-84,-5,-104,-0.0093,0.2984,0.0004,-725.6076,968.2337,1.1161,,,,,,,
71.4051,0,0,-2,-100,-0.0031,0.1555,0.0022,-725.7487,968.2990,1.1183,,,,,,,
71.4152,2,-70,0,0,0.0032,0.1139,-0.0016,-725.8497,968.3518,1.1167,,,,,,,
71.4253,0,0,-1,-97,-0.0015,0.1508,0.0022,-725.9859,968.4164,1.1189,,,,,,,
71.4355,0,-60,-1,-107,-0.0015,0.2640,0.0010,-726.2241,968.5301,1.1199,,,,,,,
71.4455,1,-83,0,0,0.0016,0.1350,-0.0019,-726.3449,968.5905,1.1179,,,,,,,
71.4556,0,0,-2,-89,-0.0031,0.1384,0.0020,-726.4708,968.6482,1.1199,,,,,,,
71.4657,0,-79,0,0,0.0000,0.1285,-0.0018,-726.5864,968.7043,1.1181,,,,,,,
71.4758,-3,-90,-4,-90,-0.0109,0.2863,-0.0001,-726.8487,968.8197,1.1180,,,,,,,
71.4808,,,,,,,,,,,-487.0950,1194.9348,0.7181,0.1021,2.4856,0.0007,1
71.4859,0,0,-1,-108,-0.0015,0.1679,0.0024,-727.0004,968.8916,1.1204,,,,,,,
71.4959,-3,-87,0,0,-0.0048,0.1415,-0.0020,-727.1299,968.9491,1.1184,,,,,,,
71.5060,0,0,-8,-94,-0.0123,0.1461,0.0021,-727.2667,969.0017,1.1204,,,,,,,
71.5161,-1,-79,-4,-98,-0.0078,0.2809,0.0003,-727.5230,969.1170,1.1208,,,,,,,
71.5262,-6,-94,0,0,-0.0095,0.1529,-0.0022,-727.6648,969.1750,1.1186,,,,,,,
71.5363,0,0,-7,-112,-0.0108,0.1741,0.0025,-727.8262,969.2412,1.1211,,,,,,,
71.5464,0,-87,0,0,0.0000,0.1415,-0.0020,-727.9536,969.3029,1.1191,,,,,,,
71.5564,-3,-98,-1,-110,-0.0063,0.3305,0.0002,-728.2537,969.4414,1.1192,,,,,,,
71.5665,0,0,-5,-111,-0.0077,0.1726,0.0025,-728.4124,969.5096,1.1217,,,,,,,
71.5766,-3,-92,0,0,-0.0048,0.1497,-0.0021,-728.5493,969.5704,1.1196,,,,,,,
71.5867,0,0,-6,-102,-0.0093,0.1586,0.0023,-728.6961,969.6311,1.1218,,,,,,,
71.5968,-5,-81,-12,-105,-0.0265,0.2950,0.0004,-728.9734,969.7353,1.1223,,,,,,,
71.6069,-4,-50,0,0,-0.0064,0.0813,-0.0012,-729.0494,969.7648,1.1211,,,,,,,
71.6170,0,0,-9,-113,-0.0139,0.1757,0.0025,-729.2138,969.8285,1.1236,,,,,,,
71.6271,-3,-90,-5,-93,-0.0125,0.2910,-0.0000,-729.4815,969.9431,1.1236,,,,,,,
71.6278,,,,,,,,,,,-489.3029,1196.9595,0.7182,-0.3304,2.9775,0.0000,1
71.6371,-1,-76,0,0,-0.0016,0.1236,-0.0018,-729.5937,969.9952,1.1218,,,,,,,
71.6472,0,0,-9,-107,-0.0139,0.1664,0.0024,-729.7496,970.0547,1.1242,,,,,,,
71.6573,-8,-90,0,0,-0.0127,0.1464,-0.0021,-729.8871,970.1066,1.1221,,,,,,,
71.6674,-4,-96,-7,-112,-0.0172,0.3303,0.0003,-730.1922,970.2344,1.1224,,,,,,,
71.6774,0,0,-6,-113,-0.0093,0.1757,0.0025,-730.3546,970.3021,1.1249,,,,,,,
71.6875,-6,-89,0,0,-0.0095,0.1448,-0.0021,-730.4893,970.3560,1.1228,,,,,,,
71.6976,0,0,-7,-101,-0.0108,0.1570,0.0022,-730.6356,970.4142,1.1251,,,,,,,
71.7077,-2,-85,-10,-112,-0.0186,0.3124,0.0005,-730.9255,970.5320,1.1256,,,,,,,
71.7178,-2,-87,0,0,-0.0032,0.1415,-0.0020,-731.0546,970.5902,1.1235,,,,,,,
71.7278,0,0,-9,-106,-0.0139,0.1648,0.0024,-731.2092,970.6488,1.1259,,,,,,,
71.7379,-4,-86,0,0,-0.0064,0.1399,-0.0020,-731.3382,970.7034,1.1239,,,,,,,
71.7480,-5,-77,-10,-93,-0.0234,0.2699,0.0003,-731.5917,970.7989,1.1242,,,,,,,
71.7581,0,0,-4,-95,-0.0062,0.1477,0.0021,-731.7276,970.8570,1.1263,,,,,,,
71.7632,,,,,,,,,,,-491.3050,1198.9351,0.7190,-0.2077,2.8050,0.0008,1
71.7681,-6,-79,0,0,-0.0095,0.1285,-0.0018,-731.8477,970.9038,1.1244,,,,,,,
71.7782,0,0,-9,-101,-0.0139,0.1570,0.0022,-731.9954,970.9589,1.1267,,,,,,,
71.7883,-4,-82,-9,-99,-0.0202,0.2873,0.0003,-732.2636,971.0640,1.1270,,,,,,,
71.7984,-10,-82,0,0,-0.0159,0.1334,-0.0019,-732.3908,971.1070,1.1251,,,,,,,
71.8084,0,0,-10,-102,-0.0154,0.1586,0.0023,-732.5406,971.1613,1.1273,,,,,,,
71.8185,-7,-87,0,0,-0.0111,0.1415,-0.0020,-732.6732,971.2121,1.1253,,,,,,,
71.8286,-2,-87,-8,-92,-0.0155,0.2846,0.0000,-732.9367,971.3207,1.1253,,,,,,,
71.8387,0,0,-4,-100,-0.0062,0.1555,0.0022,-733.0797,971.3820,1.1276,,,,,,,
71.8487,0,-84,0,0,0.0000,0.1367,-0.0020,-733.2031,971.4407,1.1256,,,,,,,
71.8588,0,0,-2,-104,-0.0031,0.1617,0.0023,-733.3505,971.5074,1.1279,,,,,,,
71.8689,-1,-86,-2,-100,-0.0047,0.2954,0.0002,-733.6194,971.6297,1.1281,,,,,,,
71.8790,1,-85,0,0,0.0016,0.1383,-0.0020,-733.7436,971.6905,1.1262,,,,,,,
71.8890,0,0,-2,-101,-0.0031,0.1570,0.0022,-733.8868,971.7551,1.1284,,,,,,,
71.8992,-2,-91,-9,-101,-0.0171,0.3051,0.0001,-734.1698,971.8703,1.1285,,,,,,,
71.9002,,,,,,,,,,,-492.5434,1199.7856,0.7214,-0.3717,1.4557,0.0024,1
71.9093,-7,-89,0,0,-0.0111,0.1448,-0.0021,-734.3053,971.9223,1.1265,,,,,,,
71.9193,0,0,-12,-116,-0.0185,0.1804,0.0026,-734.4762,971.9829,1.1290,,,,,,,
71.9294,-6,-88,0,0,-0.0095,0.1432,-0.0020,-734.6097,972.0356,1.1270,,,,,,,
71.9395,-10,-77,-12,-103,-0.0344,0.2854,0.0005,-734.8822,972.1270,1.1275,,,,,,,
71.9496,0,0,-12,-103,-0.0185,0.1601,0.0023,-735.0349,972.1788,1.1298,,,,,,,
71.9597,-11,-73,0,0,-0.0175,0.1188,-0.0017,-735.1497,972.2138,1.1281,,,,,,,
71.9698,0,0,-7,-107,-0.0108,0.1664,0.0024,-735.3047,972.2751,1.1305,,,,,,,
71.9798,-3,-92,-9,-110,-0.0186,0.3207,0.0003,-735.6028,972.3949,1.1308,,,,,,,
71.9899,-3,-90,0,0,-0.0048,0.1464,-0.0021,-735.7372,972.4531,1.1287,,,,,,,
72.0000,0,0,-3,-102,-0.0046,0.1586,0.0023,-735.8826,972.5166,1.1309,,,,,,,
72.0101,-4,-92,0,0,-0.0064,0.1497,-0.0021,-736.0207,972.5747,1.1288,,,,,,,
72.0202,-6,-93,-8,-115,-0.0219,0.3301,0.0004,-736.3285,972.6961,1.1292,,,,,,,
72.0303,0,0,-11,-110,-0.0170,0.1710,0.0024,-736.4904,972.7537,1.1316,,,,,,,
72.0403,-7,-83,0,0,-0.0111,0.1350,-0.0019,-736.6173,972.8011,1.1297,,,,,,,
72.0451,,,,,,,,,,,-495.3442,1202.9851,0.7206,0.0099,4.2522,-0.0008,1
72.0504,0,0,-13,-106,-0.0200,0.1648,0.0024,-736.7749,972.8532,1.1321,,,,,,,
72.0605,-10,-91,-13,-111,-0.0359,0.3206,0.0004,-737.0805,972.9567,1.1324,,,,,,,
72.0706,-5,-87,0,0,-0.0080,0.1415,-0.0020,-737.2120,973.0098,1.1304,,,,,,,
72.0807,0,0,-10,-107,-0.0154,0.1664,0.0024,-737.3691,973.0665,1.1328,,,,,,,
72.0908,-9,-85,0,0,-0.0143,0.1383,-0.0020,-737.5003,973.1124,1.1308,,,,,,,
72.1009,-4,-95,-11,-108,-0.0233,0.3225,0.0002,-737.8020,973.2286,1.1310,,,,,,,
72.1109,0,0,-6,-99,-0.0093,0.1539,0.0022,-737.9453,973.2856,1.1332,,,,,,,
72.1210,-1,-79,0,0,-0.0016,0.1285,-0.0018,-738.0624,973.3387,1.1314,,,,,,,
72.1311,-3,-83,-3,-98,-0.0094,0.2874,0.0002,-738.3265,973.4524,1.1316,,,,,,,
72.1412,0,0,-5,-106,-0.0077,0.1648,0.0024,-738.4790,973.5154,1.1340,,,,,,,
72.1512,0,-92,0,0,0.0000,0.1497,-0.0021,-738.6145,973.5788,1.1318,,,,,,,
72.1613,0,0,-1,-96,-0.0015,0.1493,0.0021,-738.7503,973.6407,1.1340,,,,,,,
72.1714,-2,-87,-6,-104,-0.0124,0.3032,0.0003,-739.0304,973.7577,1.1342,,,,,,,
72.1813,,,,,,,,,,,-495.9634,1204.1374,0.7224,0.2951,1.2744,0.0018,1
72.1815,-4,-85,0,0,-0.0064,0.1383,-0.0020,-739.1583,973.8105,1.1323,,,,,,,
72.1915,0,0,-10,-98,-0.0154,0.1524,0.0022,-739.3029,973.8611,1.1344,,,,,,,
72.2016,-4,-77,0,0,-0.0064,0.1253,-0.0018,-739.4191,973.9084,1.1327,,,,,,,
72.2117,-6,-78,-9,-98,-0.0234,0.2793,0.0004,-739.6819,974.0056,1.1330,,,,,,,
72.2218,0,0,-11,-93,-0.0170,0.1446,0.0021,-739.8201,974.0514,1.1351,,,,,,,
72.2318,-9,-78,0,0,-0.0143,0.1269,-0.0018,-739.9411,974.0921,1.1333,,,,,,,
72.2419,0,0,-9,-95,-0.0139,0.1477,0.0021,-740.0809,974.1420,1.1354,,,,,,,
72.2520,-5,-84,-9,-107,-0.0218,0.3030,0.0004,-740.3648,974.2499,1.1358,,,,,,,
72.2621,-6,-95,0,0,-0.0095,0.1546,-0.0022,-740.5089,974.3066,1.1336,,,,,,,
72.2722,0,0,-6,-108,-0.0093,0.1679,0.0024,-740.6651,974.3691,1.1360,,,,,,,
72.2822,-5,-83,0,0,-0.0080,0.1350,-0.0019,-740.7908,974.4189,1.1341,,,,,,,
72.2923,-1,-98,-3,-108,-0.0062,0.3273,0.0001,-741.0901,974.5517,1.1342,,,,,,,
72.3024,0,0,-8,-120,-0.0123,0.1866,0.0027,-741.2645,974.6192,1.1369,,,,,,,
72.3124,-7,-90,0,0,-0.0111,0.1464,-0.0021,-741.4019,974.6708,1.1348,,,,,,,
72.3225,0,0,-9,-100,-0.0139,0.1555,0.0022,-741.5488,974.7237,1.1370,,,,,,,
72.3282,,,,,,,,,,,-498.4534,1206.3254,0.7240,-0.4213,3.2878,0.0016,1
72.3326,-2,-92,-10,-106,-0.0186,0.3145,0.0002,-741.8420,974.8390,1.1372,,,,,,,
72.3427,-8,-82,0,0,-0.0127,0.1334,-0.0019,-741.9683,974.8836,1.1353,,,,,,,
72.3528,0,0,-11,-100,-0.0170,0.1555,0.0022,-742.1165,974.9336,1.1375,,,,,,,
72.3628,-8,-85,0,0,-0.0127,0.1383,-0.0020,-742.2473,974.9803,1.1355,,,,,,,
72.3729,-10,-88,-11,-98,-0.0329,0.2955,0.0001,-742.5291,975.0751,1.1357,,,,,,,
72.3830,0,0,-10,-106,-0.0154,0.1648,0.0024,-742.6851,975.1304,1.1380,,,,,,,
72.3931,-6,-95,0,0,-0.0095,0.1546,-0.0022,-742.8294,975.1867,1.1358,,,,,,,
72.4031,-4,-91,-4,-115,-0.0125,0.3268,0.0004,-743.1311,975.3130,1.1363,,,,,,,
72.4132,0,0,-9,-118,-0.0139,0.1835,0.0026,-743.3034,975.3774,1.1389,,,,,,,
72.4233,-4,-98,0,0,-0.0064,0.1594,-0.0023,-743.4508,975.4385,1.1366,,,,,,,
72.4334,0,0,-6,-112,-0.0093,0.1741,0.0025,-743.6128,975.5032,1.1391,,,,,,,
72.4435,-1,-89,-2,-105,-0.0047,0.3080,0.0003,-743.8945,975.6278,1.1393,,,,,,,
72.4535,-1,-92,0,0,-0.0016,0.1497,-0.0021,-744.0311,975.6891,1.1372,,,,,,,
72.4636,0,0,-9,-107,-0.0139,0.1664,0.0024,-744.1879,975.7462,1.1396,,,,,,,
72.4642,,,,,,,,,,,-500.9800,1208.1221,0.7253,-0.7028,3.0196,0.0013,1
72.4737,-8,-84,0,0,-0.0127,0.1367,-0.0020,-744.3173,975.7919,1.1376,,,,,,,
72.4838,-6,-84,-9,-93,-0.0234,0.2812,0.0001,-744.5825,975.8887,1.1377,,,,,,,
72.4938,0,0,-10,-109,-0.0154,0.1695,0.0024,-744.7428,975.9456,1.1402,,,,,,,
72.5039,-4,-93,0,0,-0.0064,0.1513,-0.0022,-744.8829,976.0031,1.1380,,,,,,,
72.5140,0,0,-3,-104,-0.0046,0.1617,0.0023,-745.0317,976.0666,1.1403,,,,,,,
72.5241,-2,-92,0,-101,-0.0032,0.3067,0.0001,-745.3118,976.1917,1.1404,,,,,,,
72.5341,1,-88,0,0,0.0016,0.1432,-0.0020,-745.4411,976.2530,1.1384,,,,,,,
72.5442,0,0,-6,-101,-0.0093,0.1570,0.0022,-745.5877,976.3102,1.1406,,,,,,,
72.5543,0,-87,0,0,0.0000,0.1415,-0.0020,-745.7162,976.3694,1.1386,,,,,,,
72.5644,-4,-93,1,-103,-0.0048,0.3114,0.0001,-746.0011,976.4954,1.1387,,,,,,,
72.5744,0,0,-1,-103,-0.0015,0.1601,0.0023,-746.1472,976.5609,1.1410,,,,,,,
72.5845,-1,-96,0,0,-0.0016,0.1562,-0.0022,-746.2898,976.6247,1.1388,,,,,,,
72.5946,0,0,-7,-109,-0.0108,0.1695,0.0024,-746.4483,976.6857,1.1412,,,,,,,
72.5989,,,,,,,,,,,-501.9574,1211.4403,0.7256,1.4697,3.1314,0.0003,1
72.6047,-1,-88,-5,-92,-0.0093,0.2862,-0.0000,-746.7123,976.7964,1.1412,,,,,,,
72.6147,0,-76,0,0,0.0000,0.1236,-0.0018,-746.8247,976.8480,1.1394,,,,,,,
72.6248,0,0,-10,-99,-0.0154,0.1539,0.0022,-746.9710,976.8982,1.1416,,,,,,,
72.6349,-11,-86,0,0,-0.0175,0.1399,-0.0020,-747.1055,976.9406,1.1396,,,,,,,
72.6450,-3,-82,-10,-113,-0.0202,0.3091,0.0006,-747.3947,977.0514,1.1402,,,,,,,
72.6550,0,0,-8,-98,-0.0123,0.1524,0.0022,-747.5384,977.1036,1.1424,,,,,,,
72.6651,-8,-85,0,0,-0.0127,0.1383,-0.0020,-747.6694,977.1496,1.1404,,,,,,,
72.6752,-8,-95,-12,-111,-0.0312,0.3271,0.0003,-747.9798,977.2577,1.1407,,,,,,,
72.6853,0,0,-7,-107,-0.0108,0.1664,0.0024,-748.1356,977.3170,1.1431,,,,,,,
72.6953,1,-84,0,0,0.0016,0.1367,-0.0020,-748.2592,977.3753,1.1411,,,,,,,
72.7054,0,0,-8,-105,-0.0123,0.1632,0.0023,-748.4128,977.4319,1.1435,,,,,,,
72.7155,-6,-95,-7,-111,-0.0203,0.3271,0.0003,-748.7190,977.5489,1.1437,,,,,,,
72.7256,-1,-92,0,0,-0.0016,0.1497,-0.0021,-748.8558,977.6096,1.1416,,,,,,,
72.7356,0,0,-4,-104,-0.0062,0.1617,0.0023,-749.0054,977.6711,1.1439,,,,,,,
72.7452,,,,,,,,,,,-503.9889,1212.6245,0.7264,-0.7339,2.2340,0.0008,1
72.7457,-2,-94,0,0,-0.0032,0.1529,-0.0022,-749.1459,977.7317,1.1417,,,,,,,
72.7558,-9,-95,-7,-102,-0.0251,0.3131,0.0001,-749.4411,977.8392,1.1418,,,,,,,
72.7659,0,0,-11,-115,-0.0170,0.1788,0.0026,-749.6108,977.8979,1.1443,,,,,,,
72.7759,-1,-95,0,0,-0.0016,0.1546,-0.0022,-749.7521,977.9605,1.1421,,,,,,,
72.7860,0,0,-9,-107,-0.0139,0.1664,0.0024,-749.9093,978.0169,1.1445,,,,,,,
72.7961,-4,-85,-11,-101,-0.0233,0.2953,0.0003,-750.1878,978.1177,1.1447,,,,,,,
72.8062,-10,-86,0,0,-0.0159,0.1399,-0.0020,-750.3217,978.1612,1.1427,,,,,,,
72.8162,0,0,-6,-106,-0.0093,0.1648,0.0024,-750.4756,978.2210,1.1451,,,,,,,
72.8263,-6,-92,0,0,-0.0095,0.1497,-0.0021,-750.6158,978.2743,1.1430,,,,,,,
72.8363,-1,-97,-9,-111,-0.0155,0.3304,0.0002,-750.9228,978.3973,1.1432,,,,,,,
72.8464,0,0,-3,-101,-0.0046,0.1570,0.0022,-751.0677,978.4580,1.1454,,,,,,,
72.8565,1,-76,0,0,0.0016,0.1236,-0.0018,-751.1796,978.5106,1.1437,,,,,,,
72.8666,0,0,0,-91,0.0000,0.1415,0.0020,-751.3084,978.5691,1.1457,,,,,,,
72.8766,-3,-85,-5,-99,-0.0125,0.2922,0.0002,-751.5798,978.6782,1.1459,,,,,,,
72.8813,,,,,,,,,,,-505.7163,1214.6062,0.7270,0.0249,2.6287,0.0007,1
72.8867,-6,-96,0,0,-0.0095,0.1562,-0.0022,-751.7259,978.7340,1.1437,,,,,,,
72.8968,0,0,-3,-110,-0.0046,0.1710,0.0024,-751.8836,978.8005,1.1461,,,,,,,
72.9069,2,-95,0,0,0.0032,0.1546,-0.0022,-752.0230,978.8672,1.1439,,,,,,,
72.9170,1,-86,0,-105,0.0016,0.3032,0.0003,-752.2984,978.9941,1.1442,,,,,,,
72.9270,0,0,-2,-98,-0.0031,0.1524,0.0022,-752.4384,979.0542,1.1464,,,,,,,
72.9371,0,-83,0,0,0.0000,0.1350,-0.0019,-752.5614,979.1099,1.1445,,,,,,,
72.9472,0,-79,-1,-92,-0.0015,0.2716,0.0002,-752.8093,979.2208,1.1447,,,,,,,
72.9573,0,0,-4,-112,-0.0062,0.1741,0.0025,-752.9705,979.2869,1.1472,,,,,,,
72.9673,0,-101,0,0,0.0000,0.1643,-0.0023,-753.1202,979.3547,1.1448,,,,,,,
72.9774,0,0,-3,-101,-0.0046,0.1570,0.0022,-753.2652,979.4152,1.1471,,,,,,,
72.9875,1,-86,2,-88,0.0047,0.2767,-0.0000,-753.5155,979.5332,1.1470,,,,,,,
72.9976,1,-83,0,0,0.0016,0.1350,-0.0019,-753.6379,979.5903,1.1451,,,,,,,
73.0076,0,0,-8,-113,-0.0123,0.1757,0.0025,-753.8031,979.6514,1.1476,,,,,,,
73.0178,-6,-91,0,0,-0.0095,0.1480,-0.0021,-753.9419,979.7037,1.1455,,,,,,,
73.0278,-3,-86,-6,-114,-0.0140,0.3172,0.0005,-754.2366,979.8217,1.1460,,,,,,,
73.0282,,,,,,,,,,,-507.1177,1216.6201,0.7277,0.2914,2.4361,0.0007,1
73.0379,0,0,-10,-103,-0.0154,0.1601,0.0023,-754.3890,979.8734,1.1483,,,,,,,
73.0480,-10,-84,0,0,-0.0159,0.1367,-0.0020,-754.5201,979.9151,1.1464,,,,,,,
73.0581,0,0,-14,-106,-0.0216,0.1648,0.0024,-754.6792,979.9631,1.1487,,,,,,,
73.0681,-5,-45,-10,-100,-0.0234,0.2287,0.0012,-754.8974,980.0353,1.1499,,,,,,,
73.0782,-8,-75,0,0,-0.0127,0.1220,-0.0017,-755.0140,980.0737,1.1481,,,,,,,
73.0883,0,0,-12,-108,-0.0185,0.1679,0.0024,-755.1748,980.1255,1.1505,,,,,,,
73.0984,-6,-91,0,0,-0.0095,0.1480,-0.0021,-755.3138,980.1773,1.1484,,,,,,,
73.1084,-1,-77,-5,-99,-0.0093,0.2792,0.0004,-755.5723,980.2832,1.1488,,,,,,,
73.1185,0,0,-5,-98,-0.0077,0.1524,0.0022,-755.7145,980.3384,1.1510,,,,,,,
73.1286,-6,-95,0,0,-0.0095,0.1546,-0.0022,-755.8594,980.3929,1.1488,,,,,,,
73.1387,0,0,-10,-124,-0.0154,0.1928,0.0028,-756.0417,980.4575,1.1516,,,,,,,
73.1488,-1,-91,-6,-104,-0.0108,0.3097,0.0002,-756.3291,980.5737,1.1518,,,,,,,
73.1589,-4,-86,0,0,-0.0064,0.1399,-0.0020,-756.4594,980.6249,1.1498,,,,,,,
73.1640,,,,,,,,,,,-508.8902,1218.5661,0.7285,-0.0290,2.6322,0.0008,1
73.1689,0,0,-8,-103,-0.0123,0.1601,0.0023,-756.6107,980.6789,1.1521,,,,,,,
73.1790,-9,-91,0,0,-0.0143,0.1480,-0.0021,-756.7517,980.7262,1.1499,,,,,,,
73.1891,-2,-80,-10,-103,-0.0186,0.2903,0.0004,-757.0243,980.8278,1.1504,,,,,,,
73.1992,0,0,-9,-104,-0.0139,0.1617,0.0023,-757.1776,980.8809,1.1527,,,,,,,
73.2092,-9,-84,0,0,-0.0143,0.1367,-0.0020,-757.3083,980.9234,1.1507,,,,,,,
73.2193,-3,-84,-10,-101,-0.0202,0.2937,0.0003,-757.5847,981.0247,1.1510,,,,,,,
73.2294,0,0,0,-95,0.0000,0.1477,0.0021,-757.7196,981.0848,1.1531,,,,,,,
73.2395,0,-81,0,0,0.0000,0.1318,-0.0019,-757.8400,981.1384,1.1512,,,,,,,
73.2495,0,0,-2,-106,-0.0031,0.1648,0.0024,-757.9918,981.2025,1.1536,,,,,,,
73.2596,-3,-91,-7,-105,-0.0156,0.3113,0.0002,-758.2827,981.3144,1.1538,,,,,,,
73.2697,0,-84,0,0,0.0000,0.1367,-0.0020,-758.4076,981.3698,1.1519,,,,,,,
73.2798,0,0,-1,-100,-0.0015,0.1555,0.0022,-758.5504,981.4315,1.1541,,,,,,,
73.2898,-2,-89,0,0,-0.0032,0.1448,-0.0021,-758.6840,981.4874,1.1520,,,,,,,
73.2999,1,-83,-1,-100,0.0000,0.2905,0.0003,-758.9494,981.6055,1.1523,,,,,,,
73.3000,,,,,,,,,,,-510.3454,1220.5497,0.7308,0.2348,2.4488,0.0022,1
73.3100,0,0,-3,-95,-0.0046,0.1477,0.0021,-759.0863,981.6612,1.1544,,,,,,,
73.3201,0,-65,0,0,0.0000,0.1057,-0.0015,-759.1830,981.7040,1.1529,,,,,,,
73.3302,0,0,-7,-94,-0.0108,0.1461,0.0021,-759.3210,981.7533,1.1550,,,,,,,
73.3402,-7,-80,-9,-96,-0.0250,0.2794,0.0003,-759.5867,981.8432,1.1553,,,,,,,
73.3503,-2,-81,0,0,-0.0032,0.1318,-0.0019,-759.7085,981.8936,1.1534,,,,,,,
73.3604,0,0,-2,-90,-0.0031,0.1399,0.0020,-759.8377,981.9474,1.1554,,,,,,,
73.3705,0,-80,0,0,0.0000,0.1301,-0.0019,-759.9567,982.0001,1.1535,,,,,,,
73.3805,-7,-95,-7,-108,-0.0219,0.3225,0.0002,-760.2604,982.1107,1.1537,,,,,,,
73.3906,0,0,-5,-110,-0.0077,0.1710,0.0024,-760.4200,982.1727,1.1562,,,,,,,
73.4007,-1,-83,0,0,-0.0016,0.1350,-0.0019,-760.5442,982.2258,1.1542,,,,,,,
73.4108,0,0,-7,-98,-0.0108,0.1524,0.0022,-760.6879,982.2774,1.1564,,,,,,,
73.4209,-6,-85,-10,-103,-0.0250,0.2984,0.0003,-760.9711,982.3746,1.1567,,,,,,,
73.4310,-7,-91,0,0,-0.0111,0.1480,-0.0021,-761.1111,982.4242,1.1546,,,,,,,
73.4410,0,0,-10,-105,-0.0154,0.1632,0.0023,-761.2667,982.4759,1.1569,,,,,,,
73.4460,,,,,,,,,,,-512.2779,1222.0680,0.7319,-0.4258,2.4204,0.0011,1
73.4511,-8,-87,0,0,-0.0127,0.1415,-0.0020,-761.4014,982.5213,1.1549,,,,,,,
73.4612,-10,-82,-11,-112,-0.0329,0.3075,0.0006,-761.6960,982.6154,1.1555,,,,,,,
73.4713,0,0,-13,-107,-0.0200,0.1664,0.0024,-761.8564,982.6640,1.1579,,,,,,,
73.4813,-8,-80,0,0,-0.0127,0.1301,-0.0019,-761.9806,982.7047,1.1560,,,,,,,
73.4914,-11,-76,-11,-88,-0.0345,0.2605,0.0002,-762.2329,982.7781,1.1562,,,,,,,
73.5015,0,0,-17,-108,-0.0262,0.1679,0.0024,-762.3972,982.8215,1.1586,,,,,,,
73.5115,-12,-85,0,0,-0.0191,0.1383,-0.0020,-762.5315,982.8596,1.1566,,,,,,,
73.5216,0,0,-9,-109,-0.0139,0.1695,0.0024,-762.6923,982.9149,1.1590,,,,,,,
73.5317,-5,-83,-11,-102,-0.0249,0.2936,0.0003,-762.9714,983.0095,1.1594,,,,,,,
73.5418,-8,-83,0,0,-0.0127,0.1350,-0.0019,-763.1002,983.0520,1.1574,,,,,,,
73.5518,0,0,-10,-102,-0.0154,0.1586,0.0023,-763.2517,983.1014,1.1597,,,,,,,
73.5619,-3,-82,0,0,-0.0048,0.1334,-0.0019,-763.3758,983.1504,1.1578,,,,,,,
73.5720,-4,-87,-9,-102,-0.0202,0.3001,0.0002,-763.6588,983.2523,1.1581,,,,,,,
73.5802,,,,,,,,,,,-514.3625,1225.6023,0.7311,0.8111,4.0224,-0.0008,1
73.5821,0,0,-9,-108,-0.0139,0.1679,0.0024,-763.8183,983.3067,1.1605,,,,,,,
73.5921,-6,-85,0,0,-0.0095,0.1383,-0.0020,-763.9488,983.3533,1.1585,,,,,,,
73.6022,0,0,-6,-96,-0.0093,0.1493,0.0021,-764.0893,983.4045,1.1606,,,,,,,
73.6123,-2,-82,-7,-96,-0.0140,0.2827,0.0002,-764.3541,983.5044,1.1608,,,,,,,
73.6223,-5,-85,0,0,-0.0080,0.1383,-0.0020,-764.4841,983.5523,1.1589,,,,,,,
73.6324,0,0,-10,-99,-0.0154,0.1539,0.0022,-764.6314,983.5996,1.1611,,,,,,,
73.6425,-4,-82,0,0,-0.0064,0.1334,-0.0019,-764.7562,983.6471,1.1592,,,,,,,
73.6526,-5,-84,-6,-92,-0.0172,0.2797,0.0001,-765.0194,983.7432,1.1592,,,,,,,
73.6627,0,0,-6,-96,-0.0093,0.1493,0.0021,-765.1600,983.7943,1.1614,,,,,,,
73.6728,1,-83,0,0,0.0016,0.1350,-0.0019,-765.2832,983.8496,1.1594,,,,,,,
73.6828,0,0,-4,-98,-0.0062,0.1524,0.0022,-765.4253,983.9047,1.1616,,,,,,,
73.6929,-2,-80,-4,-97,-0.0093,0.2810,0.0003,-765.6868,984.0079,1.1619,,,,,,,
73.7030,2,-80,0,0,0.0032,0.1301,-0.0019,-765.8049,984.0627,1.1601,,,,,,,
73.7131,0,0,-4,-98,-0.0062,0.1524,0.0022,-765.9472,984.1177,1.1622,,,,,,,
73.7231,-4,-97,0,0,-0.0064,0.1578,-0.0023,-766.0944,984.1747,1.1600,,,,,,,
73.7290,,,,,,,,,,,-516.5673,1226.3773,0.7330,-1.1240,2.0491,0.0020,1
73.7332,-1,-82,-3,-93,-0.0062,0.2780,0.0002,-766.3518,984.2800,1.1601,,,,,,,
73.7433,0,0,-2,-92,-0.0031,0.1430,0.0020,-766.4842,984.3341,1.1622,,,,,,,
73.7534,-5,-84,0,0,-0.0080,0.1367,-0.0020,-766.6127,984.3813,1.1602,,,,,,,
73.7634,-2,-88,-9,-102,-0.0171,0.3017,0.0002,-766.8962,984.4860,1.1605,,,,,,,
73.7735,0,0,-7,-99,-0.0108,0.1539,0.0022,-767.0417,984.5374,1.1627,,,,,,,
73.7836,-8,-79,0,0,-0.0127,0.1285,-0.0018,-767.1647,984.5768,1.1608,,,,,,,
73.7936,0,0,-13,-103,-0.0200,0.1601,0.0023,-767.3196,984.6221,1.1631,,,,,,,
73.8037,-9,-85,-9,-108,-0.0282,0.3062,0.0004,-767.6119,984.7176,1.1635,,,,,,,
73.8138,-1,-89,0,0,-0.0016,0.1448,-0.0021,-767.7455,984.7736,1.1615,,,,,,,
73.8239,0,0,-5,-98,-0.0077,0.1524,0.0022,-767.8884,984.8270,1.1636,,,,,,,
73.8339,-11,-90,0,0,-0.0175,0.1464,-0.0021,-768.0297,984.8691,1.1615,,,,,,,
73.8440,-5,-95,-12,-107,-0.0265,0.3209,0.0002,-768.3346,984.9725,1.1617,,,,,,,
73.8541,0,0,-2,-99,-0.0031,0.1539,0.0022,-768.4771,985.0307,1.1639,,,,,,,
73.8642,-4,-83,0,0,-0.0064,0.1350,-0.0019,-768.6036,985.0784,1.1620,,,,,,,
73.8660,,,,,,,,,,,-518.3408,1228.3949,0.7347,0.0321,2.6861,0.0017,1
73.8742,0,0,-7,-96,-0.0108,0.1493,0.0021,-768.7449,985.1277,1.1641,,,,,,,
73.8843,-5,-85,-15,-113,-0.0311,0.3140,0.0005,-769.0456,985.2233,1.1646,,,,,,,
73.8944,-12,-97,0,0,-0.0191,0.1578,-0.0023,-769.1981,985.2683,1.1624,,,,,,,
73.9045,0,0,-8,-98,-0.0123,0.1524,0.0022,-769.3428,985.3173,1.1646,,,,,,,
73.9145,-7,-85,0,0,-0.0111,0.1383,-0.0020,-769.4742,985.3618,1.1626,,,,,,,
73.9246,-15,-81,-13,-102,-0.0439,0.2904,0.0004,-769.7582,985.4367,1.1630,,,,,,,
73.9347,0,0,-11,-98,-0.0170,0.1524,0.0022,-769.9048,985.4814,1.1652,,,,,,,
73.9448,-8,-81,0,0,-0.0127,0.1318,-0.0019,-770.0309,985.5219,1.1633,,,,,,,
73.9548,0,0,-8,-95,-0.0123,0.1477,0.0021,-770.1714,985.5689,1.1654,,,,,,,
73.9649,-9,-86,-13,-100,-0.0344,0.2954,0.0002,-770.4564,985.6538,1.1656,,,,,,,
73.9750,-4,-92,0,0,-0.0064,0.1497,-0.0021,-770.5964,985.7071,1.1635,,,,,,,
73.9851,0,0,0,-93,0.0000,0.1446,0.0021,-770.7293,985.7643,1.1655,,,,,,,
73.9951,0,-76,0,0,0.0000,0.1236,-0.0018,-770.8428,985.8131,1.1638,,,,,,,
74.0052,-4,-93,-3,-95,-0.0110,0.2990,-0.0001,-771.1218,985.9214,1.1637,,,,,,,
74.0103,,,,,,,,,,,-519.6307,1229.8671,0.7351,0.0299,1.9571,0.0004,1
74.0153,0,0,-2,-107,-0.0031,0.1664,0.0024,-771.2758,985.9843,1.1661,,,,,,,
74.0254,3,-92,0,0,0.0048,0.1497,-0.0021,-771.4115,986.0477,1.1640,,,,,,,
74.0355,1,-87,-2,-97,-0.0015,0.2923,0.0001,-771.6805,986.1620,1.1641,,,,,,,
74.0456,0,0,-3,-92,-0.0046,0.1430,0.0020,-771.8138,986.2142,1.1661,,,,,,,
74.0556,-2,-86,0,0,-0.0032,0.1399,-0.0020,-771.9436,986.2665,1.1641,,,,,,,
74.0657,0,0,-2,-95,-0.0031,0.1477,0.0021,-772.0805,986.3220,1.1662,,,,,,,
74.0758,0,-77,-1,-86,-0.0015,0.2590,0.0001,-772.3192,986.4225,1.1664,,,,,,,
74.0859,-5,-88,0,0,-0.0080,0.1432,-0.0020,-772.4539,986.4716,1.1643,,,,,,,
74.0959,0,0,-5,-101,-0.0077,0.1570,0.0022,-772.6013,986.5265,1.1666,,,,,,,
74.1060,0,0,0,0,0.0000,0.0000,0.0000,-772.6013,986.5265,1.1666,,,,,,,
74.1161,0,-91,-1,-93,-0.0015,0.2926,-0.0000,-772.8709,986.6402,1.1665,,,,,,,
74.1262,0,0,-7,-94,-0.0108,0.1461,0.0021,-773.0096,986.6876,1.1686,,,,,,,
74.1362,-1,-81,0,0,-0.0016,0.1318,-0.0019,-773.1314,986.7378,1.1667,,,,,,,
74.1463,0,0,-8,-111,-0.0123,0.1726,0.0025,-773.2950,986.7941,1.1692,,,,,,,
74.1464,,,,,,,,,,,-521.6541,1232.3454,0.7356,0.1613,3.1952,0.0004,1
74.1563,-13,-186,-4,-103,-0.0268,0.4627,-0.0020,-773.7313,986.9507,1.1671,,,,,,,
74.1664,-2,-92,0,0,-0.0032,0.1497,-0.0021,-773.8701,987.0067,1.1650,,,,,,,
74.1765,0,0,-6,-105,-0.0093,0.1632,0.0023,-774.0238,987.0625,1.1673,,,,,,,
74.1866,-1,-83,0,0,-0.0016,0.1350,-0.0019,-774.1486,987.1142,1.1654,,,,,,,
74.1966,-4,-88,-11,-96,-0.0233,0.2924,0.0001,-774.4265,987.2081,1.1655,,,,,,,
74.2067,0,0,-9,-107,-0.0139,0.1664,0.0024,-774.5849,987.2607,1.1679,,,,,,,
74.2168,-9,-94,0,0,-0.0143,0.1529,-0.0022,-774.7311,987.3077,1.1657,,,,,,,
74.2269,0,0,-8,-101,-0.0123,0.1570,0.0022,-774.8804,987.3580,1.1679,,,,,,,
74.2370,-2,-79,-8,-88,-0.0155,0.2653,0.0001,-775.1306,987.4478,1.1681,,,,,,,
74.2471,-7,-87,0,0,-0.0111,0.1415,-0.0020,-775.2651,987.4932,1.1660,,,,,,,
74.2571,0,0,-12,-113,-0.0185,0.1757,0.0025,-775.4339,987.5451,1.1685,,,,,,,
74.2672,-8,-96,-8,-115,-0.0251,0.3350,0.0003,-775.7520,987.6532,1.1689,,,,,,,
74.2773,-3,-98,0,0,-0.0048,0.1594,-0.0023,-775.9005,987.7113,1.1666,,,,,,,
74.2807,,,,,,,,,,,-523.4911,1235.0055,0.7363,0.4229,3.2050,0.0008,1
74.2874,0,0,-6,-100,-0.0093,0.1555,0.0022,-776.0472,987.7638,1.1688,,,,,,,
74.2975,-3,-93,0,0,-0.0048,0.1513,-0.0022,-776.1882,987.8187,1.1666,,,,,,,
74.3076,-6,-93,-13,-107,-0.0296,0.3177,0.0002,-776.4919,987.9164,1.1669,,,,,,,
74.3176,0,0,-6,-105,-0.0093,0.1632,0.0023,-776.6457,987.9719,1.1692,,,,,,,
74.3277,-3,-83,0,0,-0.0048,0.1350,-0.0019,-776.7718,988.0204,1.1673,,,,,,,
74.3378,0,0,-8,-96,-0.0123,0.1493,0.0021,-776.9140,988.0675,1.1694,,,,,,,
74.3479,-7,-90,-9,-102,-0.0250,0.3050,0.0002,-777.2045,988.1636,1.1696,,,,,,,
74.3579,-1,-81,0,0,-0.0016,0.1318,-0.0019,-777.3264,988.2138,1.1677,,,,,,,
74.3680,0,0,-5,-90,-0.0077,0.1399,0.0020,-777.4582,988.2614,1.1697,,,,,,,
74.3781,-7,-75,0,0,-0.0111,0.1220,-0.0017,-777.5749,988.2989,1.1679,,,,,,,
74.3882,-10,-83,-10,-92,-0.0313,0.2781,0.0001,-777.8429,988.3791,1.1681,,,,,,,
74.3982,0,0,-7,-103,-0.0108,0.1601,0.0023,-777.9946,988.4318,1.1703,,,,,,,
74.4083,-7,-83,0,0,-0.0111,0.1350,-0.0019,-778.1232,988.4743,1.1684,,,,,,,
74.4184,0,0,-9,-96,-0.0139,0.1493,0.0021,-778.2660,988.5198,1.1705,,,,,,,
74.4284,-2,-82,-5,-95,-0.0109,0.2811,0.0002,-778.5292,988.6193,1.1708,,,,,,,
74.4294,,,,,,,,,,,-525.3251,1236.6575,0.7379,-0.2494,2.4556,0.0016,1
74.4385,-1,-86,0,0,-0.0016,0.1399,-0.0020,-778.6586,988.6724,1.1688,,,,,,,
74.4486,0,0,-5,-101,-0.0077,0.1570,0.0022,-778.8062,988.7266,1.1710,,,,,,,
74.4587,-6,-91,0,0,-0.0095,0.1480,-0.0021,-778.9462,988.7756,1.1689,,,,,,,
74.4687,-1,-87,-5,-101,-0.0093,0.2986,0.0002,-779.2246,988.8838,1.1691,,,,,,,
74.4788,0,0,-5,-93,-0.0077,0.1446,0.0021,-779.3608,988.9331,1.1712,,,,,,,
74.4889,-1,-84,0,0,-0.0016,0.1367,-0.0020,-779.4872,988.9849,1.1692,,,,,,,
74.4990,0,0,-7,-100,-0.0108,0.1555,0.0022,-779.6346,989.0356,1.1714,,,,,,,
74.5090,-10,-97,-9,-116,-0.0298,0.3382,0.0003,-779.9578,989.1396,1.1718,,,,,,,
74.5191,-3,-90,0,0,-0.0048,0.1464,-0.0021,-780.0945,989.1922,1.1697,,,,,,,
74.5292,0,0,-6,-95,-0.0093,0.1477,0.0021,-780.2341,989.2412,1.1718,,,,,,,
74.5393,-7,-91,-16,-111,-0.0358,0.3206,0.0004,-780.5435,989.3327,1.1721,,,,,,,
74.5493,-1,-75,0,0,-0.0016,0.1220,-0.0017,-780.6565,989.3787,1.1704,,,,,,,
74.5594,0,0,-10,-102,-0.0154,0.1586,0.0023,-780.8086,989.4262,1.1727,,,,,,,
74.5638,,,,,,,,,,,-527.9806,1239.3184,0.7373,-0.1746,3.7552,-0.0006,1
74.5695,-9,-93,0,0,-0.0143,0.1513,-0.0022,-780.9536,989.4718,1.1705,,,,,,,
74.5795,-9,-96,-12,-115,-0.0328,0.3350,0.0003,-781.2749,989.5721,1.1708,,,,,,,
74.5896,0,0,-10,-114,-0.0154,0.1772,0.0025,-781.4442,989.6267,1.1733,,,,,,,
74.5997,-5,-96,0,0,-0.0080,0.1562,-0.0022,-781.5912,989.6800,1.1711,,,,,,,
74.6098,0,0,-4,-100,-0.0062,0.1555,0.0022,-781.7369,989.7346,1.1733,,,,,,,
74.6198,-6,-93,-12,-111,-0.0280,0.3239,0.0003,-782.0464,989.8341,1.1736,,,,,,,
74.6299,-11,-92,0,0,-0.0175,0.1497,-0.0021,-782.1911,989.8760,1.1715,,,,,,,
74.6400,0,0,-9,-104,-0.0139,0.1617,0.0023,-782.3456,989.9259,1.1738,,,,,,,
74.6501,-5,-86,0,0,-0.0080,0.1399,-0.0020,-782.4776,989.9728,1.1718,,,,,,,
74.6601,-12,-94,-13,-107,-0.0391,0.3193,0.0002,-782.7870,990.0607,1.1720,,,,,,,
74.6702,0,0,-15,-112,-0.0231,0.1741,0.0025,-782.9566,990.1068,1.1745,,,,,,,
74.6803,-4,-90,0,0,-0.0064,0.1464,-0.0021,-783.0940,990.1576,1.1724,,,,,,,
74.6903,0,0,-9,-99,-0.0139,0.1539,0.0022,-783.2413,990.2044,1.1746,,,,,,,
74.7004,-8,-86,-14,-108,-0.0343,0.3078,0.0004,-783.5386,990.2915,1.1750,,,,,,,
74.7105,-5,-94,0,0,-0.0080,0.1529,-0.0022,-783.6827,990.3432,1.1728,,,,,,,
74.7123,,,,,,,,,,,-528.9259,1240.6875,0.7396,0.2207,1.6491,0.0023,1
74.7206,0,0,-5,-102,-0.0077,0.1586,0.0023,-783.8319,990.3974,1.1751,,,,,,,
74.7307,-4,-86,0,0,-0.0064,0.1399,-0.0020,-783.9634,990.4456,1.1731,,,,,,,
74.7408,-4,-98,-5,-105,-0.0141,0.3227,0.0001,-784.2664,990.5576,1.1731,,,,,,,
74.7508,0,0,-4,-106,-0.0062,0.1648,0.0024,-784.4208,990.6156,1.1755,,,,,,,
74.7609,-1,-92,0,0,-0.0016,0.1497,-0.0021,-784.5594,990.6719,1.1734,,,,,,,
74.7710,0,0,-4,-94,-0.0062,0.1461,0.0021,-784.6966,990.7226,1.1754,,,,,,,
74.7810,-4,-84,-10,-101,-0.0218,0.2937,0.0003,-784.9761,990.8156,1.1757,,,,,,,
74.7911,-7,-84,0,0,-0.0111,0.1367,-0.0020,-785.1065,990.8580,1.1738,,,,,,,
74.8012,0,0,-9,-99,-0.0139,0.1539,0.0022,-785.2538,990.9046,1.1760,,,,,,,
74.8113,-5,-82,0,0,-0.0080,0.1334,-0.0019,-785.3800,990.9487,1.1741,,,,,,,
74.8214,-11,-81,-12,-97,-0.0360,0.2826,0.0003,-785.6545,991.0246,1.1743,,,,,,,
74.8314,0,0,-14,-105,-0.0216,0.1632,0.0023,-785.8135,991.0676,1.1767,,,,,,,
74.8415,-7,-83,0,0,-0.0111,0.1350,-0.0019,-785.9424,991.1093,1.1747,,,,,,,
74.8472,,,,,,,,,,,-531.2846,1242.1042,0.7420,-0.7876,2.6363,0.0024,1
74.8516,-7,-89,-8,-105,-0.0235,0.3080,0.0003,-786.2357,991.2064,1.1750,,,,,,,
74.8616,0,0,-12,-98,-0.0185,0.1524,0.0022,-786.3834,991.2479,1.1772,,,,,,,
74.8719,-10,-91,0,0,-0.0159,0.1480,-0.0021,-786.5262,991.2902,1.1751,,,,,,,
74.8819,0,0,-11,-105,-0.0170,0.1632,0.0023,-786.6834,991.3373,1.1774,,,,,,,
74.8920,-7,-89,-12,-111,-0.0296,0.3174,0.0004,-786.9880,991.4315,1.1778,,,,,,,
74.9021,-7,-99,0,0,-0.0111,0.1611,-0.0023,-787.1409,991.4831,1.1755,,,,,,,
74.9122,0,0,-11,-111,-0.0170,0.1726,0.0025,-787.3068,991.5337,1.1780,,,,,,,
74.9222,-7,-87,0,0,-0.0111,0.1415,-0.0020,-787.4418,991.5777,1.1759,,,,,,,
74.9323,-13,-83,-11,-98,-0.0376,0.2874,0.0002,-787.7215,991.6535,1.1762,,,,,,,
74.9424,0,0,-16,-111,-0.0247,0.1726,0.0025,-787.8904,991.6968,1.1787,,,,,,,
74.9525,-12,-96,0,0,-0.0191,0.1562,-0.0022,-788.0420,991.7390,1.1764,,,,,,,
74.9625,0,0,-9,-111,-0.0139,0.1726,0.0025,-788.2067,991.7923,1.1789,,,,,,,
74.9726,-14,-83,-13,-102,-0.0423,0.2936,0.0003,-788.4942,991.8653,1.1792,,,,,,,
74.9827,-9,-89,0,0,-0.0143,0.1448,-0.0021,-788.6335,991.9075,1.1772,,,,,,,
74.9928,0,0,-10,-114,-0.0154,0.1772,0.0025,-788.8031,991.9610,1.1797,,,,,,,
74.9933,,,,,,,,,,,-533.1582,1243.9208,0.7429,-0.1535,2.6052,0.0009,1
75.0028,-9,-93,0,0,-0.0143,0.1513,-0.0022,-788.9484,992.0056,1.1775,,,,,,,
75.0130,-14,-91,-12,-114,-0.0408,0.3253,0.0004,-789.2645,992.0926,1.1779,,,,,,,
75.0230,0,0,-13,-98,-0.0200,0.1524,0.0022,-789.4130,992.1322,1.1801,,,,,,,
75.0331,-11,-92,0,0,-0.0175,0.1497,-0.0021,-789.5580,992.1732,1.1780,,,,,,,
75.0432,0,0,-12,-117,-0.0185,0.1819,0.0026,-789.7332,992.2255,1.1806,,,,,,,
75.0533,-6,-96,-7,-103,-0.0203,0.3163,0.0001,-790.0335,992.3270,1.1806,,,,,,,
75.0634,-5,-94,0,0,-0.0080,0.1529,-0.0022,-790.1779,992.3780,1.1785,,,,,,,
75.0734,0,0,-9,-107,-0.0139,0.1664,0.0024,-790.3370,992.4286,1.1808,,,,,,,
75.0835,-8,-87,-10,-107,-0.0281,0.3079,0.0004,-790.6325,992.5195,1.1812,,,,,,,
75.0936,-8,-89,0,0,-0.0127,0.1448,-0.0021,-790.7712,992.5629,1.1791,,,,,,,
75.1037,0,0,-12,-98,-0.0185,0.1524,0.0022,-790.9191,992.6038,1.1813,,,,,,,
75.1137,-11,-75,0,0,-0.0175,0.1220,-0.0017,-791.0386,992.6341,1.1796,,,,,,,
75.1238,-11,-87,-9,-93,-0.0314,0.2861,0.0000,-791.3151,992.7142,1.1796,,,,,,,
75.1308,,,,,,,,,,,-534.9682,1246.4882,0.7452,0.4037,3.1152,0.0023,1
75.1339,0,0,-9,-103,-0.0139,0.1601,0.0023,-791.4685,992.7622,1.1819,,,,,,,
75.1440,-4,-94,0,0,-0.0064,0.1529,-0.0022,-791.6123,992.8145,1.1797,,,,,,,
75.1540,0,0,-8,-105,-0.0123,0.1632,0.0023,-791.7680,992.8651,1.1820,,,,,,,
75.1641,-2,-92,-6,-95,-0.0124,0.2974,-0.0000,-792.0479,992.9663,1.1820,,,,,,,
75.1742,-1,-78,0,0,-0.0016,0.1269,-0.0018,-792.1659,993.0131,1.1802,,,,,,,
75.1843,0,0,-6,-108,-0.0093,0.1679,0.0024,-792.3248,993.0683,1.1826,,,,,,,
75.1943,-2,-101,0,0,-0.0032,0.1643,-0.0023,-792.4780,993.1277,1.1802,,,,,,,
75.2044,-4,-82,-8,-103,-0.0187,0.2935,0.0004,-792.7566,993.2221,1.1806,,,,,,,
75.2145,0,0,-8,-92,-0.0123,0.1430,0.0020,-792.8936,993.2650,1.1827,,,,,,,
75.2246,-8,-91,0,0,-0.0127,0.1480,-0.0021,-793.0354,993.3094,1.1806,,,,,,,
75.2346,0,0,-11,-114,-0.0170,0.1772,0.0025,-793.2058,993.3609,1.1831,,,,,,,
75.2447,-4,-92,-10,-105,-0.0218,0.3129,0.0002,-793.5037,993.4590,1.1833,,,,,,,
75.2548,-12,-89,0,0,-0.0191,0.1448,-0.0021,-793.6450,993.4962,1.1812,,,,,,,
75.2635,,,,,,,,,,,-536.6366,1249.0294,0.7453,0.4971,2.9990,0.0001,1
75.2649,0,0,-14,-103,-0.0216,0.1601,0.0023,-793.8014,993.5369,1.1835,,,,,,,
75.2750,-18,-89,0,0,-0.0286,0.1448,-0.0021,-793.9462,993.5652,1.1814,,,,,,,
75.2850,-11,-87,-16,-113,-0.0422,0.3172,0.0005,-794.2557,993.6465,1.1819,,,,,,,
75.2951,0,0,-15,-103,-0.0231,0.1601,0.0023,-794.4127,993.6857,1.1842,,,,,,,
75.3052,-16,-95,0,0,-0.0254,0.1546,-0.0022,-794.5654,993.7205,1.1820,,,,,,,
75.3153,0,0,-17,-118,-0.0262,0.1835,0.0026,-794.7452,993.7656,1.1846,,,,,,,
75.3253,-8,-91,-8,-105,-0.0251,0.3113,0.0002,-795.0430,993.8596,1.1848,,,,,,,
75.3354,-6,-88,0,0,-0.0095,0.1432,-0.0020,-795.1792,993.9048,1.1828,,,,,,,
75.3455,0,0,-8,-101,-0.0123,0.1570,0.0022,-795.3293,993.9526,1.1850,,,,,,,
75.3556,-10,-102,-8,-120,-0.0282,0.3525,0.0003,-795.6665,994.0590,1.1853,,,,,,,
75.3656,-2,-97,0,0,-0.0032,0.1578,-0.0023,-795.8139,994.1156,1.1831,,,,,,,
75.3757,0,0,-4,-107,-0.0062,0.1664,0.0024,-795.9703,994.1726,1.1854,,,,,,,
75.3858,-10,-87,0,0,-0.0159,0.1415,-0.0020,-796.1074,994.2112,1.1834,,,,,,,
75.3959,-10,-83,-14,-112,-0.0375,0.3092,0.0006,-796.4078,994.2932,1.1840,,,,,,,
75.4059,0,0,0,0,0.0000,0.0000,0.0000,-796.4078,994.2932,1.1840,,,,,,,
75.4142,,,,,,,,,,,-539.6700,1249.7621,0.7484,-1.7324,2.5956,0.0031,1
75.4160,-9,-84,0,0,-0.0143,0.1367,-0.0020,-796.5397,994.3316,1.1820,,,,,,,
75.4261,0,0,-10,-105,-0.0154,0.1632,0.0023,-796.6967,994.3790,1.1844,,,,,,,
75.4362,-11,-94,-15,-102,-0.0406,0.3115,0.0001,-797.0005,994.4588,1.1844,,,,,,,
75.4462,-6,-85,0,0,-0.0095,0.1383,-0.0020,-797.1322,994.5022,1.1825,,,,,,,
75.4563,0,0,-15,-199,-0.0231,0.3094,0.0044,-797.4275,994.5973,1.1869,,,,,,,
75.4664,-3,-90,0,0,-0.0048,0.1464,-0.0021,-797.5650,994.6478,1.1848,,,,,,,
75.4765,-6,-93,-8,-102,-0.0219,0.3099,0.0001,-797.8603,994.7442,1.1849,,,,,,,
75.4865,0,0,-5,-106,-0.0077,0.1648,0.0024,-798.0160,994.7989,1.1873,,,,,,,
75.4966,-1,-99,0,0,-0.0016,0.1611,-0.0023,-798.1659,994.8579,1.1850,,,,,,,
75.5067,0,0,-1,-107,-0.0015,0.1664,0.0024,-798.3207,994.9189,1.1873,,,,,,,
75.5168,0,-94,-2,-104,-0.0031,0.3146,0.0001,-798.6136,995.0337,1.1875,,,,,,,
75.5268,-4,-81,0,0,-0.0064,0.1318,-0.0019,-798.7381,995.0772,1.1856,,,,,,,
75.5369,0,0,-4,-98,-0.0062,0.1524,0.0022,-798.8817,995.1286,1.1878,,,,,,,
75.5467,,,,,,,,,,,-542.5700,1251.8651,0.7493,-0.6940,3.5144,0.0009,1
75.5470,-5,-90,0,0,-0.0080,0.1464,-0.0021,-799.0204,995.1761,1.1857,,,,,,,
75.5571,-9,-89,-7,-104,-0.0251,0.3065,0.0002,-799.3139,995.2679,1.1859,,,,,,,
75.5671,0,0,-6,-97,-0.0093,0.1508,0.0022,-799.4572,995.3158,1.1881,,,,,,,
75.5772,-4,-89,0,0,-0.0064,0.1448,-0.0021,-799.5939,995.3641,1.1860,,,,,,,
75.5873,0,0,-10,-101,-0.0154,0.1570,0.0022,-799.7452,995.4086,1.1882,,,,,,,
75.5974,-7,-55,-11,-111,-0.0281,0.2621,0.0012,-799.9989,995.4802,1.1894,,,,,,,
75.6074,-10,-92,0,0,-0.0159,0.1497,-0.0021,-800.1437,995.5213,1.1873,,,,,,,
75.6175,0,0,-6,-109,-0.0093,0.1695,0.0024,-800.3044,995.5760,1.1897,,,,,,,
75.6276,-6,-90,-13,-113,-0.0296,0.3221,0.0004,-800.6144,995.6682,1.1901,,,,,,,
75.6377,-8,-96,0,0,-0.0127,0.1562,-0.0022,-800.7641,995.7146,1.1879,,,,,,,
75.6477,0,0,-9,-108,-0.0139,0.1679,0.0024,-800.9251,995.7643,1.1903,,,,,,,
75.6578,-11,-89,0,0,-0.0175,0.1448,-0.0021,-801.0659,995.8020,1.1882,,,,,,,
75.6679,-12,-95,-15,-114,-0.0422,0.3318,0.0003,-801.3895,995.8866,1.1885,,,,,,,
75.6780,0,0,-11,-106,-0.0170,0.1648,0.0024,-801.5488,995.9322,1.1909,,,,,,,
75.6880,-6,-85,0,0,-0.0095,0.1383,-0.0020,-801.6807,995.9747,1.1889,,,,,,,
75.6934,,,,,,,,,,,-543.2495,1254.5700,0.7491,1.3450,2.4432,-0.0002,1
75.6981,0,0,-11,-102,-0.0170,0.1586,0.0023,-801.8343,996.0179,1.1912,,,,,,,
75.7082,-12,-85,-20,-113,-0.0499,0.3140,0.0005,-802.1444,996.0878,1.1917,,,,,,,
75.7183,-15,-80,0,0,-0.0239,0.1301,-0.0019,-802.2741,996.1139,1.1899,,,,,,,
75.7283,0,0,-10,-107,-0.0154,0.1664,0.0024,-802.4343,996.1613,1.1922,,,,,,,
75.7384,-8,-93,0,0,-0.0127,0.1513,-0.0022,-802.5796,996.2055,1.1901,,,,,,,
75.7485,-15,-89,-16,-117,-0.0485,0.3267,0.0005,-802.9009,996.2818,1.1906,,,,,,,
75.7586,0,0,-11,-109,-0.0170,0.1695,0.0024,-803.0647,996.3287,1.1930,,,,,,,
75.7686,-3,-91,0,0,-0.0048,0.1480,-0.0021,-803.2040,996.3790,1.1909,,,,,,,
75.7787,0,0,-11,-113,-0.0170,0.1757,0.0025,-803.3735,996.4282,1.1934,,,,,,,
75.7888,-11,-90,-11,-117,-0.0345,0.3283,0.0005,-803.6914,996.5171,1.1939,,,,,,,
75.7989,-5,-92,0,0,-0.0080,0.1497,-0.0021,-803.8335,996.5649,1.1918,,,,,,,
75.8089,0,0,-4,-94,-0.0062,0.1461,0.0021,-803.9716,996.6131,1.1939,,,,,,,
75.8190,-8,-83,0,0,-0.0127,0.1350,-0.0019,-804.1018,996.6511,1.1920,,,,,,,
75.8291,-9,-85,-13,-103,-0.0344,0.2984,0.0003,-804.3918,996.7295,1.1923,,,,,,,
75.8310,,,,,,,,,,,-546.4962,1256.3312,0.7515,-1.1783,3.5006,0.0024,1
75.8392,0,0,-9,-110,-0.0139,0.1710,0.0024,-804.5559,996.7796,1.1947,,,,,,,
75.8492,-6,-92,0,0,-0.0095,0.1497,-0.0021,-804.6985,996.8259,1.1926,,,,,,,
75.8593,0,0,-4,-101,-0.0062,0.1570,0.0022,-804.8468,996.8780,1.1948,,,,,,,
75.8694,-6,-86,-12,-103,-0.0280,0.3000,0.0003,-805.1362,996.9620,1.1951,,,,,,,
75.8795,-4,-84,0,0,-0.0064,0.1367,-0.0020,-805.2656,997.0064,1.1931,,,,,,,
75.8896,0,0,-6,-99,-0.0093,0.1539,0.0022,-805.4121,997.0543,1.1953,,,,,,,
75.8996,-11,-88,-10,-101,-0.0329,0.3002,0.0002,-805.7035,997.1338,1.1955,,,,,,,
75.9097,-3,-96,0,0,-0.0048,0.1562,-0.0022,-805.8505,997.1867,1.1933,,,,,,,
75.9198,0,0,-3,-113,-0.0046,0.1757,0.0025,-806.0156,997.2470,1.1958,,,,,,,
75.9299,1,-94,0,0,0.0016,0.1529,-0.0022,-806.1573,997.3046,1.1936,,,,,,,
75.9399,-8,-96,-2,-99,-0.0158,0.3101,-0.0000,-806.4514,997.4041,1.1936,,,,,,,
75.9500,0,0,-12,-111,-0.0185,0.1726,0.0025,-806.6187,997.4503,1.1961,,,,,,,
75.9601,-9,-85,0,0,-0.0143,0.1383,-0.0020,-806.7526,997.4877,1.1941,,,,,,,
75.9641,,,,,,,,,,,-548.9710,1258.1538,0.7544,-0.5639,3.0214,0.0029,1
75.9702,0,0,-12,-115,-0.0185,0.1788,0.0026,-806.9257,997.5361,1.1967,,,,,,,
75.9802,-11,-95,-14,-108,-0.0391,0.3225,0.0002,-807.2402,997.6175,1.1968,,,,,,,
75.9903,-13,-90,0,0,-0.0207,0.1464,-0.0021,-807.3840,997.6519,1.1948,,,,,,,
76.0004,0,0,-13,-106,-0.0200,0.1648,0.0024,-807.5447,997.6936,1.1971,,,,,,,
76.0105,-10,-89,0,0,-0.0159,0.1448,-0.0021,-807.6852,997.7318,1.1950,,,,,,,
76.0206,-9,-88,-14,-110,-0.0359,0.3142,0.0004,-807.9907,997.8136,1.1954,,,,,,,
76.0307,0,0,-12,-112,-0.0185,0.1741,0.0025,-808.1596,997.8600,1.1979,,,,,,,
76.0408,-14,-97,0,0,-0.0223,0.1578,-0.0023,-808.3146,997.8970,1.1957,,,,,,,
76.0508,0,0,-11,-111,-0.0170,0.1726,0.0025,-808.4814,997.9442,1.1981,,,,,,,
76.0609,-10,-88,-12,-114,-0.0344,0.3204,0.0005,-808.7924,998.0287,1.1986,,,,,,,
76.0710,-9,-93,0,0,-0.0143,0.1513,-0.0022,-808.9385,998.0706,1.1965,,,,,,,
76.0811,0,0,-8,-110,-0.0123,0.1710,0.0024,-809.1022,998.1214,1.1989,,,,,,,
76.0911,-6,-88,0,0,-0.0095,0.1432,-0.0020,-809.2390,998.1647,1.1969,,,,,,,
76.1012,-19,-86,-12,-108,-0.0487,0.3078,0.0004,-809.5434,998.2317,1.1973,,,,,,,
76.1113,0,0,-15,-112,-0.0231,0.1741,0.0025,-809.7140,998.2735,1.1997,,,,,,,
76.1117,,,,,,,,,,,-551.1541,1260.1027,0.7554,-0.2560,2.9153,0.0010,1
76.1214,-9,-79,0,0,-0.0143,0.1285,-0.0018,-809.8390,998.3069,1.1979,,,,,,,
76.1315,0,0,-16,-102,-0.0247,0.1586,0.0023,-809.9957,998.3415,1.2002,,,,,,,
76.1415,-11,-80,-12,-106,-0.0360,0.2950,0.0005,-810.2837,998.4147,1.2007,,,,,,,
76.1516,-13,-90,0,0,-0.0207,0.1464,-0.0021,-810.4276,998.4486,1.1986,,,,,,,
76.1617,0,0,-12,-102,-0.0185,0.1586,0.0023,-810.5821,998.4888,1.2008,,,,,,,
76.1718,-8,-81,-11,-95,-0.0297,0.2795,0.0002,-810.8534,998.5622,1.2011,,,,,,,
76.1818,-13,-84,0,0,-0.0207,0.1367,-0.0020,-810.9883,998.5924,1.1991,,,,,,,
76.1919,0,0,-13,-111,-0.0200,0.1726,0.0025,-811.1564,998.6362,1.2016,,,,,,,
76.2020,-7,-91,0,0,-0.0111,0.1480,-0.0021,-811.2984,998.6794,1.1995,,,,,,,
76.2121,-1,-83,-5,-100,-0.0093,0.2905,0.0003,-811.5725,998.7761,1.1998,,,,,,,
76.2221,0,0,-4,-98,-0.0062,0.1524,0.0022,-811.7168,998.8255,1.2019,,,,,,,
76.2322,-1,-95,0,0,-0.0016,0.1546,-0.0022,-811.8615,998.8799,1.1997,,,,,,,
76.2423,0,0,-4,-108,-0.0062,0.1679,0.0024,-812.0203,998.9348,1.2021,,,,,,,
76.2458,,,,,,,,,,,-552.8813,1263.2905,0.7550,0.9281,3.5049,-0.0004,1
76.2524,-1,-80,-8,-93,-0.0139,0.2747,0.0002,-812.2816,999.0208,1.2023,,,,,,,
76.2624,-5,-70,0,0,-0.0080,0.1139,-0.0016,-812.3907,999.0545,1.2007,,,,,,,
76.2725,0,0,-15,-107,-0.0231,0.1664,0.0024,-812.5542,999.0929,1.2031,,,,,,,
76.2826,-7,-87,0,0,-0.0111,0.1415,-0.0020,-812.6902,999.1335,1.2011,,,,,,,
76.2927,-7,-77,-8,-103,-0.0235,0.2854,0.0005,-812.9648,999.2147,1.2016,,,,,,,
76.3027,0,0,-12,-101,-0.0185,0.1570,0.0022,-813.1180,999.2540,1.2038,,,,,,,
76.3128,-11,-81,0,0,-0.0175,0.1318,-0.0019,-813.2473,999.2850,1.2019,,,,,,,
76.3229,0,0,-14,-108,-0.0216,0.1679,0.0024,-813.4117,999.3252,1.2043,,,,,,,
76.3330,-8,-84,-9,-107,-0.0266,0.3030,0.0004,-813.7041,999.4089,1.2047,,,,,,,
76.3430,-6,-93,0,0,-0.0095,0.1513,-0.0022,-813.8488,999.4543,1.2026,,,,,,,
76.3531,0,0,-11,-111,-0.0170,0.1726,0.0025,-814.0160,999.5004,1.2050,,,,,,,
76.3632,-9,-95,0,0,-0.0143,0.1546,-0.0022,-814.1654,999.5425,1.2028,,,,,,,
76.3733,-7,-82,-11,-106,-0.0281,0.2982,0.0004,-814.4537,999.6235,1.2033,,,,,,,
76.3834,0,0,-14,-102,-0.0216,0.1586,0.0023,-814.6095,999.6601,1.2056,,,,,,,
76.3934,-11,-94,0,0,-0.0175,0.1529,-0.0022,-814.7586,999.6986,1.2034,,,,,,,
76.3958,,,,,,,,,,,-555.4897,1264.2333,0.7592,-1.2535,2.4741,0.0042,1
76.4035,0,0,-15,-120,-0.0231,0.1866,0.0027,-814.9411,999.7438,1.2060,,,,,,,
76.4136,-6,-87,-8,-92,-0.0219,0.2846,0.0000,-815.2147,999.8248,1.2061,,,,,,,
76.4237,-5,-74,0,0,-0.0080,0.1204,-0.0017,-815.3300,999.8604,1.2043,,,,,,,
76.4337,0,0,-15,-109,-0.0231,0.1695,0.0024,-815.4965,999.8994,1.2068,,,,,,,
76.4438,-12,-87,-15,-120,-0.0422,0.3281,0.0006,-815.8182,999.9766,1.2074,,,,,,,
76.4539,-11,-84,0,0,-0.0175,0.1367,-0.0020,-815.9521,1000.0090,1.2054,,,,,,,
76.4640,0,0,-13,-105,-0.0200,0.1632,0.0023,-816.1118,1000.0484,1.2078,,,,,,,
76.4740,-9,-80,0,0,-0.0143,0.1301,-0.0019,-816.2385,1000.0814,1.2059,,,,,,,
76.4841,-9,-88,-19,-109,-0.0436,0.3126,0.0004,-816.5461,1000.1521,1.2063,,,,,,,
76.4942,0,0,-9,-104,-0.0139,0.1617,0.0023,-816.7022,1000.1966,1.2086,,,,,,,
76.5043,-3,-85,0,0,-0.0048,0.1383,-0.0020,-816.8332,1000.2413,1.2066,,,,,,,
76.5143,0,0,-14,-112,-0.0216,0.1741,0.0025,-817.0036,1000.2829,1.2091,,,,,,,
76.5244,-8,-80,-8,-99,-0.0251,0.2841,0.0003,-817.2782,1000.3600,1.2095,,,,,,,
76.5291,,,,,,,,,,,-557.0028,1266.6770,0.7601,0.5847,2.8142,0.0009,1
76.5345,-3,-90,0,0,-0.0048,0.1464,-0.0021,-817.4168,1000.4074,1.2074,,,,,,,
76.5446,0,0,-3,-93,-0.0046,0.1446,0.0021,-817.5536,1000.4543,1.2094,,,,,,,
76.5547,-1,-85,0,0,-0.0016,0.1383,-0.0020,-817.6835,1000.5019,1.2075,,,,,,,
76.5647,-9,-87,-12,-105,-0.0328,0.3048,0.0003,-817.9801,1000.5795,1.2078,,,,,,,
76.5748,0,0,-11,-98,-0.0170,0.1524,0.0022,-818.1286,1000.6175,1.2099,,,,,,,
76.5849,-10,-75,0,0,-0.0159,0.1220,-0.0017,-818.2483,1000.6459,1.2082,,,,,,,
76.5950,0,0,-10,-102,-0.0154,0.1586,0.0023,-818.4021,1000.6875,1.2105,,,,,,,
76.6050,-7,-82,-11,-95,-0.0281,0.2811,0.0002,-818.6751,1000.7603,1.2107,,,,,,,
76.6151,-9,-80,0,0,-0.0143,0.1301,-0.0019,-818.8019,1000.7929,1.2088,,,,,,,
76.6252,0,0,-11,-92,-0.0170,0.1430,0.0020,-818.9417,1000.8275,1.2109,,,,,,,
76.6353,-5,-70,0,0,-0.0080,0.1139,-0.0016,-819.0511,1000.8603,1.2092,,,,,,,
76.6453,-6,-92,-11,-105,-0.0265,0.3129,0.0002,-819.3531,1000.9462,1.2094,,,,,,,
76.6554,0,0,-9,-99,-0.0139,0.1539,0.0022,-819.5021,1000.9874,1.2116,,,,,,,
76.6645,,,,,,,,,,,-559.2209,1268.4938,0.7624,-0.3557,2.8450,0.0022,1
76.6655,-3,-79,0,0,-0.0048,0.1285,-0.0018,-819.6240,1001.0283,1.2098,,,,,,,
76.6756,0,0,-4,-87,-0.0062,0.1353,0.0019,-819.7528,1001.0701,1.2117,,,,,,,
76.6857,-6,-88,-13,-120,-0.0296,0.3297,0.0006,-820.0719,1001.1582,1.2123,,,,,,,
76.6957,-9,-103,0,0,-0.0143,0.1676,-0.0024,-820.2338,1001.2038,1.2099,,,,,,,
76.7058,0,0,-10,-117,-0.0154,0.1819,0.0026,-820.4095,1001.2534,1.2125,,,,,,,
76.7159,-8,-90,-14,-97,-0.0343,0.2972,0.0001,-820.6999,1001.3254,1.2126,,,,,,,
76.7259,-15,-81,0,0,-0.0239,0.1318,-0.0019,-820.8316,1001.3494,1.2107,,,,,,,
76.7360,0,0,-13,-114,-0.0200,0.1772,0.0025,-821.0046,1001.3929,1.2133,,,,,,,
76.7461,-9,-98,0,0,-0.0143,0.1594,-0.0023,-821.1589,1001.4355,1.2110,,,,,,,
76.7561,-13,-82,-15,-113,-0.0438,0.3091,0.0006,-821.4637,1001.5032,1.2116,,,,,,,
76.7662,0,0,-15,-103,-0.0231,0.1601,0.0023,-821.6218,1001.5377,1.2139,,,,,,,
76.7763,-12,-81,0,0,-0.0191,0.1318,-0.0019,-821.7519,1001.5659,1.2120,,,,,,,
76.7864,0,0,-14,-91,-0.0216,0.1415,0.0020,-821.8920,1001.5953,1.2140,,,,,,,
76.7964,-10,-91,-12,-122,-0.0344,0.3377,0.0006,-822.2205,1001.6809,1.2146,,,,,,,
76.8065,-18,-89,0,0,-0.0286,0.1448,-0.0021,-822.3661,1001.7047,1.2125,,,,,,,
76.8110,,,,,,,,,,,-560.9338,1270.3913,0.7628,0.0716,2.5552,0.0005,1
76.8166,0,0,-12,-115,-0.0185,0.1788,0.0026,-822.5401,1001.7498,1.2151,,,,,,,
76.8267,-8,-96,0,0,-0.0127,0.1562,-0.0022,-822.6909,1001.7925,1.2129,,,,,,,
76.8367,-12,-98,-12,-105,-0.0376,0.3227,0.0001,-823.0063,1001.8703,1.2129,,,,,,,
76.8469,0,0,-11,-120,-0.0170,0.1866,0.0027,-823.1871,1001.9195,1.2156,,,,,,,
76.8570,-7,-97,0,0,-0.0111,0.1578,-0.0023,-823.3388,1001.9642,1.2133,,,,,,,
76.8670,0,0,-13,-106,-0.0200,0.1648,0.0024,-823.5003,1002.0029,1.2157,,,,,,,
76.8771,-8,-83,-13,-110,-0.0328,0.3061,0.0005,-823.7986,1002.0785,1.2162,,,,,,,
76.8872,-10,-86,0,0,-0.0159,0.1399,-0.0020,-823.9353,1002.1123,1.2142,,,,,,,
76.8973,0,0,-7,-103,-0.0108,0.1601,0.0023,-824.0892,1002.1579,1.2165,,,,,,,
76.9073,1,-80,0,0,0.0016,0.1301,-0.0019,-824.2107,1002.2046,1.2146,,,,,,,
76.9174,-7,-82,-8,-101,-0.0235,0.2904,0.0003,-824.4911,1002.2839,1.2150,,,,,,,
76.9275,0,0,-14,-102,-0.0216,0.1586,0.0023,-824.6473,1002.3187,1.2172,,,,,,,
76.9376,-15,-88,0,0,-0.0239,0.1432,-0.0020,-824.7898,1002.3460,1.2152,,,,,,,
76.9477,-4,-84,-7,-103,-0.0172,0.2968,0.0003,-825.0741,1002.4332,1.2155,,,,,,,
76.9494,,,,,,,,,,,-563.7937,1271.5345,0.7657,-1.2774,2.8026,0.0029,1
76.9577,0,0,-6,-103,-0.0093,0.1601,0.0023,-825.2275,1002.4801,1.2178,,,,,,,
76.9678,-6,-88,0,0,-0.0095,0.1432,-0.0020,-825.3651,1002.5208,1.2158,,,,,,,
76.9779,0,0,-7,-103,-0.0108,0.1601,0.0023,-825.5190,1002.5662,1.2180,,,,,,,
76.9880,-1,-87,-3,-99,-0.0062,0.2955,0.0002,-825.7984,1002.6624,1.2182,,,,,,,
76.9980,-1,-86,0,0,-0.0016,0.1399,-0.0020,-825.9302,1002.7093,1.2162,,,,,,,
77.0081,0,0,-8,-103,-0.0123,0.1601,0.0023,-826.0848,1002.7532,1.2185,,,,,,,
77.0182,-3,-92,0,0,-0.0048,0.1497,-0.0021,-826.2268,1002.8005,1.2164,,,,,,,
77.0283,-3,-80,-4,-97,-0.0109,0.2810,0.0003,-826.4941,1002.8877,1.2167,,,,,,,
77.0384,0,0,-11,-105,-0.0170,0.1632,0.0023,-826.6532,1002.9282,1.2190,,,,,,,
77.0484,-10,-87,0,0,-0.0159,0.1415,-0.0020,-826.7915,1002.9622,1.2170,,,,,,,
77.0585,0,0,-14,-110,-0.0216,0.1710,0.0024,-826.9595,1003.0010,1.2194,,,,,,,
77.0686,-6,-82,-14,-104,-0.0311,0.2951,0.0004,-827.2473,1003.0733,1.2198,,,,,,,
77.0787,-16,-79,0,0,-0.0254,0.1285,-0.0018,-827.3767,1003.0937,1.2180,,,,,,,
77.0887,0,0,-16,-112,-0.0247,0.1741,0.0025,-827.5486,1003.1305,1.2205,,,,,,,
77.0936,,,,,,,,,,,-565.0414,1273.2795,0.7668,0.3099,2.1227,0.0011,1
77.0988,-10,-86,0,0,-0.0159,0.1399,-0.0020,-827.6855,1003.1637,1.2185,,,,,,,
77.1089,-15,-93,-13,-112,-0.0439,0.3254,0.0003,-828.0061,1003.2348,1.2188,,,,,,,
77.1190,0,0,-16,-121,-0.0247,0.1881,0.0027,-828.1912,1003.2762,1.2215,,,,,,,
77.1290,-7,-92,0,0,-0.0111,0.1497,-0.0021,-828.3356,1003.3171,1.2194,,,,,,,
77.1391,0,0,-12,-114,-0.0185,0.1772,0.0025,-828.5085,1003.3605,1.2219,,,,,,,
77.1492,-2,-92,-6,-99,-0.0124,0.3036,0.0001,-828.7980,1003.4526,1.2219,,,,,,,
77.1593,-8,-83,0,0,-0.0127,0.1350,-0.0019,-828.9292,1003.4870,1.2200,,,,,,,
77.1694,0,0,-16,-118,-0.0247,0.1835,0.0026,-829.1101,1003.5266,1.2226,,,,,,,
77.1794,-11,-91,0,0,-0.0175,0.1480,-0.0021,-829.2552,1003.5608,1.2205,,,,,,,
77.1895,-4,-85,-12,-109,-0.0249,0.3078,0.0004,-829.5528,1003.6430,1.2210,,,,,,,
77.1996,0,0,-12,-116,-0.0185,0.1804,0.0026,-829.7286,1003.6872,1.2235,,,,,,,
77.2097,-6,-93,0,0,-0.0095,0.1513,-0.0022,-829.8741,1003.7299,1.2214,,,,,,,
77.2197,-7,-82,-15,-112,-0.0343,0.3075,0.0006,-830.1748,1003.8029,1.2220,,,,,,,
77.2291,,,,,,,,,,,-567.2769,1276.3301,0.7681,0.5066,3.7480,0.0013,1
77.2298,0,0,-14,-101,-0.0216,0.1570,0.0022,-830.3298,1003.8361,1.2242,,,,,,,
77.2399,-11,-92,0,0,-0.0175,0.1497,-0.0021,-830.4764,1003.8706,1.2221,,,,,,,
77.2500,0,0,-13,-111,-0.0200,0.1726,0.0025,-830.6455,1003.9106,1.2245,,,,,,,
77.2600,-6,-88,-5,-102,-0.0173,0.3017,0.0002,-830.9352,1003.9967,1.2248,,,,,,,
77.2701,-1,-80,0,0,-0.0016,0.1301,-0.0019,-831.0582,1004.0395,1.2229,,,,,,,
77.2802,0,0,-12,-101,-0.0185,0.1570,0.0022,-831.2121,1004.0754,1.2251,,,,,,,
77.2903,-10,-86,0,0,-0.0159,0.1399,-0.0020,-831.3491,1004.1080,1.2231,,,,,,,
77.3003,-8,-89,-10,-110,-0.0281,0.3158,0.0004,-831.6556,1004.1891,1.2235,,,,,,,
77.3104,0,0,-8,-104,-0.0123,0.1617,0.0023,-831.8119,1004.2323,1.2258,,,,,,,
77.3205,-5,-88,0,0,-0.0080,0.1432,-0.0020,-831.9493,1004.2734,1.2238,,,,,,,
77.3306,0,0,-6,-108,-0.0093,0.1679,0.0024,-832.1104,1004.3216,1.2262,,,,,,,
77.3407,1,-92,-5,-103,-0.0061,0.3098,0.0001,-832.4041,1004.4205,1.2263,,,,,,,
77.3507,-3,-83,0,0,-0.0048,0.1350,-0.0019,-832.5328,1004.4617,1.2244,,,,,,,
77.3608,0,0,-5,-99,-0.0077,0.1539,0.0022,-832.6802,1004.5066,1.2266,,,,,,,
77.3709,-8,-87,0,0,-0.0127,0.1415,-0.0020,-832.8177,1004.5425,1.2246,,,,,,,
77.3757,,,,,,,,,,,-569.5506,1278.7105,0.7688,0.0184,3.2917,0.0007,1
77.3810,-4,-87,-11,-100,-0.0233,0.2970,0.0002,-833.1050,1004.6213,1.2248,,,,,,,
77.3912,0,0,-5,-99,-0.0077,0.1539,0.0022,-833.2525,1004.6661,1.2270,,,,,,,
77.4013,-1,-81,0,0,-0.0016,0.1318,-0.0019,-833.3770,1004.7092,1.2251,,,,,,,
77.4114,0,0,-7,-102,-0.0108,0.1586,0.0023,-833.5299,1004.7526,1.2274,,,,,,,
77.4215,-8,-93,-9,-109,-0.0266,0.3208,0.0003,-833.8409,1004.8355,1.2276,,,,,,,
77.4315,-3,-99,0,0,-0.0048,0.1611,-0.0023,-833.9942,1004.8854,1.2253,,,,,,,
77.4416,0,0,-7,-104,-0.0108,0.1617,0.0023,-834.1500,1004.9298,1.2276,,,,,,,
77.4517,-4,-76,-7,-83,-0.0172,0.2527,0.0001,-834.3937,1004.9986,1.2277,,,,,,,
77.4618,-4,-57,0,0,-0.0064,0.0927,-0.0013,-834.4832,1005.0239,1.2264,,,,,,,
77.4719,0,0,-7,-63,-0.0108,0.0979,0.0014,-834.5790,1005.0468,1.2278,,,,,,,
77.4819,-3,-46,0,0,-0.0048,0.0748,-0.0011,-834.6511,1005.0675,1.2267,,,,,,,
77.4920,-4,-42,-8,-55,-0.0187,0.1538,0.0002,-834.8022,1005.1017,1.2270,,,,,,,
77.5021,0,0,-5,-41,-0.0077,0.0637,0.0009,-834.8649,1005.1159,1.2279,,,,,,,
77.5108,,,,,,,,,,,-571.7650,1280.0891,0.7698,-0.6331,2.5304,0.0010,1
77.5122,-3,-30,0,0,-0.0048,0.0488,-0.0007,-834.9124,1005.1279,1.2272,,,,,,,
77.5222,0,0,-4,-30,-0.0062,0.0466,0.0007,-834.9584,1005.1378,1.2278,,,,,,,
77.5323,-3,-19,-3,-16,-0.0094,0.0558,-0.0001,-835.0141,1005.1477,1.2277,,,,,,,
77.5424,-2,-7,0,0,-0.0032,0.0114,-0.0002,-835.0259,1005.1485,1.2276,,,,,,,
77.5525,0,0,0,-5,0.0000,0.0078,0.0001,-835.0332,1005.1511,1.2277,,,,,,,
77.5625,0,-1,0,0,0.0000,0.0016,-0.0000,-835.0348,1005.1517,1.2277,,,,,,,
77.5726,0,0,0,-1,0.0000,0.0016,0.0000,-835.0362,1005.1522,1.2277,,,,,,,
77.5827,0,0,0,0,0.0000,0.0000,0.0000,-835.0362,1005.1522,1.2277,,,,,,,
77.5928,0,0,0,0,0.0000,0.0000,0.0000,-835.0362,1005.1522,1.2277,,,,,,,
77.6028,0,0,0,0,0.0000,0.0000,0.0000,-835.0362,1005.1522,1.2277,,,,,,,
77.6129,0,0,0,0,0.0000,0.0000,0.0000,-835.0362,1005.1522,1.2277,,,,,,,
77.6230,0,0,0,0,0.0000,0.0000,0.0000,-835.0362,1005.1522,1.2277,,,,,,,
77.6331,0,0,0,0,0.0000,0.0000,0.0000,-835.0362,1005.1522,1.2277,,,,,,,
77.6431,0,0,0,0,0.0000,0.0000,0.0000,-835.0362,1005.1522,1.2277,,,,,,,
77.6464,,,,,,,,,,,-572.4398,1281.2087,0.7697,0.2946,1.2736,-0.0001,1
77.6532,0,0,0,0,0.0000,0.0000,0.0000,-835.0362,1005.1522,1.2277,,,,,,,
77.6633,0,0,0,0,0.0000,0.0000,0.0000,-835.0362,1005.1522,1.2277,,,,,,,
77.6734,0,0,0,0,0.0000,0.0000,0.0000,-835.0362,1005.1522,1.2277,,,,,,,
77.6834,0,0,0,0,0.0000,0.0000,0.0000,-835.0362,1005.1522,1.2277,,,,,,,
77.6935,0,0,0,0,0.0000,0.0000,0.0000,-835.0362,1005.1522,1.2277,,,,,,,
77.7036,0,0,0,0,0.0000,0.0000,0.0000,-835.0362,1005.1522,1.2277,,,,,,,
77.7137,0,0,0,0,0.0000,0.0000,0.0000,-835.0362,1005.1522,1.2277,,,,,,,
77.7237,0,0,0,0,0.0000,0.0000,0.0000,-835.0362,1005.1522,1.2277,,,,,,,
77.7338,0,0,0,0,0.0000,0.0000,0.0000,-835.0362,1005.1522,1.2277,,,,,,,
77.7439,0,0,0,0,0.0000,0.0000,0.0000,-835.0362,1005.1522,1.2277,,,,,,,
77.7539,0,0,0,0,0.0000,0.0000,0.0000,-835.0362,1005.1522,1.2277,,,,,,,
77.7640,0,0,0,0,0.0000,0.0000,0.0000,-835.0362,1005.1522,1.2277,,,,,,,
77.7741,0,0,0,0,0.0000,0.0000,0.0000,-835.0362,1005.1522,1.2277,,,,,,,
77.7841,0,0,0,0,0.0000,0.0000,0.0000,-835.0362,1005.1522,1.2277,,,,,,,
77.7930,,,,,,,,,,,-571.9181,1280.4819,0.7715,-0.1310,-0.8850,0.0019,1
77.7942,0,0,0,0,0.0000,0.0000,0.0000,-835.0362,1005.1522,1.2277,,,,,,,
77.8043,0,0,0,0,0.0000,0.0000,0.0000,-835.0362,1005.1522,1.2277,,,,,,,
77.8143,0,0,0,0,0.0000,0.0000,0.0000,-835.0362,1005.1522,1.2277,,,,,,,
77.8244,0,0,0,0,0.0000,0.0000,0.0000,-835.0362,1005.1522,1.2277,,,,,,,
77.8345,0,0,0,0,0.0000,0.0000,0.0000,-835.0362,1005.1522,1.2277,,,,,,,
77.8446,0,0,0,0,0.0000,0.0000,0.0000,-835.0362,1005.1522,1.2277,,,,,,,
77.8546,0,0,0,-1,0.0000,0.0016,0.0000,-835.0377,1005.1527,1.2277,,,,,,,
77.8647,0,0,0,0,0.0000,0.0000,0.0000,-835.0377,1005.1527,1.2277,,,,,,,
77.8748,0,0,0,0,0.0000,0.0000,0.0000,-835.0377,1005.1527,1.2277,,,,,,,
77.8849,0,0,0,0,0.0000,0.0000,0.0000,-835.0377,1005.1527,1.2277,,,,,,,
77.8949,0,0,0,0,0.0000,0.0000,0.0000,-835.0377,1005.1527,1.2277,,,,,,,
77.9050,0,0,0,0,0.0000,0.0000,0.0000,-835.0377,1005.1527,1.2277,,,,,,,
77.9151,0,0,0,0,0.0000,0.0000,0.0000,-835.0377,1005.1527,1.2277,,,,,,,
77.9252,0,0,0,0,0.0000,0.0000,0.0000,-835.0377,1005.1527,1.2277,,,,,,,
77.9291,,,,,,,,,,,-573.4786,1281.4152,0.7713,-0.4679,1.7570,-0.0003,1
77.9352,0,0,0,0,0.0000,0.0000,0.0000,-835.0377,1005.1527,1.2277,,,,,,,
77.9453,0,0,0,0,0.0000,0.0000,0.0000,-835.0377,1005.1527,1.2277,,,,,,,
77.9554,0,0,0,0,0.0000,0.0000,0.0000,-835.0377,1005.1527,1.2277,,,,,,,
77.9654,0,0,0,0,0.0000,0.0000,0.0000,-835.0377,1005.1527,1.2277,,,,,,,
77.9755,0,0,0,0,0.0000,0.0000,0.0000,-835.0377,1005.1527,1.2277,,,,,,,
77.9856,0,0,0,0,0.0000,0.0000,0.0000,-835.0377,1005.1527,1.2277,,,,,,,
77.9957,0,0,0,0,0.0000,0.0000,0.0000,-835.0377,1005.1527,1.2277,,,,,,,
78.0057,0,0,0,0,0.0000,0.0000,0.0000,-835.0377,1005.1527,1.2277,,,,,,,
78.0159,0,0,0,0,0.0000,0.0000,0.0000,-835.0377,1005.1527,1.2277,,,,,,,
78.0260,0,0,0,0,0.0000,0.0000,0.0000,-835.0377,1005.1527,1.2277,,,,,,,
78.0360,0,0,0,0,0.0000,0.0000,0.0000,-835.0377,1005.1527,1.2277,,,,,,,
78.0461,0,0,0,0,0.0000,0.0000,0.0000,-835.0377,1005.1527,1.2277,,,,,,,
78.0562,0,0,0,0,0.0000,0.0000,0.0000,-835.0377,1005.1527,1.2277,,,,,,,
78.0663,0,0,0,0,0.0000,0.0000,0.0000,-835.0377,1005.1527,1.2277,,,,,,,
78.0747,,,,,,,,,,,-573.2389,1281.0342,0.7711,-0.0937,-0.4402,-0.0002,1
78.0763,0,0,0,0,0.0000,0.0000,0.0000,-835.0377,1005.1527,1.2277,,,,,,,
78.0864,0,0,0,0,0.0000,0.0000,0.0000,-835.0377,1005.1527,1.2277,,,,,,,
78.0965,0,0,0,0,0.0000,0.0000,0.0000,-835.0377,1005.1527,1.2277,,,,,,,
78.1066,0,0,0,0,0.0000,0.0000,0.0000,-835.0377,1005.1527,1.2277,,,,,,,
78.1167,0,0,0,0,0.0000,0.0000,0.0000,-835.0377,1005.1527,1.2277,,,,,,,
78.1267,0,0,0,0,0.0000,0.0000,0.0000,-835.0377,1005.1527,1.2277,,,,,,,
78.1368,0,0,0,0,0.0000,0.0000,0.0000,-835.0377,1005.1527,1.2277,,,,,,,
78.1469,0,0,0,0,0.0000,0.0000,0.0000,-835.0377,1005.1527,1.2277,,,,,,,
78.1570,0,0,0,0,0.0000,0.0000,0.0000,-835.0377,1005.1527,1.2277,,,,,,,
78.1670,0,0,0,0,0.0000,0.0000,0.0000,-835.0377,1005.1527,1.2277,,,,,,,
78.1771,0,0,0,0,0.0000,0.0000,0.0000,-835.0377,1005.1527,1.2277,,,,,,,
78.1872,0,0,0,0,0.0000,0.0000,0.0000,-835.0377,1005.1527,1.2277,,,,,,,
78.1973,0,0,0,0,0.0000,0.0000,0.0000,-835.0377,1005.1527,1.2277,,,,,,,
78.2073,0,0,0,0,0.0000,0.0000,0.0000,-835.0377,1005.1527,1.2277,,,,,,,
78.2105,,,,,,,,,,,-573.8800,1282.0020,0.7711,0.2147,1.1408,0.0000,1
78.2174,0,0,0,0,0.0000,0.0000,0.0000,-835.0377,1005.1527,1.2277,,,,,,,
78.2275,0,0,0,0,0.0000,0.0000,0.0000,-835.0377,1005.1527,1.2277,,,,,,,
78.2375,0,0,0,0,0.0000,0.0000,0.0000,-835.0377,1005.1527,1.2277,,,,,,,
78.2476,0,0,0,0,0.0000,0.0000,0.0000,-835.0377,1005.1527,1.2277,,,,,,,
78.2577,0,0,0,0,0.0000,0.0000,0.0000,-835.0377,1005.1527,1.2277,,,,,,,
78.2678,0,0,0,0,0.0000,0.0000,0.0000,-835.0377,1005.1527,1.2277,,,,,,,
78.2778,0,0,0,0,0.0000,0.0000,0.0000,-835.0377,1005.1527,1.2277,,,,,,,
78.2879,0,0,0,0,0.0000,0.0000,0.0000,-835.0377,1005.1527,1.2277,,,,,,,
78.2980,0,0,0,0,0.0000,0.0000,0.0000,-835.0377,1005.1527,1.2277,,,,,,,
78.3081,0,0,0,0,0.0000,0.0000,0.0000,-835.0377,1005.1527,1.2277,,,,,,,
78.3181,0,0,0,0,0.0000,0.0000,0.0000,-835.0377,1005.1527,1.2277,,,,,,,
78.3282,0,0,0,0,0.0000,0.0000,0.0000,-835.0377,1005.1527,1.2277,,,,,,,
78.3383,0,0,0,0,0.0000,0.0000,0.0000,-835.0377,1005.1527,1.2277,,,,,,,
78.3452,,,,,,,,,,,-573.5413,1281.5873,0.7707,-0.0461,-0.5334,-0.0004,1
78.3483,0,0,0,0,0.0000,0.0000,0.0000,-835.0377,1005.1527,1.2277,,,,,,,
78.3584,0,0,0,0,0.0000,0.0000,0.0000,-835.0377,1005.1527,1.2277,,,,,,,
78.3685,0,0,0,0,0.0000,0.0000,0.0000,-835.0377,1005.1527,1.2277,,,,,,,
78.3786,0,0,0,0,0.0000,0.0000,0.0000,-835.0377,1005.1527,1.2277,,,,,,,
78.3887,0,0,0,0,0.0000,0.0000,0.0000,-835.0377,1005.1527,1.2277,,,,,,,
78.3987,0,0,0,0,0.0000,0.0000,0.0000,-835.0377,1005.1527,1.2277,,,,,,,
78.4088,0,0,0,0,0.0000,0.0000,0.0000,-835.0377,1005.1527,1.2277,,,,,,,
78.4189,0,0,0,0,0.0000,0.0000,0.0000,-835.0377,1005.1527,1.2277,,,,,,,
78.4289,0,0,0,0,0.0000,0.0000,0.0000,-835.0377,1005.1527,1.2277,,,,,,,
78.4390,0,0,0,0,0.0000,0.0000,0.0000,-835.0377,1005.1527,1.2277,,,,,,,
78.4491,0,0,0,0,0.0000,0.0000,0.0000,-835.0377,1005.1527,1.2277,,,,,,,
78.4592,0,0,0,0,0.0000,0.0000,0.0000,-835.0377,1005.1527,1.2277,,,,,,,
78.4692,0,0,0,0,0.0000,0.0000,0.0000,-835.0377,1005.1527,1.2277,,,,,,,
78.4793,0,0,0,0,0.0000,0.0000,0.0000,-835.0377,1005.1527,1.2277,,,,,,,
78.4894,0,0,0,0,0.0000,0.0000,0.0000,-835.0377,1005.1527,1.2277,,,,,,,
78.4931,,,,,,,,,,,-573.7239,1281.6003,0.7714,-0.1220,0.1365,0.0007,1
78.4995,0,0,0,0,0.0000,0.0000,0.0000,-835.0377,1005.1527,1.2277,,,,,,,
78.5095,0,0,0,0,0.0000,0.0000,0.0000,-835.0377,1005.1527,1.2277,,,,,,,
78.5196,0,0,0,0,0.0000,0.0000,0.0000,-835.0377,1005.1527,1.2277,,,,,,,
78.5297,0,0,0,0,0.0000,0.0000,0.0000,-835.0377,1005.1527,1.2277,,,,,,,
78.5397,0,0,0,0,0.0000,0.0000,0.0000,-835.0377,1005.1527,1.2277,,,,,,,
78.5498,0,0,0,0,0.0000,0.0000,0.0000,-835.0377,1005.1527,1.2277,,,,,,,
78.5599,0,0,0,0,0.0000,0.0000,0.0000,-835.0377,1005.1527,1.2277,,,,,,,
78.5700,0,0,0,0,0.0000,0.0000,0.0000,-835.0377,1005.1527,1.2277,,,,,,,
78.5800,0,0,0,0,0.0000,0.0000,0.0000,-835.0377,1005.1527,1.2277,,,,,,,
78.5901,0,0,0,0,0.0000,0.0000,0.0000,-835.0377,1005.1527,1.2277,,,,,,,
78.6002,0,0,0,0,0.0000,0.0000,0.0000,-835.0377,1005.1527,1.2277,,,,,,,
78.6103,0,0,0,0,0.0000,0.0000,0.0000,-835.0377,1005.1527,1.2277,,,,,,,
78.6203,0,0,0,0,0.0000,0.0000,0.0000,-835.0377,1005.1527,1.2277,,,,,,,
78.6285,,,,,,,,,,,-574.0547,1281.1085,0.7718,-0.5800,-0.1219,0.0004,1
78.6304,0,0,0,0,0.0000,0.0000,0.0000,-835.0377,1005.1527,1.2277,,,,,,,
78.6405,0,0,0,0,0.0000,0.0000,0.0000,-835.0377,1005.1527,1.2277,,,,,,,
78.6505,0,0,0,0,0.0000,0.0000,0.0000,-835.0377,1005.1527,1.2277,,,,,,,
78.6606,0,0,0,0,0.0000,0.0000,0.0000,-835.0377,1005.1527,1.2277,,,,,,,
78.6707,0,0,0,0,0.0000,0.0000,0.0000,-835.0377,1005.1527,1.2277,,,,,,,
78.6808,0,0,0,0,0.0000,0.0000,0.0000,-835.0377,1005.1527,1.2277,,,,,,,
78.6908,0,0,0,0,0.0000,0.0000,0.0000,-835.0377,1005.1527,1.2277,,,,,,,
78.7009,0,0,0,0,0.0000,0.0000,0.0000,-835.0377,1005.1527,1.2277,,,,,,,
78.7110,0,0,0,0,0.0000,0.0000,0.0000,-835.0377,1005.1527,1.2277,,,,,,,
78.7211,0,0,0,0,0.0000,0.0000,0.0000,-835.0377,1005.1527,1.2277,,,,,,,
78.7311,0,0,0,0,0.0000,0.0000,0.0000,-835.0377,1005.1527,1.2277,,,,,,,
78.7412,0,0,0,0,0.0000,0.0000,0.0000,-835.0377,1005.1527,1.2277,,,,,,,
78.7513,0,0,0,0,0.0000,0.0000,0.0000,-835.0377,1005.1527,1.2277,,,,,,,
78.7614,0,0,0,0,0.0000,0.0000,0.0000,-835.0377,1005.1527,1.2277,,,,,,,
78.7714,0,0,0,0,0.0000,0.0000,0.0000,-835.0377,1005.1527,1.2277,,,,,,,
78.7751,,,,,,,,,,,-573.9172,1280.9565,0.7723,-0.0075,-0.2049,0.0005,1
78.7815,0,0,0,0,0.0000,0.0000,0.0000,-835.0377,1005.1527,1.2277,,,,,,,
78.7916,0,0,0,0,0.0000,0.0000,0.0000,-835.0377,1005.1527,1.2277,,,,,,,
78.8016,0,0,0,0,0.0000,0.0000,0.0000,-835.0377,1005.1527,1.2277,,,,,,,
78.8117,0,0,0,0,0.0000,0.0000,0.0000,-835.0377,1005.1527,1.2277,,,,,,,
78.8218,0,0,0,0,0.0000,0.0000,0.0000,-835.0377,1005.1527,1.2277,,,,,,,
78.8319,0,0,0,0,0.0000,0.0000,0.0000,-835.0377,1005.1527,1.2277,,,,,,,
78.8419,0,0,0,0,0.0000,0.0000,0.0000,-835.0377,1005.1527,1.2277,,,,,,,
78.8520,0,0,0,0,0.0000,0.0000,0.0000,-835.0377,1005.1527,1.2277,,,,,,,
78.8621,0,0,0,0,0.0000,0.0000,0.0000,-835.0377,1005.1527,1.2277,,,,,,,
78.8721,0,0,0,0,0.0000,0.0000,0.0000,-835.0377,1005.1527,1.2277,,,,,,,
78.8822,0,0,0,0,0.0000,0.0000,0.0000,-835.0377,1005.1527,1.2277,,,,,,,
78.8923,0,0,0,0,0.0000,0.0000,0.0000,-835.0377,1005.1527,1.2277,,,,,,,
78.9024,0,0,0,0,0.0000,0.0000,0.0000,-835.0377,1005.1527,1.2277,,,,,,,
78.9103,,,,,,,,,,,-574.1664,1281.0071,0.7718,-0.1432,0.2102,-0.0005,1
78.9124,0,0,0,0,0.0000,0.0000,0.0000,-835.0377,1005.1527,1.2277,,,,,,,
78.9225,0,0,0,0,0.0000,0.0000,0.0000,-835.0377,1005.1527,1.2277,,,,,,,
78.9326,0,0,0,0,0.0000,0.0000,0.0000,-835.0377,1005.1527,1.2277,,,,,,,
78.9427,0,0,0,0,0.0000,0.0000,0.0000,-835.0377,1005.1527,1.2277,,,,,,,
78.9527,0,0,0,0,0.0000,0.0000,0.0000,-835.0377,1005.1527,1.2277,,,,,,,
78.9628,0,0,0,0,0.0000,0.0000,0.0000,-835.0377,1005.1527,1.2277,,,,,,,
78.9729,0,0,0,0,0.0000,0.0000,0.0000,-835.0377,1005.1527,1.2277,,,,,,,
78.9830,0,0,0,0,0.0000,0.0000,0.0000,-835.0377,1005.1527,1.2277,,,,,,,
78.9930,0,0,0,0,0.0000,0.0000,0.0000,-835.0377,1005.1527,1.2277,,,,,,,
79.0031,0,0,0,0,0.0000,0.0000,0.0000,-835.0377,1005.1527,1.2277,,,,,,,
79.0133,0,0,0,0,0.0000,0.0000,0.0000,-835.0377,1005.1527,1.2277,,,,,,,
79.0233,0,0,0,0,0.0000,0.0000,0.0000,-835.0377,1005.1527,1.2277,,,,,,,
79.0334,0,0,0,0,0.0000,0.0000,0.0000,-835.0377,1005.1527,1.2277,,,,,,,
79.0435,0,0,0,0,0.0000,0.0000,0.0000,-835.0377,1005.1527,1.2277,,,,,,,
79.0536,0,0,0,0,0.0000,0.0000,0.0000,-835.0377,1005.1527,1.2277,,,,,,,
79.0578,,,,,,,,,,,-574.3829,1281.5011,0.7713,0.1893,0.5050,-0.0004,1
79.0636,0,0,0,0,0.0000,0.0000,0.0000,-835.0377,1005.1527,1.2277,,,,,,,
79.0737,0,0,0,0,0.0000,0.0000,0.0000,-835.0377,1005.1527,1.2277,,,,,,,
79.0838,0,0,0,0,0.0000,0.0000,0.0000,-835.0377,1005.1527,1.2277,,,,,,,
79.0939,0,0,0,0,0.0000,0.0000,0.0000,-835.0377,1005.1527,1.2277,,,,,,,
79.1039,0,0,0,0,0.0000,0.0000,0.0000,-835.0377,1005.1527,1.2277,,,,,,,
79.1140,0,0,0,0,0.0000,0.0000,0.0000,-835.0377,1005.1527,1.2277,,,,,,,
79.1241,0,0,0,0,0.0000,0.0000,0.0000,-835.0377,1005.1527,1.2277,,,,,,,
79.1341,0,0,0,0,0.0000,0.0000,0.0000,-835.0377,1005.1527,1.2277,,,,,,,
79.1442,0,0,0,0,0.0000,0.0000,0.0000,-835.0377,1005.1527,1.2277,,,,,,,
79.1543,0,0,0,0,0.0000,0.0000,0.0000,-835.0377,1005.1527,1.2277,,,,,,,
79.1644,0,0,0,0,0.0000,0.0000,0.0000,-835.0377,1005.1527,1.2277,,,,,,,
79.1744,0,0,0,0,0.0000,0.0000,0.0000,-835.0377,1005.1527,1.2277,,,,,,,
79.1845,0,0,0,0,0.0000,0.0000,0.0000,-835.0377,1005.1527,1.2277,,,,,,,
79.1936,,,,,,,,,,,-574.5669,1281.1403,0.7723,-0.3834,-0.1304,0.0010,1
79.1946,0,0,0,0,0.0000,0.0000,0.0000,-835.0377,1005.1527,1.2277,,,,,,,
79.2047,0,0,0,0,0.0000,0.0000,0.0000,-835.0377,1005.1527,1.2277,,,,,,,
79.2147,0,0,0,0,0.0000,0.0000,0.0000,-835.0377,1005.1527,1.2277,,,,,,,
79.2248,0,0,0,0,0.0000,0.0000,0.0000,-835.0377,1005.1527,1.2277,,,,,,,
79.2349,0,0,0,0,0.0000,0.0000,0.0000,-835.0377,1005.1527,1.2277,,,,,,,
79.2450,0,0,0,0,0.0000,0.0000,0.0000,-835.0377,1005.1527,1.2277,,,,,,,
79.2550,0,0,0,0,0.0000,0.0000,0.0000,-835.0377,1005.1527,1.2277,,,,,,,
79.2651,0,0,0,0,0.0000,0.0000,0.0000,-835.0377,1005.1527,1.2277,,,,,,,
79.2752,0,0,0,0,0.0000,0.0000,0.0000,-835.0377,1005.1527,1.2277,,,,,,,
79.2853,0,0,0,0,0.0000,0.0000,0.0000,-835.0377,1005.1527,1.2277,,,,,,,
79.2953,0,0,0,0,0.0000,0.0000,0.0000,-835.0377,1005.1527,1.2277,,,,,,,
79.3054,0,0,0,0,0.0000,0.0000,0.0000,-835.0377,1005.1527,1.2277,,,,,,,
79.3155,0,0,0,0,0.0000,0.0000,0.0000,-835.0377,1005.1527,1.2277,,,,,,,
79.3256,0,0,0,0,0.0000,0.0000,0.0000,-835.0377,1005.1527,1.2277,,,,,,,
79.3292,,,,,,,,,,,-574.9836,1281.3815,0.7714,-0.1302,0.4635,-0.0009,1
79.3356,0,0,0,0,0.0000,0.0000,0.0000,-835.0377,1005.1527,1.2277,,,,,,,
79.3457,0,0,0,0,0.0000,0.0000,0.0000,-835.0377,1005.1527,1.2277,,,,,,,
79.3558,0,0,0,0,0.0000,0.0000,0.0000,-835.0377,1005.1527,1.2277,,,,,,,
79.3658,0,0,0,0,0.0000,0.0000,0.0000,-835.0377,1005.1527,1.2277,,,,,,,
79.3759,0,0,0,0,0.0000,0.0000,0.0000,-835.0377,1005.1527,1.2277,,,,,,,
79.3860,0,0,0,0,0.0000,0.0000,0.0000,-835.0377,1005.1527,1.2277,,,,,,,
79.3961,0,0,0,0,0.0000,0.0000,0.0000,-835.0377,1005.1527,1.2277,,,,,,,
79.4061,0,0,0,0,0.0000,0.0000,0.0000,-835.0377,1005.1527,1.2277,,,,,,,
79.4162,0,0,0,0,0.0000,0.0000,0.0000,-835.0377,1005.1527,1.2277,,,,,,,
79.4263,0,0,0,0,0.0000,0.0000,0.0000,-835.0377,1005.1527,1.2277,,,,,,,
79.4364,0,0,0,0,0.0000,0.0000,0.0000,-835.0377,1005.1527,1.2277,,,,,,,
79.4464,0,0,0,0,0.0000,0.0000,0.0000,-835.0377,1005.1527,1.2277,,,,,,,
79.4565,0,0,0,0,0.0000,0.0000,0.0000,-835.0377,1005.1527,1.2277,,,,,,,
79.4666,0,0,0,0,0.0000,0.0000,0.0000,-835.0377,1005.1527,1.2277,,,,,,,
79.4748,,,,,,,,,,,-574.9909,1281.5414,0.7711,0.1062,0.1198,-0.0003,1
79.4767,0,0,0,0,0.0000,0.0000,0.0000,-835.0377,1005.1527,1.2277,,,,,,,
79.4867,0,0,0,0,0.0000,0.0000,0.0000,-835.0377,1005.1527,1.2277,,,,,,,
79.4968,0,0,0,0,0.0000,0.0000,0.0000,-835.0377,1005.1527,1.2277,,,,,,,
79.5069,0,0,0,0,0.0000,0.0000,0.0000,-835.0377,1005.1527,1.2277,,,,,,,
79.5170,0,0,0,0,0.0000,0.0000,0.0000,-835.0377,1005.1527,1.2277,,,,,,,
79.5270,0,0,0,0,0.0000,0.0000,0.0000,-835.0377,1005.1527,1.2277,,,,,,,
79.5371,0,0,0,0,0.0000,0.0000,0.0000,-835.0377,1005.1527,1.2277,,,,,,,
79.5472,0,0,0,0,0.0000,0.0000,0.0000,-835.0377,1005.1527,1.2277,,,,,,,
79.5572,0,0,0,0,0.0000,0.0000,0.0000,-835.0377,1005.1527,1.2277,,,,,,,
79.5673,0,0,0,0,0.0000,0.0000,0.0000,-835.0377,1005.1527,1.2277,,,,,,,
79.5774,0,0,0,0,0.0000,0.0000,0.0000,-835.0377,1005.1527,1.2277,,,,,,,
79.5875,0,0,0,0,0.0000,0.0000,0.0000,-835.0377,1005.1527,1.2277,,,,,,,
79.5975,0,0,0,0,0.0000,0.0000,0.0000,-835.0377,1005.1527,1.2277,,,,,,,
79.6076,0,0,0,0,0.0000,0.0000,0.0000,-835.0377,1005.1527,1.2277,,,,,,,
79.6102,,,,,,,,,,,-574.5363,1281.2684,0.7715,0.1357,-0.5126,0.0003,1
79.6177,0,0,0,0,0.0000,0.0000,0.0000,-835.0377,1005.1527,1.2277,,,,,,,
79.6278,0,0,0,0,0.0000,0.0000,0.0000,-835.0377,1005.1527,1.2277,,,,,,,
79.6378,0,0,0,0,0.0000,0.0000,0.0000,-835.0377,1005.1527,1.2277,,,,,,,
79.6479,0,0,0,0,0.0000,0.0000,0.0000,-835.0377,1005.1527,1.2277,,,,,,,
79.6580,0,0,0,0,0.0000,0.0000,0.0000,-835.0377,1005.1527,1.2277,,,,,,,
79.6680,0,0,0,0,0.0000,0.0000,0.0000,-835.0377,1005.1527,1.2277,,,,,,,
79.6781,0,0,0,0,0.0000,0.0000,0.0000,-835.0377,1005.1527,1.2277,,,,,,,
79.6882,0,0,0,0,0.0000,0.0000,0.0000,-835.0377,1005.1527,1.2277,,,,,,,
79.6983,0,0,0,0,0.0000,0.0000,0.0000,-835.0377,1005.1527,1.2277,,,,,,,
79.7083,0,0,0,0,0.0000,0.0000,0.0000,-835.0377,1005.1527,1.2277,,,,,,,
79.7184,0,0,0,0,0.0000,0.0000,0.0000,-835.0377,1005.1527,1.2277,,,,,,,
79.7285,0,0,0,0,0.0000,0.0000,0.0000,-835.0377,1005.1527,1.2277,,,,,,,
79.7386,0,0,0,0,0.0000,0.0000,0.0000,-835.0377,1005.1527,1.2277,,,,,,,
79.7486,0,0,0,0,0.0000,0.0000,0.0000,-835.0377,1005.1527,1.2277,,,,,,,
79.7587,0,0,0,0,0.0000,0.0000,0.0000,-835.0377,1005.1527,1.2277,,,,,,,
79.7591,,,,,,,,,,,-574.8772,1281.2862,0.7722,-0.2319,0.2505,0.0007,1
79.7688,0,0,0,0,0.0000,0.0000,0.0000,-835.0377,1005.1527,1.2277,,,,,,,
79.7789,0,0,0,0,0.0000,0.0000,0.0000,-835.0377,1005.1527,1.2277,,,,,,,
79.7889,0,0,0,0,0.0000,0.0000,0.0000,-835.0377,1005.1527,1.2277,,,,,,,
79.7990,0,0,0,0,0.0000,0.0000,0.0000,-835.0377,1005.1527,1.2277,,,,,,,
79.8091,0,0,0,0,0.0000,0.0000,0.0000,-835.0377,1005.1527,1.2277,,,,,,,
79.8191,0,0,0,0,0.0000,0.0000,0.0000,-835.0377,1005.1527,1.2277,,,,,,,
79.8292,0,0,0,0,0.0000,0.0000,0.0000,-835.0377,1005.1527,1.2277,,,,,,,
79.8393,0,0,0,0,0.0000,0.0000,0.0000,-835.0377,1005.1527,1.2277,,,,,,,
79.8494,0,0,0,0,0.0000,0.0000,0.0000,-835.0377,1005.1527,1.2277,,,,,,,
79.8594,0,0,0,0,0.0000,0.0000,0.0000,-835.0377,1005.1527,1.2277,,,,,,,
79.8695,0,0,0,0,0.0000,0.0000,0.0000,-835.0377,1005.1527,1.2277,,,,,,,
79.8796,0,0,0,0,0.0000,0.0000,0.0000,-835.0377,1005.1527,1.2277,,,,,,,
79.8897,0,0,0,0,0.0000,0.0000,0.0000,-835.0377,1005.1527,1.2277,,,,,,,
79.8926,,,,,,,,,,,-574.6913,1280.9306,0.7728,-0.1150,-0.3845,0.0005,1
79.8997,0,0,0,0,0.0000,0.0000,0.0000,-835.0377,1005.1527,1.2277,,,,,,,
79.9098,0,0,0,0,0.0000,0.0000,0.0000,-835.0377,1005.1527,1.2277,,,,,,,
79.9199,0,0,0,0,0.0000,0.0000,0.0000,-835.0377,1005.1527,1.2277,,,,,,,
79.9300,0,0,0,0,0.0000,0.0000,0.0000,-835.0377,1005.1527,1.2277,,,,,,,
79.9400,0,0,0,0,0.0000,0.0000,0.0000,-835.0377,1005.1527,1.2277,,,,,,,
79.9501,0,0,0,0,0.0000,0.0000,0.0000,-835.0377,1005.1527,1.2277,,,,,,,
79.9602,0,0,0,0,0.0000,0.0000,0.0000,-835.0377,1005.1527,1.2277,,,,,,,
79.9702,0,0,0,0,0.0000,0.0000,0.0000,-835.0377,1005.1527,1.2277,,,,,,,
79.9803,0,0,0,0,0.0000,0.0000,0.0000,-835.0377,1005.1527,1.2277,,,,,,,
79.9904,0,0,0,0,0.0000,0.0000,0.0000,-835.0377,1005.1527,1.2277,,,,,,,
80.0005,0,0,0,0,0.0000,0.0000,0.0000,-835.0377,1005.1527,1.2277,,,,,,,
80.0106,0,0,0,0,0.0000,0.0000,0.0000,-835.0377,1005.1527,1.2277,,,,,,,
80.0207,0,0,0,0,0.0000,0.0000,0.0000,-835.0377,1005.1527,1.2277,,,,,,,
80.0274,,,,,,,,,,,-574.4460,1280.8922,0.7729,0.1489,-0.1987,0.0001,1
80.0307,0,0,0,0,0.0000,0.0000,0.0000,-835.0377,1005.1527,1.2277,,,,,,,
80.0408,0,0,0,0,0.0000,0.0000,0.0000,-835.0377,1005.1527,1.2277,,,,,,,
80.0509,0,0,0,0,0.0000,0.0000,0.0000,-835.0377,1005.1527,1.2277,,,,,,,
80.0610,0,0,0,0,0.0000,0.0000,0.0000,-835.0377,1005.1527,1.2277,,,,,,,
80.0710,0,0,0,0,0.0000,0.0000,0.0000,-835.0377,1005.1527,1.2277,,,,,,,
80.0811,0,0,0,0,0.0000,0.0000,0.0000,-835.0377,1005.1527,1.2277,,,,,,,
80.0912,0,0,0,0,0.0000,0.0000,0.0000,-835.0377,1005.1527,1.2277,,,,,,,
80.1013,0,0,0,0,0.0000,0.0000,0.0000,-835.0377,1005.1527,1.2277,,,,,,,
80.1113,0,0,0,0,0.0000,0.0000,0.0000,-835.0377,1005.1527,1.2277,,,,,,,
80.1214,0,0,0,0,0.0000,0.0000,0.0000,-835.0377,1005.1527,1.2277,,,,,,,
80.1315,0,0,0,0,0.0000,0.0000,0.0000,-835.0377,1005.1527,1.2277,,,,,,,
80.1416,0,0,0,0,0.0000,0.0000,0.0000,-835.0377,1005.1527,1.2277,,,,,,,
80.1516,0,0,0,0,0.0000,0.0000,0.0000,-835.0377,1005.1527,1.2277,,,,,,,
80.1617,0,0,0,0,0.0000,0.0000,0.0000,-835.0377,1005.1527,1.2277,,,,,,,
80.1718,0,0,0,0,0.0000,0.0000,0.0000,-835.0377,1005.1527,1.2277,,,,,,,
80.1772,,,,,,,,,,,-575.1064,1280.1195,0.7737,-1.0123,-0.0921,0.0009,1
80.1819,0,0,0,0,0.0000,0.0000,0.0000,-835.0377,1005.1527,1.2277,,,,,,,
80.1919,0,0,0,0,0.0000,0.0000,0.0000,-835.0377,1005.1527,1.2277,,,,,,,
80.2020,0,0,0,0,0.0000,0.0000,0.0000,-835.0377,1005.1527,1.2277,,,,,,,
80.2121,0,0,0,0,0.0000,0.0000,0.0000,-835.0377,1005.1527,1.2277,,,,,,,
80.2221,0,0,0,0,0.0000,0.0000,0.0000,-835.0377,1005.1527,1.2277,,,,,,,
80.2322,0,0,0,0,0.0000,0.0000,0.0000,-835.0377,1005.1527,1.2277,,,,,,,
80.2423,0,0,0,0,0.0000,0.0000,0.0000,-835.0377,1005.1527,1.2277,,,,,,,
80.2525,0,0,0,0,0.0000,0.0000,0.0000,-835.0377,1005.1527,1.2277,,,,,,,
80.2625,0,0,0,0,0.0000,0.0000,0.0000,-835.0377,1005.1527,1.2277,,,,,,,
80.2726,0,0,0,0,0.0000,0.0000,0.0000,-835.0377,1005.1527,1.2277,,,,,,,
80.2827,0,0,0,0,0.0000,0.0000,0.0000,-835.0377,1005.1527,1.2277,,,,,,,
80.2928,0,0,0,0,0.0000,0.0000,0.0000,-835.0377,1005.1527,1.2277,,,,,,,
80.3028,0,0,0,0,0.0000,0.0000,0.0000,-835.0377,1005.1527,1.2277,,,,,,,
80.3101,,,,,,,,,,,-574.6025,1280.4401,0.7734,0.5845,-0.1227,-0.0003,1
80.3129,0,0,0,0,0.0000,0.0000,0.0000,-835.0377,1005.1527,1.2277,,,,,,,
80.3230,0,0,0,0,0.0000,0.0000,0.0000,-835.0377,1005.1527,1.2277,,,,,,,
80.3330,0,0,0,0,0.0000,0.0000,0.0000,-835.0377,1005.1527,1.2277,,,,,,,
80.3431,0,0,0,0,0.0000,0.0000,0.0000,-835.0377,1005.1527,1.2277,,,,,,,
80.3532,0,0,0,0,0.0000,0.0000,0.0000,-835.0377,1005.1527,1.2277,,,,,,,
80.3633,0,0,0,0,0.0000,0.0000,0.0000,-835.0377,1005.1527,1.2277,,,,,,,
80.3733,0,0,0,0,0.0000,0.0000,0.0000,-835.0377,1005.1527,1.2277,,,,,,,
80.3834,0,0,0,0,0.0000,0.0000,0.0000,-835.0377,1005.1527,1.2277,,,,,,,
80.3935,0,0,0,0,0.0000,0.0000,0.0000,-835.0377,1005.1527,1.2277,,,,,,,
80.4036,0,0,0,0,0.0000,0.0000,0.0000,-835.0377,1005.1527,1.2277,,,,,,,
80.4136,0,0,0,0,0.0000,0.0000,0.0000,-835.0377,1005.1527,1.2277,,,,,,,
80.4237,0,0,0,0,0.0000,0.0000,0.0000,-835.0377,1005.1527,1.2277,,,,,,,
80.4338,0,0,0,0,0.0000,0.0000,0.0000,-835.0377,1005.1527,1.2277,,,,,,,
80.4439,0,0,0,0,0.0000,0.0000,0.0000,-835.0377,1005.1527,1.2277,,,,,,,
80.4539,0,0,0,0,0.0000,0.0000,0.0000,-835.0377,1005.1527,1.2277,,,,,,,
80.4576,,,,,,,,,,,-574.8097,1280.7841,0.7732,0.0921,0.3908,-0.0002,1
80.4640,0,0,0,0,0.0000,0.0000,0.0000,-835.0377,1005.1527,1.2277,,,,,,,
80.4741,0,0,0,0,0.0000,0.0000,0.0000,-835.0377,1005.1527,1.2277,,,,,,,
80.4842,0,0,0,0,0.0000,0.0000,0.0000,-835.0377,1005.1527,1.2277,,,,,,,
80.4942,0,0,0,0,0.0000,0.0000,0.0000,-835.0377,1005.1527,1.2277,,,,,,,
80.5043,0,0,0,0,0.0000,0.0000,0.0000,-835.0377,1005.1527,1.2277,,,,,,,
80.5144,0,0,0,0,0.0000,0.0000,0.0000,-835.0377,1005.1527,1.2277,,,,,,,
80.5244,0,0,0,0,0.0000,0.0000,0.0000,-835.0377,1005.1527,1.2277,,,,,,,
80.5345,0,0,0,0,0.0000,0.0000,0.0000,-835.0377,1005.1527,1.2277,,,,,,,
80.5446,0,0,0,0,0.0000,0.0000,0.0000,-835.0377,1005.1527,1.2277,,,,,,,
80.5547,0,0,0,0,0.0000,0.0000,0.0000,-835.0377,1005.1527,1.2277,,,,,,,
80.5647,0,0,0,0,0.0000,0.0000,0.0000,-835.0377,1005.1527,1.2277,,,,,,,
80.5748,0,0,0,0,0.0000,0.0000,0.0000,-835.0377,1005.1527,1.2277,,,,,,,
80.5849,0,0,0,0,0.0000,0.0000,0.0000,-835.0377,1005.1527,1.2277,,,,,,,
80.5924,,,,,,,,,,,-574.0380,1280.8501,0.7728,0.5983,-0.4918,-0.0004,1
80.5950,0,0,0,0,0.0000,0.0000,0.0000,-835.0377,1005.1527,1.2277,,,,,,,
80.6050,0,0,0,0,0.0000,0.0000,0.0000,-835.0377,1005.1527,1.2277,,,,,,,
80.6151,0,0,0,0,0.0000,0.0000,0.0000,-835.0377,1005.1527,1.2277,,,,,,,
80.6252,0,0,0,0,0.0000,0.0000,0.0000,-835.0377,1005.1527,1.2277,,,,,,,
80.6352,0,0,0,0,0.0000,0.0000,0.0000,-835.0377,1005.1527,1.2277,,,,,,,
80.6453,0,0,0,0,0.0000,0.0000,0.0000,-835.0377,1005.1527,1.2277,,,,,,,
80.6554,0,0,0,0,0.0000,0.0000,0.0000,-835.0377,1005.1527,1.2277,,,,,,,
80.6655,0,0,0,0,0.0000,0.0000,0.0000,-835.0377,1005.1527,1.2277,,,,,,,
80.6755,0,0,0,0,0.0000,0.0000,0.0000,-835.0377,1005.1527,1.2277,,,,,,,
80.6856,0,0,0,0,0.0000,0.0000,0.0000,-835.0377,1005.1527,1.2277,,,,,,,
80.6957,0,0,0,0,0.0000,0.0000,0.0000,-835.0377,1005.1527,1.2277,,,,,,,
80.7058,0,0,0,0,0.0000,0.0000,0.0000,-835.0377,1005.1527,1.2277,,,,,,,
80.7158,0,0,0,0,0.0000,0.0000,0.0000,-835.0377,1005.1527,1.2277,,,,,,,
80.7259,0,0,0,0,0.0000,0.0000,0.0000,-835.0377,1005.1527,1.2277,,,,,,,
80.7360,0,0,0,0,0.0000,0.0000,0.0000,-835.0377,1005.1527,1.2277,,,,,,,
80.7417,,,,,,,,,,,-575.2172,1281.4358,0.7723,-0.4353,1.2426,-0.0005,1
80.7460,0,0,0,0,0.0000,0.0000,0.0000,-835.0377,1005.1527,1.2277,,,,,,,
80.7561,0,0,0,0,0.0000,0.0000,0.0000,-835.0377,1005.1527,1.2277,,,,,,,
80.7662,0,0,0,0,0.0000,0.0000,0.0000,-835.0377,1005.1527,1.2277,,,,,,,
80.7763,0,0,0,0,0.0000,0.0000,0.0000,-835.0377,1005.1527,1.2277,,,,,,,
80.7863,0,0,0,0,0.0000,0.0000,0.0000,-835.0377,1005.1527,1.2277,,,,,,,
80.7964,0,0,0,0,0.0000,0.0000,0.0000,-835.0377,1005.1527,1.2277,,,,,,,
80.8065,0,0,0,0,0.0000,0.0000,0.0000,-835.0377,1005.1527,1.2277,,,,,,,
80.8166,0,0,0,0,0.0000,0.0000,0.0000,-835.0377,1005.1527,1.2277,,,,,,,
80.8266,0,0,0,0,0.0000,0.0000,0.0000,-835.0377,1005.1527,1.2277,,,,,,,
80.8367,0,0,0,0,0.0000,0.0000,0.0000,-835.0377,1005.1527,1.2277,,,,,,,
80.8468,0,0,0,0,0.0000,0.0000,0.0000,-835.0377,1005.1527,1.2277,,,,,,,
80.8569,0,0,0,0,0.0000,0.0000,0.0000,-835.0377,1005.1527,1.2277,,,,,,,
80.8669,0,0,0,0,0.0000,0.0000,0.0000,-835.0377,1005.1527,1.2277,,,,,,,
80.8753,,,,,,,,,,,-574.4834,1281.5283,0.7723,0.5902,-0.4458,-0.0001,1
80.8770,0,0,0,0,0.0000,0.0000,0.0000,-835.0377,1005.1527,1.2277,,,,,,,
80.8871,0,0,0,0,0.0000,0.0000,0.0000,-835.0377,1005.1527,1.2277,,,,,,,
80.8972,0,0,0,0,0.0000,0.0000,0.0000,-835.0377,1005.1527,1.2277,,,,,,,
80.9072,0,0,0,0,0.0000,0.0000,0.0000,-835.0377,1005.1527,1.2277,,,,,,,
80.9173,0,0,0,0,0.0000,0.0000,0.0000,-835.0377,1005.1527,1.2277,,,,,,,
80.9274,0,0,0,0,0.0000,0.0000,0.0000,-835.0377,1005.1527,1.2277,,,,,,,
80.9375,0,0,0,0,0.0000,0.0000,0.0000,-835.0377,1005.1527,1.2277,,,,,,,
80.9475,0,0,0,0,0.0000,0.0000,0.0000,-835.0377,1005.1527,1.2277,,,,,,,
80.9576,0,0,0,0,0.0000,0.0000,0.0000,-835.0377,1005.1527,1.2277,,,,,,,
80.9677,0,0,0,0,0.0000,0.0000,0.0000,-835.0377,1005.1527,1.2277,,,,,,,
80.9778,0,0,0,0,0.0000,0.0000,0.0000,-835.0377,1005.1527,1.2277,,,,,,,
80.9878,0,0,0,0,0.0000,0.0000,0.0000,-835.0377,1005.1527,1.2277,,,,,,,
80.9979,0,0,0,0,0.0000,0.0000,0.0000,-835.0377,1005.1527,1.2277,,,,,,,
81.0080,0,0,0,0,0.0000,0.0000,0.0000,-835.0377,1005.1527,1.2277,,,,,,,
81.0111,,,,,,,,,,,-574.4786,1281.5367,0.7718,0.0093,0.0027,-0.0004,1
81.0181,0,0,0,0,0.0000,0.0000,0.0000,-835.0377,1005.1527,1.2277,,,,,,,
81.0282,0,0,0,0,0.0000,0.0000,0.0000,-835.0377,1005.1527,1.2277,,,,,,,
81.0383,0,0,0,0,0.0000,0.0000,0.0000,-835.0377,1005.1527,1.2277,,,,,,,
81.0484,0,0,0,0,0.0000,0.0000,0.0000,-835.0377,1005.1527,1.2277,,,,,,,
81.0584,0,0,0,0,0.0000,0.0000,0.0000,-835.0377,1005.1527,1.2277,,,,,,,
81.0685,0,0,0,0,0.0000,0.0000,0.0000,-835.0377,1005.1527,1.2277,,,,,,,
81.0786,0,0,0,0,0.0000,0.0000,0.0000,-835.0377,1005.1527,1.2277,,,,,,,
81.0887,0,0,0,0,0.0000,0.0000,0.0000,-835.0377,1005.1527,1.2277,,,,,,,
81.0987,0,0,0,0,0.0000,0.0000,0.0000,-835.0377,1005.1527,1.2277,,,,,,,
81.1088,0,0,0,0,0.0000,0.0000,0.0000,-835.0377,1005.1527,1.2277,,,,,,,
81.1189,0,0,0,0,0.0000,0.0000,0.0000,-835.0377,1005.1527,1.2277,,,,,,,
81.1290,0,0,0,0,0.0000,0.0000,0.0000,-835.0377,1005.1527,1.2277,,,,,,,
81.1390,0,0,0,0,0.0000,0.0000,0.0000,-835.0377,1005.1527,1.2277,,,,,,,
81.1491,0,0,0,0,0.0000,0.0000,0.0000,-835.0377,1005.1527,1.2277,,,,,,,
81.1592,0,0,0,0,0.0000,0.0000,0.0000,-835.0377,1005.1527,1.2277,,,,,,,
81.1593,,,,,,,,,,,-574.1231,1281.6923,0.7712,0.3633,-0.1364,-0.0006,1
81.1693,0,0,0,0,0.0000,0.0000,0.0000,-835.0377,1005.1527,1.2277,,,,,,,
81.1793,0,0,0,0,0.0000,0.0000,0.0000,-835.0377,1005.1527,1.2277,,,,,,,
81.1894,0,0,0,0,0.0000,0.0000,0.0000,-835.0377,1005.1527,1.2277,,,,,,,
81.1995,0,0,0,0,0.0000,0.0000,0.0000,-835.0377,1005.1527,1.2277,,,,,,,
81.2096,0,0,0,0,0.0000,0.0000,0.0000,-835.0377,1005.1527,1.2277,,,,,,,
81.2196,0,0,0,0,0.0000,0.0000,0.0000,-835.0377,1005.1527,1.2277,,,,,,,
81.2297,0,0,0,0,0.0000,0.0000,0.0000,-835.0377,1005.1527,1.2277,,,,,,,
81.2398,0,0,0,0,0.0000,0.0000,0.0000,-835.0377,1005.1527,1.2277,,,,,,,
81.2499,0,0,0,0,0.0000,0.0000,0.0000,-835.0377,1005.1527,1.2277,,,,,,,
81.2599,0,0,0,0,0.0000,0.0000,0.0000,-835.0377,1005.1527,1.2277,,,,,,,
81.2700,0,0,0,0,0.0000,0.0000,0.0000,-835.0377,1005.1527,1.2277,,,,,,,
81.2801,0,0,0,0,0.0000,0.0000,0.0000,-835.0377,1005.1527,1.2277,,,,,,,
81.2902,0,0,0,0,0.0000,0.0000,0.0000,-835.0377,1005.1527,1.2277,,,,,,,
81.2928,,,,,,,,,,,-574.3465,1281.8583,0.7712,-0.0445,0.2747,-0.0000,1
81.3002,0,0,0,0,0.0000,0.0000,0.0000,-835.0377,1005.1527,1.2277,,,,,,,
81.3103,0,0,0,0,0.0000,0.0000,0.0000,-835.0377,1005.1527,1.2277,,,,,,,
81.3204,0,0,0,0,0.0000,0.0000,0.0000,-835.0377,1005.1527,1.2277,,,,,,,
81.3304,0,0,0,0,0.0000,0.0000,0.0000,-835.0377,1005.1527,1.2277,,,,,,,
81.3405,0,0,0,0,0.0000,0.0000,0.0000,-835.0377,1005.1527,1.2277,,,,,,,
81.3506,0,0,0,0,0.0000,0.0000,0.0000,-835.0377,1005.1527,1.2277,,,,,,,
81.3607,0,0,0,0,0.0000,0.0000,0.0000,-835.0377,1005.1527,1.2277,,,,,,,
81.3707,0,0,0,0,0.0000,0.0000,0.0000,-835.0377,1005.1527,1.2277,,,,,,,
81.3808,0,0,0,0,0.0000,0.0000,0.0000,-835.0377,1005.1527,1.2277,,,,,,,
81.3909,0,0,0,0,0.0000,0.0000,0.0000,-835.0377,1005.1527,1.2277,,,,,,,
81.4010,0,0,0,0,0.0000,0.0000,0.0000,-835.0377,1005.1527,1.2277,,,,,,,
81.4110,0,0,0,0,0.0000,0.0000,0.0000,-835.0377,1005.1527,1.2277,,,,,,,
81.4211,0,0,0,0,0.0000,0.0000,0.0000,-835.0377,1005.1527,1.2277,,,,,,,
81.4312,0,0,0,0,0.0000,0.0000,0.0000,-835.0377,1005.1527,1.2277,,,,,,,
81.4413,0,0,0,0,0.0000,0.0000,0.0000,-835.0377,1005.1527,1.2277,,,,,,,
81.4433,,,,,,,,,,,-574.9656,1281.0575,0.7726,-1.0021,-0.1427,0.0014,1
81.4513,0,0,0,0,0.0000,0.0000,0.0000,-835.0377,1005.1527,1.2277,,,,,,,
81.4614,0,0,0,0,0.0000,0.0000,0.0000,-835.0377,1005.1527,1.2277,,,,,,,
81.4715,0,0,0,0,0.0000,0.0000,0.0000,-835.0377,1005.1527,1.2277,,,,,,,
81.4816,0,0,0,0,0.0000,0.0000,0.0000,-835.0377,1005.1527,1.2277,,,,,,,
81.4916,0,0,0,0,0.0000,0.0000,0.0000,-835.0377,1005.1527,1.2277,,,,,,,
81.5017,0,0,0,0,0.0000,0.0000,0.0000,-835.0377,1005.1527,1.2277,,,,,,,
81.5118,0,0,0,0,0.0000,0.0000,0.0000,-835.0377,1005.1527,1.2277,,,,,,,
81.5218,0,0,0,0,0.0000,0.0000,0.0000,-835.0377,1005.1527,1.2277,,,,,,,
81.5319,0,0,0,0,0.0000,0.0000,0.0000,-835.0377,1005.1527,1.2277,,,,,,,
81.5420,0,0,0,0,0.0000,0.0000,0.0000,-835.0377,1005.1527,1.2277,,,,,,,
81.5521,0,0,0,0,0.0000,0.0000,0.0000,-835.0377,1005.1527,1.2277,,,,,,,
81.5621,0,0,0,0,0.0000,0.0000,0.0000,-835.0377,1005.1527,1.2277,,,,,,,
81.5722,0,0,0,0,0.0000,0.0000,0.0000,-835.0377,1005.1527,1.2277,,,,,,,
81.5767,,,,,,,,,,,-574.2591,1280.8695,0.7729,0.3747,-0.6278,0.0003,1
81.5823,0,0,0,0,0.0000,0.0000,0.0000,-835.0377,1005.1527,1.2277,,,,,,,
81.5924,0,0,0,0,0.0000,0.0000,0.0000,-835.0377,1005.1527,1.2277,,,,,,,
81.6024,0,0,0,0,0.0000,0.0000,0.0000,-835.0377,1005.1527,1.2277,,,,,,,
81.6125,0,0,0,0,0.0000,0.0000,0.0000,-835.0377,1005.1527,1.2277,,,,,,,
81.6226,0,0,0,0,0.0000,0.0000,0.0000,-835.0377,1005.1527,1.2277,,,,,,,
81.6326,0,0,0,0,0.0000,0.0000,0.0000,-835.0377,1005.1527,1.2277,,,,,,,
81.6427,0,0,0,0,0.0000,0.0000,0.0000,-835.0377,1005.1527,1.2277,,,,,,,
81.6528,0,0,0,0,0.0000,0.0000,0.0000,-835.0377,1005.1527,1.2277,,,,,,,
81.6629,0,0,0,0,0.0000,0.0000,0.0000,-835.0377,1005.1527,1.2277,,,,,,,
81.6729,0,0,0,0,0.0000,0.0000,0.0000,-835.0377,1005.1527,1.2277,,,,,,,
81.6830,0,0,0,0,0.0000,0.0000,0.0000,-835.0377,1005.1527,1.2277,,,,,,,
81.6931,0,0,0,0,0.0000,0.0000,0.0000,-835.0377,1005.1527,1.2277,,,,,,,
81.7032,0,0,0,0,0.0000,0.0000,0.0000,-835.0377,1005.1527,1.2277,,,,,,,
81.7132,0,0,0,0,0.0000,0.0000,0.0000,-835.0377,1005.1527,1.2277,,,,,,,
81.7221,,,,,,,,,,,-574.5622,1280.8804,0.7731,-0.2094,0.2194,0.0002,1
81.7233,0,0,0,0,0.0000,0.0000,0.0000,-835.0377,1005.1527,1.2277,,,,,,,
81.7334,0,0,0,0,0.0000,0.0000,0.0000,-835.0377,1005.1527,1.2277,,,,,,,
81.7434,0,0,0,0,0.0000,0.0000,0.0000,-835.0377,1005.1527,1.2277,,,,,,,
81.7535,0,0,0,0,0.0000,0.0000,0.0000,-835.0377,1005.1527,1.2277,,,,,,,
81.7636,0,0,0,0,0.0000,0.0000,0.0000,-835.0377,1005.1527,1.2277,,,,,,,
81.7737,0,0,0,0,0.0000,0.0000,0.0000,-835.0377,1005.1527,1.2277,,,,,,,
81.7837,0,0,0,0,0.0000,0.0000,0.0000,-835.0377,1005.1527,1.2277,,,,,,,
81.7938,0,0,0,0,0.0000,0.0000,0.0000,-835.0377,1005.1527,1.2277,,,,,,,
81.8039,0,0,0,0,0.0000,0.0000,0.0000,-835.0377,1005.1527,1.2277,,,,,,,
81.8139,0,0,0,0,0.0000,0.0000,0.0000,-835.0377,1005.1527,1.2277,,,,,,,
81.8240,0,0,0,0,0.0000,0.0000,0.0000,-835.0377,1005.1527,1.2277,,,,,,,
81.8341,0,0,0,0,0.0000,0.0000,0.0000,-835.0377,1005.1527,1.2277,,,,,,,
81.8442,0,0,0,0,0.0000,0.0000,0.0000,-835.0377,1005.1527,1.2277,,,,,,,
81.8542,0,0,0,0,0.0000,0.0000,0.0000,-835.0377,1005.1527,1.2277,,,,,,,
81.8578,,,,,,,,,,,-574.4537,1280.6226,0.7727,-0.1024,-0.2602,-0.0004,1
81.8643,0,0,0,0,0.0000,0.0000,0.0000,-835.0377,1005.1527,1.2277,,,,,,,
81.8744,0,0,0,0,0.0000,0.0000,0.0000,-835.0377,1005.1527,1.2277,,,,,,,
81.8845,0,0,0,0,0.0000,0.0000,0.0000,-835.0377,1005.1527,1.2277,,,,,,,
81.8945,0,0,0,0,0.0000,0.0000,0.0000,-835.0377,1005.1527,1.2277,,,,,,,
81.9046,0,0,0,0,0.0000,0.0000,0.0000,-835.0377,1005.1527,1.2277,,,,,,,
81.9147,0,0,0,0,0.0000,0.0000,0.0000,-835.0377,1005.1527,1.2277,,,,,,,
81.9248,0,0,0,0,0.0000,0.0000,0.0000,-835.0377,1005.1527,1.2277,,,,,,,
81.9348,0,0,0,0,0.0000,0.0000,0.0000,-835.0377,1005.1527,1.2277,,,,,,,
81.9449,0,0,0,0,0.0000,0.0000,0.0000,-835.0377,1005.1527,1.2277,,,,,,,
81.9550,0,0,0,0,0.0000,0.0000,0.0000,-835.0377,1005.1527,1.2277,,,,,,,
81.9651,0,0,0,0,0.0000,0.0000,0.0000,-835.0377,1005.1527,1.2277,,,,,,,
81.9751,0,0,0,0,0.0000,0.0000,0.0000,-835.0377,1005.1527,1.2277,,,,,,,
81.9852,0,0,0,0,0.0000,0.0000,0.0000,-835.0377,1005.1527,1.2277,,,,,,,
81.9926,,,,,,,,,,,-574.3448,1280.8198,0.7726,0.2156,0.0651,-0.0001,1
81.9953,0,0,0,0,0.0000,0.0000,0.0000,-835.0377,1005.1527,1.2277,,,,,,,
82.0054,0,0,0,0,0.0000,0.0000,0.0000,-835.0377,1005.1527,1.2277,,,,,,,
82.0155,0,0,0,0,0.0000,0.0000,0.0000,-835.0377,1005.1527,1.2277,,,,,,,
82.0256,0,0,0,0,0.0000,0.0000,0.0000,-835.0377,1005.1527,1.2277,,,,,,,
82.0356,0,0,0,0,0.0000,0.0000,0.0000,-835.0377,1005.1527,1.2277,,,,,,,
82.0457,0,0,0,0,0.0000,0.0000,0.0000,-835.0377,1005.1527,1.2277,,,,,,,
82.0558,0,0,0,0,0.0000,0.0000,0.0000,-835.0377,1005.1527,1.2277,,,,,,,
82.0659,0,0,0,0,0.0000,0.0000,0.0000,-835.0377,1005.1527,1.2277,,,,,,,
82.0759,0,0,0,0,0.0000,0.0000,0.0000,-835.0377,1005.1527,1.2277,,,,,,,
82.0860,0,0,0,0,0.0000,0.0000,0.0000,-835.0377,1005.1527,1.2277,,,,,,,
82.0961,0,0,0,0,0.0000,0.0000,0.0000,-835.0377,1005.1527,1.2277,,,,,,,
82.1062,0,0,0,0,0.0000,0.0000,0.0000,-835.0377,1005.1527,1.2277,,,,,,,
82.1162,0,0,0,0,0.0000,0.0000,0.0000,-835.0377,1005.1527,1.2277,,,,,,,
82.1263,0,0,0,0,0.0000,0.0000,0.0000,-835.0377,1005.1527,1.2277,,,,,,,
82.1364,0,0,0,0,0.0000,0.0000,0.0000,-835.0377,1005.1527,1.2277,,,,,,,
82.1407,,,,,,,,,,,-574.0782,1280.9926,0.7726,0.3115,-0.0623,-0.0000,1
82.1465,0,0,0,0,0.0000,0.0000,0.0000,-835.0377,1005.1527,1.2277,,,,,,,
82.1565,0,0,0,0,0.0000,0.0000,0.0000,-835.0377,1005.1527,1.2277,,,,,,,
82.1666,0,0,0,0,0.0000,0.0000,0.0000,-835.0377,1005.1527,1.2277,,,,,,,
82.1767,0,0,0,0,0.0000,0.0000,0.0000,-835.0377,1005.1527,1.2277,,,,,,,
82.1868,0,0,0,0,0.0000,0.0000,0.0000,-835.0377,1005.1527,1.2277,,,,,,,
82.1968,0,0,0,0,0.0000,0.0000,0.0000,-835.0377,1005.1527,1.2277,,,,,,,
82.2069,0,0,0,0,0.0000,0.0000,0.0000,-835.0377,1005.1527,1.2277,,,,,,,
82.2170,0,0,0,0,0.0000,0.0000,0.0000,-835.0377,1005.1527,1.2277,,,,,,,
82.2271,0,0,0,0,0.0000,0.0000,0.0000,-835.0377,1005.1527,1.2277,,,,,,,
82.2371,0,0,0,0,0.0000,0.0000,0.0000,-835.0377,1005.1527,1.2277,,,,,,,
82.2472,0,0,0,0,0.0000,0.0000,0.0000,-835.0377,1005.1527,1.2277,,,,,,,
82.2573,0,0,0,0,0.0000,0.0000,0.0000,-835.0377,1005.1527,1.2277,,,,,,,
82.2673,0,0,0,0,0.0000,0.0000,0.0000,-835.0377,1005.1527,1.2277,,,,,,,
82.2764,,,,,,,,,,,-574.0270,1280.8915,0.7721,-0.0338,-0.1082,-0.0004,1
82.2774,0,0,0,0,0.0000,0.0000,0.0000,-835.0377,1005.1527,1.2277,,,,,,,
82.2875,0,0,0,0,0.0000,0.0000,0.0000,-835.0377,1005.1527,1.2277,,,,,,,
82.2976,0,0,0,0,0.0000,0.0000,0.0000,-835.0377,1005.1527,1.2277,,,,,,,
82.3076,0,0,0,0,0.0000,0.0000,0.0000,-835.0377,1005.1527,1.2277,,,,,,,
82.3177,0,0,0,0,0.0000,0.0000,0.0000,-835.0377,1005.1527,1.2277,,,,,,,
82.3278,0,0,0,0,0.0000,0.0000,0.0000,-835.0377,1005.1527,1.2277,,,,,,,
82.3379,0,0,0,0,0.0000,0.0000,0.0000,-835.0377,1005.1527,1.2277,,,,,,,
82.3479,0,0,0,0,0.0000,0.0000,0.0000,-835.0377,1005.1527,1.2277,,,,,,,
82.3580,0,0,0,0,0.0000,0.0000,0.0000,-835.0377,1005.1527,1.2277,,,,,,,
82.3681,0,0,0,0,0.0000,0.0000,0.0000,-835.0377,1005.1527,1.2277,,,,,,,
82.3781,0,0,0,0,0.0000,0.0000,0.0000,-835.0377,1005.1527,1.2277,,,,,,,
